country,date,tests_cumulative,tests_cumulative_corrected,new_tests_corrected,pcr_tests_cum,rapid_test_cum,pcr_test_new,rapid_test_new,pcr_tests_cum_corrected,rapid_test_cum_corrected,pcr_test_new_corrected,rapid_test_new_corrected,all_pcr_test_cum,all_rapid_test_cum,all_new_tests,all_pcr_test_new,all_rapid_test_new,source,percentage_rapid_daily
Austria,2021-03-23,20846292,20846292,369807,6431566,14414726,49167,320640,6431566,14414726,49167,320640,6431566,14414726,NA,NA,NA,https://www.sozialministerium.at/Informationen-zum-Coronavirus/Neuartiges-Coronavirus-(2019-nCov).html,0.8670468649863307
Austria,2021-03-24,21147134,21147134,300842,6493316,14653818,61750,239092,6493316,14653818,61750,239092,6493316,14653818,NA,NA,NA,https://www.sozialministerium.at/Informationen-zum-Coronavirus/Neuartiges-Coronavirus-(2019-nCov).html,0.7947427553333644
Austria,2021-03-25,21565462,21565462,418328,6568554,14996908,75238,343090,6568554,14996908,75238,343090,6568554,14996908,NA,NA,NA,https://www.sozialministerium.at/Informationen-zum-Coronavirus/Neuartiges-Coronavirus-(2019-nCov).html,0.8201459142108585
Austria,2021-03-26,22051094,22051094,485632,6556772,15494322,-11782,497414,6655897,15395197,87343,398289,6655897,15395197,NA,NA,NA,https://www.sozialministerium.at/Informationen-zum-Coronavirus/Neuartiges-Coronavirus-(2019-nCov).html,0.8201459142108585
Austria,2021-03-27,22194436,22194436,143342,6333726,15860710,-223046,366388,6681678,15512758,25781,117561,6681678,15512758,NA,NA,NA,https://www.sozialministerium.at/Informationen-zum-Coronavirus/Neuartiges-Coronavirus-(2019-nCov).html,0.8201459142108585
Austria,2021-03-28,22455472,22455472,261036,6383732,16071740,50006,211030,6731684,15723788,50006,211030,6731684,15723788,NA,NA,NA,https://www.sozialministerium.at/Informationen-zum-Coronavirus/Neuartiges-Coronavirus-(2019-nCov).html,0.8084325533642869
Austria,2021-03-29,22610260,22610260,154788,6421765,16188495,38033,116755,6769717,15840543,38033,116755,6769717,15840543,304825,55331,249494,https://www.sozialministerium.at/Informationen-zum-Coronavirus/Neuartiges-Coronavirus-(2019-nCov).html,0.7542897382226013
Austria,2021-03-30,23093306,23093306,483046,6474269,16619037,52504,430542,6822221,16271085,52504,430542,6822221,16271085,321002,55808,265194,https://www.sozialministerium.at/Informationen-zum-Coronavirus/Neuartiges-Coronavirus-(2019-nCov).html,0.8913064180223002
Austria,2021-03-31,23451521,23451521,358215,6543059,16908462,68790,289425,6891011,16560510,68790,289425,6891011,16560510,329198,56814,272385,https://www.sozialministerium.at/Informationen-zum-Coronavirus/Neuartiges-Coronavirus-(2019-nCov).html,0.8079644905992212
Austria,2021-04-01,23805240,23805240,353719,6616140,17189100,73081,280638,6964092,16841148,73081,280638,6964092,16841148,319968,56505,263463,https://www.sozialministerium.at/Informationen-zum-Coronavirus/Neuartiges-Coronavirus-(2019-nCov).html,0.7933924951727218
Austria,2021-04-02,24086423,24086423,281183,6685800,17400623,69660,211523,7033752,17052671,69660,211523,7033752,17052671,290761,53979,236782,https://www.sozialministerium.at/Informationen-zum-Coronavirus/Neuartiges-Coronavirus-(2019-nCov).html,0.7522609830608536
Austria,2021-04-03,24402915,24402915,316492,6745518,17657397,59718,256774,7093470,17309445,59718,256774,7093470,17309445,315497,58827,256670,https://www.sozialministerium.at/Informationen-zum-Coronavirus/Neuartiges-Coronavirus-(2019-nCov).html,0.8113127661994616
Austria,2021-04-04,24647471,24647471,244556,6800940,17846531,55422,189134,7148892,17498579,55422,189134,7148892,17498579,313143,59601,253542,https://www.sozialministerium.at/Informationen-zum-Coronavirus/Neuartiges-Coronavirus-(2019-nCov).html,0.7733770588331507
Austria,2021-04-05,24779805,24779805,132334,6840428,17939377,39488,92846,7188380,17591425,39488,92846,7188380,17591425,309935,59809,250126,https://www.sozialministerium.at/Informationen-zum-Coronavirus/Neuartiges-Coronavirus-(2019-nCov).html,0.7016035183701845
Austria,2021-04-06,24999349,24999349,219544,6867638,18131711,27210,192334,7215590,17783759,27210,192334,7215590,17783759,272292,56196,216096,https://www.sozialministerium.at/Informationen-zum-Coronavirus/Neuartiges-Coronavirus-(2019-nCov).html,0.8760612906752178
Austria,2021-04-07,25515997,25515997,516648,6936131,18579866,68493,448155,7284083,18231914,68493,448155,7284083,18231914,294925,56153,238772,https://www.sozialministerium.at/Informationen-zum-Coronavirus/Neuartiges-Coronavirus-(2019-nCov).html,0.8674281135318437
Austria,2021-04-08,25868498,25868498,352501,7003627,18864871,67496,285005,7351579,18516919,67496,285005,7351579,18516919,294751,55355,239396,https://www.sozialministerium.at/Informationen-zum-Coronavirus/Neuartiges-Coronavirus-(2019-nCov).html,0.808522529014102
Austria,2021-04-09,26161838,26161838,293340,7080109,19081729,76482,216858,7428061,18733777,76482,216858,7428061,18733777,296488,56330,240158,https://www.sozialministerium.at/Informationen-zum-Coronavirus/Neuartiges-Coronavirus-(2019-nCov).html,0.7392718347310289
Austria,2021-04-10,26478234,26478234,316396,7151199,19327035,71090,245306,7499151,18979083,71090,245306,7499151,18979083,296474,57954,238520,https://www.sozialministerium.at/Informationen-zum-Coronavirus/Neuartiges-Coronavirus-(2019-nCov).html,0.7753132150848936
Austria,2021-04-11,26679075,26679075,200841,7193982,19485093,42783,158058,7541934,19137141,42783,158058,7541934,19137141,290229,56149,234080,https://www.sozialministerium.at/Informationen-zum-Coronavirus/Neuartiges-Coronavirus-(2019-nCov).html,0.7869807459632246
Austria,2021-04-12,26848583,26848583,169508,7232009,19616574,38027,131481,7579961,19268622,38027,131481,7579961,19268622,295540,55940,239600,https://www.sozialministerium.at/Informationen-zum-Coronavirus/Neuartiges-Coronavirus-(2019-nCov).html,0.7756625056044553
Austria,2021-04-13,27197861,27197861,349278,7300539,19897322,68530,280748,7648491,19549370,68530,280748,7648491,19549370,314073,61843,252230,https://www.sozialministerium.at/Informationen-zum-Coronavirus/Neuartiges-Coronavirus-(2019-nCov).html,0.8037952576457721
Austria,2021-04-14,27703138,27703138,505277,7374937,20328201,74398,430879,7722889,19980249,74398,430879,7722889,19980249,312449,62687,249762,https://www.sozialministerium.at/Informationen-zum-Coronavirus/Neuartiges-Coronavirus-(2019-nCov).html,0.85275799215084
Austria,2021-04-15,28012081,28012081,308943,7446224,20565857,71287,237656,7794176,20217905,71287,237656,7794176,20217905,306226,63228,242998,https://www.sozialministerium.at/Informationen-zum-Coronavirus/Neuartiges-Coronavirus-(2019-nCov).html,0.7692551700475492
Austria,2021-04-16,28298620,28298620,286539,7530102,20768518,83878,202661,7878054,20420566,83878,202661,7878054,20420566,305255,64285,240970,https://www.sozialministerium.at/Informationen-zum-Coronavirus/Neuartiges-Coronavirus-(2019-nCov).html,0.7072719594889352
Austria,2021-04-17,28298620,28298620,0,7530102,20768518,0,0,7878054,20420566,0,0,7878054,20420566,260055,54129,205926,https://www.sozialministerium.at/Informationen-zum-Coronavirus/Neuartiges-Coronavirus-(2019-nCov).html,0.7072719594889352
Austria,2021-04-18,28615969,28615969,317349,7650883,21173014,120781,404496,7951025,20664944,72971,244378,7951025,20664944,276699,58442,218258,https://www.sozialministerium.at/Informationen-zum-Coronavirus/Neuartiges-Coronavirus-(2019-nCov).html,0.770062271906061
Austria,2021-04-19,29014550,29014550,398581,7687817,21326733,36934,153719,8028240,20986310,77215,321366,8028240,20986310,309424,64040,245384,https://www.sozialministerium.at/Informationen-zum-Coronavirus/Neuartiges-Coronavirus-(2019-nCov).html,0.8062763240022449
Austria,2021-04-20,29335166,29335166,320616,7748621,21586545,60804,259812,8089044,21246122,60804,259812,8089044,21246122,305329,62936,242393,https://www.sozialministerium.at/Informationen-zum-Coronavirus/Neuartiges-Coronavirus-(2019-nCov).html,0.8103525713002471
Austria,2021-04-21,29597609,29597609,262443,7832919,21764690,84298,178145,8173342,21424267,84298,178145,8173342,21424267,270639,64350,206288,https://www.sozialministerium.at/Informationen-zum-Coronavirus/Neuartiges-Coronavirus-(2019-nCov).html,0.6787950145364898
Austria,2021-04-22,29905570,29905570,307961,7905428,22000142,72509,235452,8245851,21659719,72509,235452,8245851,21659719,270498,64525,205973,https://www.sozialministerium.at/Informationen-zum-Coronavirus/Neuartiges-Coronavirus-(2019-nCov).html,0.7645513555287845
Austria,2021-04-23,30186461,30186461,280891,7988411,22198050,82983,197908,8328834,21857627,82983,197908,8328834,21857627,269692,64397,205294,https://www.sozialministerium.at/Informationen-zum-Coronavirus/Neuartiges-Coronavirus-(2019-nCov).html,0.7045722362055032
Austria,2021-04-24,30489054,30489054,302593,8055172,22433882,66761,235832,8395595,22093459,66761,235832,8395595,22093459,312919,73934,238985,https://www.sozialministerium.at/Informationen-zum-Coronavirus/Neuartiges-Coronavirus-(2019-nCov).html,0.7793703092933412
Austria,2021-04-25,30688612,30688612,199558,8117301,22517311,62129,83429,8480773,22207839,85178,114380,8480773,22207839,296092,75678,220414,https://www.sozialministerium.at/Informationen-zum-Coronavirus/Neuartiges-Coronavirus-(2019-nCov).html,0.5731667101773863
Austria,2021-04-26,30836351,30836351,147739,8151042,22685309,33741,167998,8505482,22330869,24709,123030,8505482,22330869,260257,68177,192080,https://www.sozialministerium.at/Informationen-zum-Coronavirus/Neuartiges-Coronavirus-(2019-nCov).html,0.8327492453120121
Austria,2021-04-27,31263052,31263052,426701,8216127,23046925,65085,361616,8570567,22692485,65085,361616,8570567,22692485,275412,68789,206623,https://www.sozialministerium.at/Informationen-zum-Coronavirus/Neuartiges-Coronavirus-(2019-nCov).html,0.8474693052043468
Austria,2021-04-28,31317709,31317709,54657,8306460,23011249,90333,-35676,8578904,22738805,8337,46320,8578904,22738805,245729,57937,187791,https://www.sozialministerium.at/Informationen-zum-Coronavirus/Neuartiges-Coronavirus-(2019-nCov).html,0.8474693052043468
Austria,2021-04-29,31589724,31589724,272015,8361368,23228356,54908,217107,8633812,22955912,54908,217107,8633812,22955912,240593,55423,185170,https://www.sozialministerium.at/Informationen-zum-Coronavirus/Neuartiges-Coronavirus-(2019-nCov).html,0.7981434847342977
Austria,2021-04-30,31892904,31892904,303180,8470217,23422687,108849,194331,8742661,23150243,108849,194331,8742661,23150243,243778,59118,184659,https://www.sozialministerium.at/Informationen-zum-Coronavirus/Neuartiges-Coronavirus-(2019-nCov).html,0.6409756580249357
Austria,2021-05-01,32228406,32228406,335502,8537299,23691107,67082,268420,8809743,23418663,67082,268420,8809743,23418663,248479,59164,189315,https://www.sozialministerium.at/Informationen-zum-Coronavirus/Neuartiges-Coronavirus-(2019-nCov).html,0.8000548431902045
Austria,2021-05-02,32383974,32383974,155568,8577920,23806054,40621,114947,8850364,23533610,40621,114947,8850364,23533610,242195,52799,189396,https://www.sozialministerium.at/Informationen-zum-Coronavirus/Neuartiges-Coronavirus-(2019-nCov).html,0.7388858891288697
Austria,2021-05-03,32495877,32495877,111903,8595272,23900605,17352,94551,8867716,23628161,17352,94551,8867716,23628161,237075,51748,185327,https://www.sozialministerium.at/Informationen-zum-Coronavirus/Neuartiges-Coronavirus-(2019-nCov).html,0.8449371330527332
Austria,2021-05-04,32895293,32895293,399416,8680800,24214493,85528,313888,8953244,23942049,85528,313888,8953244,23942049,233177,54668,178509,https://www.sozialministerium.at/Informationen-zum-Coronavirus/Neuartiges-Coronavirus-(2019-nCov).html,0.7858673663548781
Austria,2021-05-05,33241683,33241683,346390,8777488,24464195,96688,249702,9049932,24191751,96688,249702,9049932,24191751,274853,67290,207564,https://www.sozialministerium.at/Informationen-zum-Coronavirus/Neuartiges-Coronavirus-(2019-nCov).html,0.7208695401137446
Austria,2021-05-06,33702259,33702259,460576,8863055,24839204,85567,375009,9135499,24566760,85567,375009,9135499,24566760,301791,71670,230121,https://www.sozialministerium.at/Informationen-zum-Coronavirus/Neuartiges-Coronavirus-(2019-nCov).html,0.8142174147154867
Austria,2021-05-07,33990188,33990188,287929,8948640,25041548,85585,202344,9221084,24769104,85585,202344,9221084,24769104,299612,68346,231266,https://www.sozialministerium.at/Informationen-zum-Coronavirus/Neuartiges-Coronavirus-(2019-nCov).html,0.7027565823518993
Austria,2021-05-08,34299962,34299962,309774,9018757,25281205,70117,239657,9291201,25008761,70117,239657,9291201,25008761,295937,68780,227157,https://www.sozialministerium.at/Informationen-zum-Coronavirus/Neuartiges-Coronavirus-(2019-nCov).html,0.773651113392344
Austria,2021-05-09,34504177,34504177,204215,9078393,25425784,59636,144579,9350837,25153340,59636,144579,9350837,25153340,302886,71496,231390,https://www.sozialministerium.at/Informationen-zum-Coronavirus/Neuartiges-Coronavirus-(2019-nCov).html,0.7079744387043068
Austria,2021-05-10,34639633,34639633,135456,9105572,25534061,27179,108277,9378016,25261617,27179,108277,9378016,25261617,306251,72900,233351,https://www.sozialministerium.at/Informationen-zum-Coronavirus/Neuartiges-Coronavirus-(2019-nCov).html,0.7993518190408694
Austria,2021-05-11,34639633,34639633,0,9105572,25534061,0,0,9378016,25261617,0,0,9378016,25261617,249191,60682,188510,https://www.sozialministerium.at/Informationen-zum-Coronavirus/Neuartiges-Coronavirus-(2019-nCov).html,0.7993518190408694
Austria,2021-05-12,34639633,34639633,0,9105572,25534061,0,0,9378016,25261617,0,0,9378016,25261617,199707,46869,152838,https://www.sozialministerium.at/Informationen-zum-Coronavirus/Neuartiges-Coronavirus-(2019-nCov).html,0.7993518190408694
Austria,2021-05-13,34639633,34639633,0,9105572,25534061,0,0,9378016,25261617,0,0,9378016,25261617,133911,34645,99265,https://www.sozialministerium.at/Informationen-zum-Coronavirus/Neuartiges-Coronavirus-(2019-nCov).html,0.7993518190408694
Austria,2021-05-14,34639633,34639633,0,9105572,25534061,0,0,9378016,25261617,0,0,9378016,25261617,92778,22419,70359,https://www.sozialministerium.at/Informationen-zum-Coronavirus/Neuartiges-Coronavirus-(2019-nCov).html,0.7993518190408694
Austria,2021-05-15,34639633,34639633,0,9105572,25534061,0,0,9378016,25261617,0,0,9378016,25261617,48524,12402,36122,https://www.sozialministerium.at/Informationen-zum-Coronavirus/Neuartiges-Coronavirus-(2019-nCov).html,0.7993518190408694
Austria,2021-05-16,36217595,36217595,1577962,9105572,25534061,0,0,9694631,26522964,316615,1261347,9694631,26522964,244774,49113,195661,https://www.sozialministerium.at/Informationen-zum-Coronavirus/Neuartiges-Coronavirus-(2019-nCov).html,0.7993518190408694
Austria,2021-05-17,36217595,36217595,0,9105572,25534061,0,0,9694631,26522964,0,0,9694631,26522964,225423,45231,180192,https://www.sozialministerium.at/Informationen-zum-Coronavirus/Neuartiges-Coronavirus-(2019-nCov).html,0.7993518190408694
Austria,2021-05-18,36531447,36531447,313852,9105572,25534061,0,0,9757605,26773842,62974,250878,9757605,26773842,270259,54227,216032,https://www.sozialministerium.at/Informationen-zum-Coronavirus/Neuartiges-Coronavirus-(2019-nCov).html,0.7993518190408694
Austria,2021-05-19,36531447,36531447,0,9105572,25534061,0,0,9757605,26773842,0,0,9757605,26773842,270259,54227,216032,https://www.sozialministerium.at/Informationen-zum-Coronavirus/Neuartiges-Coronavirus-(2019-nCov).html,0.7993518190408694
Austria,2021-05-20,37237382,37237382,705935,9105572,25534061,0,0,9899250,27338132,141645,564290,9899250,27338132,371107,74462,296645,https://www.sozialministerium.at/Informationen-zum-Coronavirus/Neuartiges-Coronavirus-(2019-nCov).html,0.7993518190408694
Austria,2021-05-21,37237382,37237382,0,9105572,25534061,0,0,9899250,27338132,0,0,9899250,27338132,371107,74462,296645,https://www.sozialministerium.at/Informationen-zum-Coronavirus/Neuartiges-Coronavirus-(2019-nCov).html,0.7993518190408694
Austria,2021-05-22,37237382,37237382,0,9105572,25534061,0,0,9899250,27338132,0,0,9899250,27338132,371107,74462,296645,https://www.sozialministerium.at/Informationen-zum-Coronavirus/Neuartiges-Coronavirus-(2019-nCov).html,0.7993518190408694
Austria,2021-05-23,37237382,37237382,0,9105572,25534061,0,0,9899250,27338132,0,0,9899250,27338132,145684,29231,116453,https://www.sozialministerium.at/Informationen-zum-Coronavirus/Neuartiges-Coronavirus-(2019-nCov).html,0.7993518190408694
Austria,2021-05-24,38877709,38877709,1640327,9105572,25534061,0,0,10228379,28649330,329129,1311198,10228379,28649330,380016,76250,303767,https://www.sozialministerium.at/Informationen-zum-Coronavirus/Neuartiges-Coronavirus-(2019-nCov).html,0.7993518190408694
Austria,2021-05-25,38877709,38877709,0,9105572,25534061,0,0,10228379,28649330,0,0,10228379,28649330,335180,67253,267927,https://www.sozialministerium.at/Informationen-zum-Coronavirus/Neuartiges-Coronavirus-(2019-nCov).html,0.7993518190408694
Austria,2021-05-26,39471518,39471518,593809,9105572,25534061,0,0,10347526,29123992,119147,474662,10347526,29123992,420010,84274,335736,https://www.sozialministerium.at/Informationen-zum-Coronavirus/Neuartiges-Coronavirus-(2019-nCov).html,0.7993518190408694
Austria,2021-05-27,39471518,39471518,0,9105572,25534061,0,0,10347526,29123992,0,0,10347526,29123992,319162,64039,255123,https://www.sozialministerium.at/Informationen-zum-Coronavirus/Neuartiges-Coronavirus-(2019-nCov).html,0.7993518190408694
Austria,2021-05-28,39471518,39471518,0,9105572,25534061,0,0,10347526,29123992,0,0,10347526,29123992,319162,64039,255123,https://www.sozialministerium.at/Informationen-zum-Coronavirus/Neuartiges-Coronavirus-(2019-nCov).html,0.7993518190408694
Austria,2021-05-29,39471518,39471518,0,9105572,25534061,0,0,10347526,29123992,0,0,10347526,29123992,319162,64039,255123,https://www.sozialministerium.at/Informationen-zum-Coronavirus/Neuartiges-Coronavirus-(2019-nCov).html,0.7993518190408694
Austria,2021-05-30,41224239,41224239,1752721,9105572,25534061,0,0,10699206,30525033,351680,1401041,10699206,30525033,569551,114279,455272,https://www.sozialministerium.at/Informationen-zum-Coronavirus/Neuartiges-Coronavirus-(2019-nCov).html,0.7993518190408694
Austria,2021-05-31,41224239,41224239,0,9105572,25534061,0,0,10699206,30525033,0,0,10699206,30525033,335219,67261,267958,https://www.sozialministerium.at/Informationen-zum-Coronavirus/Neuartiges-Coronavirus-(2019-nCov).html,0.7993518190408694
Austria,2021-06-01,41776209,41776209,551970,9105572,25534061,0,0,10809958,30966251,110752,441218,10809958,30966251,414071,83083,330989,https://www.sozialministerium.at/Informationen-zum-Coronavirus/Neuartiges-Coronavirus-(2019-nCov).html,0.7993518190408694
Austria,2021-06-02,43048076,43048076,1271867,10855201,32192875,1749629,6658814,11074608,31973468,264650,1007217,11074608,31973468,510937,103869,407068,https://www.sozialministerium.at/Informationen-zum-Coronavirus/Neuartiges-Coronavirus-(2019-nCov).html,0.7919199785263454
Austria,2021-06-03,43729103,43729103,681027,10954992,32774111,99791,581236,11174399,32554704,99791,581236,11174399,32554704,608226,118125,490102,https://www.sozialministerium.at/Informationen-zum-Coronavirus/Neuartiges-Coronavirus-(2019-nCov).html,0.8534698330609506
Austria,2021-06-04,44110345,44110345,381242,11013261,33097084,58269,322973,11232668,32877677,58269,322973,11232668,32877677,662690,126449,536241,https://www.sozialministerium.at/Informationen-zum-Coronavirus/Neuartiges-Coronavirus-(2019-nCov).html,0.8471600715555998
Austria,2021-06-05,44858994,44858994,748649,11092325,33766669,79064,669585,11311732,33547262,79064,669585,11311732,33547262,769639,137744,631896,https://www.sozialministerium.at/Informationen-zum-Coronavirus/Neuartiges-Coronavirus-(2019-nCov).html,0.8943910964951532
Austria,2021-06-06,45278379,45278379,419385,11157892,34120487,65567,353818,11377299,33901080,65567,353818,11377299,33901080,579163,96870,482292,https://www.sozialministerium.at/Informationen-zum-Coronavirus/Neuartiges-Coronavirus-(2019-nCov).html,0.8436591675906386
Austria,2021-06-07,45570994,45570994,292615,11184673,34386321,26781,265834,11404080,34166914,26781,265834,11404080,34166914,620965,100696,520269,https://www.sozialministerium.at/Informationen-zum-Coronavirus/Neuartiges-Coronavirus-(2019-nCov).html,0.9084770090391812
Austria,2021-06-08,45983005,45983005,412011,11275295,34707710,90622,321389,11494702,34488303,90622,321389,11494702,34488303,600971,97821,503150,https://www.sozialministerium.at/Informationen-zum-Coronavirus/Neuartiges-Coronavirus-(2019-nCov).html,0.7800495617835446
Austria,2021-06-09,46426166,46426166,443161,11365285,35060881,89990,353171,11584692,34841474,89990,353171,11584692,34841474,482584,72869,409715,https://www.sozialministerium.at/Informationen-zum-Coronavirus/Neuartiges-Coronavirus-(2019-nCov).html,0.7969361022292124
Austria,2021-06-10,46942669,46942669,516503,11446506,35496163,81221,435282,11665913,35276756,81221,435282,11665913,35276756,459081,70216,388865,https://www.sozialministerium.at/Informationen-zum-Coronavirus/Neuartiges-Coronavirus-(2019-nCov).html,0.8427482512202252
Austria,2021-06-11,47268180,47268180,325511,11532421,35735759,85915,239596,11751828,35516352,85915,239596,11751828,35516352,451119,74166,376954,https://www.sozialministerium.at/Informationen-zum-Coronavirus/Neuartiges-Coronavirus-(2019-nCov).html,0.7360611469351266
Austria,2021-06-12,47725434,47725434,457254,11567937,36157497,35516,421738,11787344,35938090,35516,421738,11787344,35938090,409491,67945,341547,https://www.sozialministerium.at/Informationen-zum-Coronavirus/Neuartiges-Coronavirus-(2019-nCov).html,0.9223276340939609
Austria,2021-06-13,48145979,48145979,420545,11623324,36522655,55387,365158,11842731,36303248,55387,365158,11842731,36303248,409657,66490,343167,https://www.sozialministerium.at/Informationen-zum-Coronavirus/Neuartiges-Coronavirus-(2019-nCov).html,0.868297090679951
Austria,2021-06-14,48458730,48458730,312751,11649354,36809376,26030,286721,11868761,36589969,26030,286721,11868761,36589969,412534,66383,346151,https://www.sozialministerium.at/Informationen-zum-Coronavirus/Neuartiges-Coronavirus-(2019-nCov).html,0.9167708496535583
Austria,2021-06-15,48813163,48813163,354433,11730381,37082782,81027,273406,11949788,36863375,81027,273406,11949788,36863375,404308,65012,339296,https://www.sozialministerium.at/Informationen-zum-Coronavirus/Neuartiges-Coronavirus-(2019-nCov).html,0.7713897972254277
Austria,2021-06-16,49167859,49167859,354696,11808138,37359721,77757,276939,12027545,37140314,77757,276939,12027545,37140314,391670,63265,328406,https://www.sozialministerium.at/Informationen-zum-Coronavirus/Neuartiges-Coronavirus-(2019-nCov).html,0.7807784694498952
Austria,2021-06-17,49693906,49693906,526047,11892572,37801334,84434,441613,12111979,37581927,84434,441613,12111979,37581927,393034,63724,329310,https://www.sozialministerium.at/Informationen-zum-Coronavirus/Neuartiges-Coronavirus-(2019-nCov).html,0.8394934292943406
Austria,2021-06-18,50183597,50183597,489691,11970036,38213561,77464,412227,12189443,37994154,77464,412227,12189443,37994154,416488,62516,353972,https://www.sozialministerium.at/Informationen-zum-Coronavirus/Neuartiges-Coronavirus-(2019-nCov).html,0.8418104478130086
Austria,2021-06-19,50663929,50663929,480332,12052003,38611926,81967,398365,12271410,38392519,81967,398365,12271410,38392519,419785,69152,350633,https://www.sozialministerium.at/Informationen-zum-Coronavirus/Neuartiges-Coronavirus-(2019-nCov).html,0.8293534471990207
Austria,2021-06-20,51082866,51082866,418937,12101448,38981418,49445,369492,12320855,38762011,49445,369492,12320855,38762011,419555,68303,351252,https://www.sozialministerium.at/Informationen-zum-Coronavirus/Neuartiges-Coronavirus-(2019-nCov).html,0.8819750941072285
Austria,2021-06-21,51457883,51457883,375017,12133217,39324666,31769,343248,12352624,39105259,31769,343248,12352624,39105259,428450,69123,359327,https://www.sozialministerium.at/Informationen-zum-Coronavirus/Neuartiges-Coronavirus-(2019-nCov).html,0.9152865070116821
Austria,2021-06-22,52163509,52163509,705626,12171425,39992084,38208,667418,12390832,39772677,38208,667418,12390832,39772677,478621,63006,415615,https://www.sozialministerium.at/Informationen-zum-Coronavirus/Neuartiges-Coronavirus-(2019-nCov).html,0.9458523353731296
Austria,2021-06-23,52553372,52553372,389863,12279104,40274268,107679,282184,12498511,40054861,107679,282184,12498511,40054861,483645,67281,416364,https://www.sozialministerium.at/Informationen-zum-Coronavirus/Neuartiges-Coronavirus-(2019-nCov).html,0.7238029769431826
Austria,2021-06-24,52844278,52844278,290906,12347540,40496738,68436,222470,12566947,40277331,68436,222470,12566947,40277331,450053,64995,385058,https://www.sozialministerium.at/Informationen-zum-Coronavirus/Neuartiges-Coronavirus-(2019-nCov).html,0.7647487504554736
Austria,2021-06-25,53295938,53295938,451660,12418059,40877879,70519,381141,12637466,40658472,70519,381141,12637466,40658472,444620,64003,380617,https://www.sozialministerium.at/Informationen-zum-Coronavirus/Neuartiges-Coronavirus-(2019-nCov).html,0.8438670681486073
Austria,2021-06-26,53713546,53713546,417608,12484859,41228687,66800,350808,12704266,41009280,66800,350808,12704266,41009280,435660,61837,373823,https://www.sozialministerium.at/Informationen-zum-Coronavirus/Neuartiges-Coronavirus-(2019-nCov).html,0.8400413785176529
Austria,2021-06-27,54026448,54026448,312902,12489110,41537338,4251,308651,12708517,41317931,4251,308651,12708517,41317931,420512,55380,365131,https://www.sozialministerium.at/Informationen-zum-Coronavirus/Neuartiges-Coronavirus-(2019-nCov).html,0.9864142766744859
Austria,2021-06-28,54026448,54026448,0,12489110,41537338,0,0,12708517,41317931,0,0,12708517,41317931,366938,50842,316096,https://www.sozialministerium.at/Informationen-zum-Coronavirus/Neuartiges-Coronavirus-(2019-nCov).html,0.9864142766744859
Austria,2021-06-29,54805030,54805030,778582,12489110,41537338,0,0,12719095,42085935,10578,768004,12719095,42085935,377360,46895,330465,https://www.sozialministerium.at/Informationen-zum-Coronavirus/Neuartiges-Coronavirus-(2019-nCov).html,0.9864142766744859
Austria,2021-06-30,55096277,55096277,291247,12489110,41537338,0,0,12723052,42373225,3957,287290,12723052,42373225,363272,32077,331195,https://www.sozialministerium.at/Informationen-zum-Coronavirus/Neuartiges-Coronavirus-(2019-nCov).html,0.9864142766744859
Austria,2021-07-01,55096277,55096277,0,12757593,42741807,268483,1204469,12723052,42373225,0,0,12723052,42373225,321714,22301,299413,https://www.sozialministerium.at/Informationen-zum-Coronavirus/Neuartiges-Coronavirus-(2019-nCov).html,0.8177245422797212
Austria,2021-07-02,55710614,55710614,614337,12833709,42972473,76116,230666,12875476,42835138,152424,461913,12875476,42835138,344954,34001,310952,https://www.sozialministerium.at/Informationen-zum-Coronavirus/Neuartiges-Coronavirus-(2019-nCov).html,0.7518889634985103
Austria,2021-07-03,56054549,56054549,343935,12916172,43308711,82463,336238,12943214,43111335,67738,276197,12943214,43111335,334429,34135,300294,https://www.sozialministerium.at/Informationen-zum-Coronavirus/Neuartiges-Coronavirus-(2019-nCov).html,0.8030503867915291
Austria,2021-07-04,56615814,56615814,561265,12968125,43647689,51953,338978,13017804,43598010,74590,486675,13017804,43598010,369909,44184,325726,https://www.sozialministerium.at/Informationen-zum-Coronavirus/Neuartiges-Coronavirus-(2019-nCov).html,0.8671044250775712
Austria,2021-07-05,56937916,56937916,322102,13008771,43929145,40646,281456,13058450,43879466,40646,281456,13058450,43879466,415924,49990,365934,https://www.sozialministerium.at/Informationen-zum-Coronavirus/Neuartiges-Coronavirus-(2019-nCov).html,0.8738101595146879
Austria,2021-07-06,57285297,57285297,347381,13071600,44213697,62829,284552,13121279,44164018,62829,284552,13121279,44164018,354324,57455,296869,https://www.sozialministerium.at/Informationen-zum-Coronavirus/Neuartiges-Coronavirus-(2019-nCov).html,0.8191351858622089
Austria,2021-07-07,57621285,57621285,335988,13137707,44483578,66107,269881,13187386,44433899,66107,269881,13187386,44433899,360715,66333,294382,https://www.sozialministerium.at/Informationen-zum-Coronavirus/Neuartiges-Coronavirus-(2019-nCov).html,0.8032459492600926
Austria,2021-07-08,58003807,58003807,382522,13204419,44799388,66712,315810,13254098,44749709,66712,315810,13254098,44749709,415361,75864,339498,https://www.sozialministerium.at/Informationen-zum-Coronavirus/Neuartiges-Coronavirus-(2019-nCov).html,0.8255995733578723
Austria,2021-07-09,58318037,58318037,314230,13267341,45050696,62922,251308,13317020,45001017,62922,251308,13317020,45001017,372489,63078,309411,https://www.sozialministerium.at/Informationen-zum-Coronavirus/Neuartiges-Coronavirus-(2019-nCov).html,0.7997581389428126
Austria,2021-07-10,58731933,58731933,413896,13337318,45394615,69977,343919,13386997,45344936,69977,343919,13386997,45344936,382483,63398,319086,https://www.sozialministerium.at/Informationen-zum-Coronavirus/Neuartiges-Coronavirus-(2019-nCov).html,0.8309309585016526
Austria,2021-07-11,59103861,59103861,371928,13363128,45740733,25810,346118,13412807,45691054,25810,346118,13412807,45691054,355435,56429,299006,https://www.sozialministerium.at/Informationen-zum-Coronavirus/Neuartiges-Coronavirus-(2019-nCov).html,0.930604848250199
Austria,2021-07-12,59420021,59420021,316160,13416557,46003464,53429,262731,13466236,45953785,53429,262731,13466236,45953785,354586,58255,296331,https://www.sozialministerium.at/Informationen-zum-Coronavirus/Neuartiges-Coronavirus-(2019-nCov).html,0.8310064524291498
Austria,2021-07-13,59766496,59766496,346475,13477766,46288730,61209,285266,13527445,46239051,61209,285266,13527445,46239051,354457,58024,296433,https://www.sozialministerium.at/Informationen-zum-Coronavirus/Neuartiges-Coronavirus-(2019-nCov).html,0.8233379031676167
Austria,2021-07-14,60048276,60048276,281780,13549847,46498429,72081,209699,13599526,46448750,72081,209699,13599526,46448750,346713,58877,287836,https://www.sozialministerium.at/Informationen-zum-Coronavirus/Neuartiges-Coronavirus-(2019-nCov).html,0.744194052097381
Austria,2021-07-15,60777719,60777719,729443,13575492,47202227,25645,703798,13625171,47152548,25645,703798,13625171,47152548,396273,53010,343263,https://www.sozialministerium.at/Informationen-zum-Coronavirus/Neuartiges-Coronavirus-(2019-nCov).html,0.9648430377699149
Austria,2021-07-16,61120263,61120263,342544,13670403,47449860,94911,247633,13720082,47400181,94911,247633,13720082,47400181,400318,57580,342738,https://www.sozialministerium.at/Informationen-zum-Coronavirus/Neuartiges-Coronavirus-(2019-nCov).html,0.7229231865103461
Austria,2021-07-17,61529534,61529534,409271,13737493,47792041,67090,342181,13787172,47742362,67090,342181,13787172,47742362,399657,57168,342489,https://www.sozialministerium.at/Informationen-zum-Coronavirus/Neuartiges-Coronavirus-(2019-nCov).html,0.8360743859203316
Austria,2021-07-18,61897934,61897934,368400,13780722,48117212,43229,325171,13830401,48067533,43229,325171,13830401,48067533,399153,59656,339497,https://www.sozialministerium.at/Informationen-zum-Coronavirus/Neuartiges-Coronavirus-(2019-nCov).html,0.882657437567861
Austria,2021-07-19,62160444,62160444,262510,13816195,48344249,35473,227037,13865874,48294570,35473,227037,13865874,48294570,391489,57091,334398,https://www.sozialministerium.at/Informationen-zum-Coronavirus/Neuartiges-Coronavirus-(2019-nCov).html,0.864869909717725
Austria,2021-07-20,62606905,62606905,446461,13883890,48723015,67695,378766,13933569,48673336,67695,378766,13933569,48673336,405773,58018,347755,https://www.sozialministerium.at/Informationen-zum-Coronavirus/Neuartiges-Coronavirus-(2019-nCov).html,0.848374214097088
Austria,2021-07-21,62918128,62918128,311223,13949517,48968611,65627,245596,13999196,48918932,65627,245596,13999196,48918932,409979,57096,352883,https://www.sozialministerium.at/Informationen-zum-Coronavirus/Neuartiges-Coronavirus-(2019-nCov).html,0.7891319086314315
Austria,2021-07-22,63257889,63257889,339761,14013373,49244516,63856,275905,14063052,49194837,63856,275905,14063052,49194837,354310,62554,291756,https://www.sozialministerium.at/Informationen-zum-Coronavirus/Neuartiges-Coronavirus-(2019-nCov).html,0.8120561218032676
Austria,2021-07-23,63571450,63571450,313561,14087916,49483534,74543,239018,14137595,49433855,74543,239018,14137595,49433855,350170,59645,290525,https://www.sozialministerium.at/Informationen-zum-Coronavirus/Neuartiges-Coronavirus-(2019-nCov).html,0.7622695424494755
Austria,2021-07-24,63971146,63971146,399696,14163895,49807251,75979,323717,14213574,49757572,75979,323717,14213574,49757572,348802,60915,287887,https://www.sozialministerium.at/Informationen-zum-Coronavirus/Neuartiges-Coronavirus-(2019-nCov).html,0.8099080301028782
Austria,2021-07-25,64337233,64337233,366087,14214348,50122885,50453,315634,14264027,50073206,50453,315634,14264027,50073206,348471,61947,286525,https://www.sozialministerium.at/Informationen-zum-Coronavirus/Neuartiges-Coronavirus-(2019-nCov).html,0.8621830329948892
Austria,2021-07-26,64601940,64601940,264707,14254929,50347011,40581,224126,14304608,50297332,40581,224126,14304608,50297332,348785,62676,286109,https://www.sozialministerium.at/Informationen-zum-Coronavirus/Neuartiges-Coronavirus-(2019-nCov).html,0.846694647289267
Austria,2021-07-27,64955816,64955816,353876,14320079,50635737,65150,288726,14369758,50586058,65150,288726,14369758,50586058,335559,62313,273246,https://www.sozialministerium.at/Informationen-zum-Coronavirus/Neuartiges-Coronavirus-(2019-nCov).html,0.8158959635578564
Austria,2021-07-28,65381760,65381760,425944,14385725,50996035,65646,360298,14435404,50946356,65646,360298,14435404,50946356,351947,62315,289632,https://www.sozialministerium.at/Informationen-zum-Coronavirus/Neuartiges-Coronavirus-(2019-nCov).html,0.8458811486956032
Austria,2021-07-29,65725061,65725061,343301,14448488,51276573,62763,280538,14498167,51226894,62763,280538,14498167,51226894,352453,62159,290294,https://www.sozialministerium.at/Informationen-zum-Coronavirus/Neuartiges-Coronavirus-(2019-nCov).html,0.81717792840685
Austria,2021-07-30,66199742,66199742,474681,14525382,51674360,76894,397787,14575061,51624681,76894,397787,14575061,51624681,375470,62495,312975,https://www.sozialministerium.at/Informationen-zum-Coronavirus/Neuartiges-Coronavirus-(2019-nCov).html,0.8380091050621364
Austria,2021-07-31,66567305,66567305,367563,14590133,51977172,64751,302812,14639812,51927493,64751,302812,14639812,51927493,370880,60891,309989,https://www.sozialministerium.at/Informationen-zum-Coronavirus/Neuartiges-Coronavirus-(2019-nCov).html,0.8238370020921584
Austria,2021-08-01,66916743,66916743,349438,14647503,52269240,57370,292068,14697182,52219561,57370,292068,14697182,52219561,368501,61879,306622,https://www.sozialministerium.at/Informationen-zum-Coronavirus/Neuartiges-Coronavirus-(2019-nCov).html,0.8358220914725931
Austria,2021-08-02,67201912,67201912,285169,14687153,52514759,39650,245519,14736832,52465080,39650,245519,14736832,52465080,371425,61746,309678,https://www.sozialministerium.at/Informationen-zum-Coronavirus/Neuartiges-Coronavirus-(2019-nCov).html,0.8609596414757564
Austria,2021-08-03,67488430,67488430,286518,14716332,52772098,29179,257339,14766011,52722419,29179,257339,14766011,52722419,361802,56608,305194,https://www.sozialministerium.at/Informationen-zum-Coronavirus/Neuartiges-Coronavirus-(2019-nCov).html,0.898159975987547
Austria,2021-08-04,67771558,67771558,283128,14776016,52995542,59684,223444,14825695,52945863,59684,223444,14825695,52945863,341400,55756,285644,https://www.sozialministerium.at/Informationen-zum-Coronavirus/Neuartiges-Coronavirus-(2019-nCov).html,0.7891978186544601
Austria,2021-08-05,68236738,68236738,465180,14852433,53384305,76417,388763,14902112,53334626,76417,388763,14902112,53334626,358811,57706,301105,https://www.sozialministerium.at/Informationen-zum-Coronavirus/Neuartiges-Coronavirus-(2019-nCov).html,0.8357259555440905
Austria,2021-08-06,68525533,68525533,288795,14926436,53599097,74003,214792,14976115,53549418,74003,214792,14976115,53549418,332256,57293,274962,https://www.sozialministerium.at/Informationen-zum-Coronavirus/Neuartiges-Coronavirus-(2019-nCov).html,0.7437524887896259
Austria,2021-08-07,68936690,68936690,411157,15026910,53909780,100474,310683,15076589,53860101,100474,310683,15076589,53860101,338484,62397,276087,https://www.sozialministerium.at/Informationen-zum-Coronavirus/Neuartiges-Coronavirus-(2019-nCov).html,0.755631060641069
Austria,2021-08-08,69283203,69283203,346513,15073220,54209983,46310,300203,15122899,54160304,46310,300203,15122899,54160304,338066,60817,277249,https://www.sozialministerium.at/Informationen-zum-Coronavirus/Neuartiges-Coronavirus-(2019-nCov).html,0.8663542204765766
Austria,2021-08-09,69537945,69537945,254742,15107730,54430215,34510,220232,15157409,54380536,34510,220232,15157409,54380536,333719,60082,273637,https://www.sozialministerium.at/Informationen-zum-Coronavirus/Neuartiges-Coronavirus-(2019-nCov).html,0.8645296024997841
Austria,2021-08-10,69537945,69537945,0,15107730,54430215,0,0,15157409,54380536,0,0,15157409,54380536,292788,55914,236874,https://www.sozialministerium.at/Informationen-zum-Coronavirus/Neuartiges-Coronavirus-(2019-nCov).html,0.8645296024997841
Austria,2021-08-11,70108599,70108599,570654,15246879,54861720,139149,431505,15296558,54812041,139149,431505,15296558,54812041,333863,67266,266597,https://www.sozialministerium.at/Informationen-zum-Coronavirus/Neuartiges-Coronavirus-(2019-nCov).html,0.7561587231492288
Austria,2021-08-12,70556406,70556406,447807,15307033,55249373,60154,387653,15356712,55199694,60154,387653,15356712,55199694,331381,64943,266438,https://www.sozialministerium.at/Informationen-zum-Coronavirus/Neuartiges-Coronavirus-(2019-nCov).html,0.8656698086452422
Austria,2021-08-13,70836953,70836953,280547,15368986,55467967,61953,218594,15418665,55418288,61953,218594,15418665,55418288,330203,63221,266981,https://www.sozialministerium.at/Informationen-zum-Coronavirus/Neuartiges-Coronavirus-(2019-nCov).html,0.7791706915418807
Austria,2021-08-14,71181744,71181744,344791,15432741,55749003,63755,281036,15482420,55699324,63755,281036,15482420,55699324,320722,57976,262746,https://www.sozialministerium.at/Informationen-zum-Coronavirus/Neuartiges-Coronavirus-(2019-nCov).html,0.8150908811424892
Austria,2021-08-15,71577449,71577449,395705,15486311,56091138,53570,342135,15535990,56041459,53570,342135,15535990,56041459,327749,59013,268736,https://www.sozialministerium.at/Informationen-zum-Coronavirus/Neuartiges-Coronavirus-(2019-nCov).html,0.864621371981653
Austria,2021-08-16,71867850,71867850,290401,15524123,56343727,37812,252589,15573802,56294048,37812,252589,15573802,56294048,332844,59485,273359,https://www.sozialministerium.at/Informationen-zum-Coronavirus/Neuartiges-Coronavirus-(2019-nCov).html,0.8697938367980826
Austria,2021-08-17,72155255,72155255,287405,15591581,56563674,67458,219947,15641260,56513995,67458,219947,15641260,56513995,373901,69122,304780,https://www.sozialministerium.at/Informationen-zum-Coronavirus/Neuartiges-Coronavirus-(2019-nCov).html,0.7652859205650563
Austria,2021-08-18,72424887,72424887,269632,15660384,56764503,68803,200829,15710063,56714824,68803,200829,15710063,56714824,330898,59072,271826,https://www.sozialministerium.at/Informationen-zum-Coronavirus/Neuartiges-Coronavirus-(2019-nCov).html,0.7448262817469736
Austria,2021-08-19,72867745,72867745,442858,15724844,57142901,64460,378398,15774523,57093222,64460,378398,15774523,57093222,330191,59687,270504,https://www.sozialministerium.at/Informationen-zum-Coronavirus/Neuartiges-Coronavirus-(2019-nCov).html,0.85444544300882
Austria,2021-08-20,73136356,73136356,268611,15779387,57356969,54543,214068,15829066,57307290,54543,214068,15829066,57307290,328486,58629,269857,https://www.sozialministerium.at/Informationen-zum-Coronavirus/Neuartiges-Coronavirus-(2019-nCov).html,0.7969442800183164
Austria,2021-08-21,73502548,73502548,366192,15871248,57631300,91861,274331,15920927,57581621,91861,274331,15920927,57581621,331543,62644,268900,https://www.sozialministerium.at/Informationen-zum-Coronavirus/Neuartiges-Coronavirus-(2019-nCov).html,0.7491452571328702
Austria,2021-08-22,73832634,73832634,330086,15905270,57927364,34022,296064,15954949,57877685,34022,296064,15954949,57877685,322169,59851,262318,https://www.sozialministerium.at/Informationen-zum-Coronavirus/Neuartiges-Coronavirus-(2019-nCov).html,0.8969298909981035
Austria,2021-08-23,74116688,74116688,284054,15973147,58143541,67877,216177,16022826,58093862,67877,216177,16022826,58093862,321263,64146,257116,https://www.sozialministerium.at/Informationen-zum-Coronavirus/Neuartiges-Coronavirus-(2019-nCov).html,0.7610419145655404
Austria,2021-08-24,74394675,74394675,277987,16035471,58359204,62324,215663,16085150,58309525,62324,215663,16085150,58309525,319917,63413,256504,https://www.sozialministerium.at/Informationen-zum-Coronavirus/Neuartiges-Coronavirus-(2019-nCov).html,0.775802465582923
Austria,2021-08-25,74676120,74676120,281445,16110122,58565998,74651,206794,16159801,58516319,74651,206794,16159801,58516319,321605,64248,257356,https://www.sozialministerium.at/Informationen-zum-Coronavirus/Neuartiges-Coronavirus-(2019-nCov).html,0.7347581232567642
Austria,2021-08-26,75098854,75098854,422734,16180961,58917893,70839,351895,16230640,58868214,70839,351895,16230640,58868214,318730,65160,253570,https://www.sozialministerium.at/Informationen-zum-Coronavirus/Neuartiges-Coronavirus-(2019-nCov).html,0.8324265377282168
Austria,2021-08-27,75354301,75354301,255447,16248104,59106197,67143,188304,16297783,59056518,67143,188304,16297783,59056518,316849,66960,249890,https://www.sozialministerium.at/Informationen-zum-Coronavirus/Neuartiges-Coronavirus-(2019-nCov).html,0.7371548696989982
Austria,2021-08-28,75680725,75680725,326424,16330437,59350288,82333,244091,16380116,59300609,82333,244091,16380116,59300609,311168,65598,245570,https://www.sozialministerium.at/Informationen-zum-Coronavirus/Neuartiges-Coronavirus-(2019-nCov).html,0.7477728353307355
Austria,2021-08-29,76013008,76013008,332283,16384437,59628571,54000,278283,16434116,59578892,54000,278283,16434116,59578892,311482,68452,243030,https://www.sozialministerium.at/Informationen-zum-Coronavirus/Neuartiges-Coronavirus-(2019-nCov).html,0.8374879244499418
Austria,2021-08-30,76244732,76244732,231724,16421663,59823069,37226,194498,16471342,59773390,37226,194498,16471342,59773390,304006,64074,239933,https://www.sozialministerium.at/Informationen-zum-Coronavirus/Neuartiges-Coronavirus-(2019-nCov).html,0.8393519877095165
Austria,2021-08-31,76575848,76575848,331116,16543772,60032076,122109,209007,16593451,59982397,122109,209007,16593451,59982397,311596,72614,238982,https://www.sozialministerium.at/Informationen-zum-Coronavirus/Neuartiges-Coronavirus-(2019-nCov).html,0.6312198746058783
Austria,2021-09-01,76859312,76859312,283464,16626834,60232478,83062,200402,16676513,60182799,83062,200402,16676513,60182799,311885,73816,238069,https://www.sozialministerium.at/Informationen-zum-Coronavirus/Neuartiges-Coronavirus-(2019-nCov).html,0.7069751361724945
Austria,2021-09-02,77272254,77272254,412942,16707130,60565124,80296,332646,16756809,60515445,80296,332646,16756809,60515445,310486,75167,235319,https://www.sozialministerium.at/Informationen-zum-Coronavirus/Neuartiges-Coronavirus-(2019-nCov).html,0.8055513849402579
Austria,2021-09-03,77537962,77537962,265708,16780703,60757259,73573,192135,16830382,60707580,73573,192135,16830382,60707580,311952,76086,235866,https://www.sozialministerium.at/Informationen-zum-Coronavirus/Neuartiges-Coronavirus-(2019-nCov).html,0.723105815406386
Austria,2021-09-04,77883338,77883338,345376,16878840,61004498,98137,247239,16928519,60954819,98137,247239,16928519,60954819,314659,78343,236316,https://www.sozialministerium.at/Informationen-zum-Coronavirus/Neuartiges-Coronavirus-(2019-nCov).html,0.7158546048364681
Austria,2021-09-05,78261780,78261780,378442,16980094,61281686,101254,277188,17029773,61232007,101254,277188,17029773,61232007,321253,85094,236159,https://www.sozialministerium.at/Informationen-zum-Coronavirus/Neuartiges-Coronavirus-(2019-nCov).html,0.7324451302973771
Austria,2021-09-06,78531851,78531851,270071,17002948,61528903,22854,247217,17052627,61479224,22854,247217,17052627,61479224,326731,83041,243691,https://www.sozialministerium.at/Informationen-zum-Coronavirus/Neuartiges-Coronavirus-(2019-nCov).html,0.915377808057881
Austria,2021-09-07,78870408,78870408,338557,17110566,61759842,107618,230939,17160245,61710163,107618,230939,17160245,61710163,327794,80971,246824,https://www.sozialministerium.at/Informationen-zum-Coronavirus/Neuartiges-Coronavirus-(2019-nCov).html,0.6821273817998151
Austria,2021-09-08,79310183,79310183,439775,17234098,62076085,123532,316243,17283777,62026406,123532,316243,17283777,62026406,350124,86752,263372,https://www.sozialministerium.at/Informationen-zum-Coronavirus/Neuartiges-Coronavirus-(2019-nCov).html,0.7191018134273208
Austria,2021-09-09,79658152,79658152,347969,17376838,62281314,142740,205229,17426517,62231635,142740,205229,17426517,62231635,340843,95673,245170,https://www.sozialministerium.at/Informationen-zum-Coronavirus/Neuartiges-Coronavirus-(2019-nCov).html,0.5897910446045481
Austria,2021-09-10,79979782,79979782,321630,17502267,62477515,125429,196201,17551946,62427836,125429,196201,17551946,62427836,348831,103081,245751,https://www.sozialministerium.at/Informationen-zum-Coronavirus/Neuartiges-Coronavirus-(2019-nCov).html,0.6100208313901067
Austria,2021-09-11,80337893,80337893,358111,17610176,62727717,107909,250202,17659855,62678038,107909,250202,17659855,62678038,350651,104477,246174,https://www.sozialministerium.at/Informationen-zum-Coronavirus/Neuartiges-Coronavirus-(2019-nCov).html,0.6986716409158055
Austria,2021-09-12,80337893,80337893,0,17610176,62727717,0,0,17659855,62678038,0,0,17659855,62678038,296588,90012,206576,https://www.sozialministerium.at/Informationen-zum-Coronavirus/Neuartiges-Coronavirus-(2019-nCov).html,0.6986716409158055
Austria,2021-09-13,81012773,81012773,674880,17768391,63244382,158215,516665,17818070,63194703,158215,516665,17818070,63194703,354417,109349,245068,https://www.sozialministerium.at/Informationen-zum-Coronavirus/Neuartiges-Coronavirus-(2019-nCov).html,0.7655657302038881
Austria,2021-09-14,81383866,81383866,371093,17919307,63464559,150916,220177,17968986,63414880,150916,220177,17968986,63414880,359065,115534,243531,https://www.sozialministerium.at/Informationen-zum-Coronavirus/Neuartiges-Coronavirus-(2019-nCov).html,0.5933202728157093
Austria,2021-09-15,81737713,81737713,353847,18068628,63669085,149321,204526,18118307,63619406,149321,204526,18118307,63619406,346790,119219,227571,https://www.sozialministerium.at/Informationen-zum-Coronavirus/Neuartiges-Coronavirus-(2019-nCov).html,0.5780068786792032
Austria,2021-09-16,82216463,82216463,478750,18234253,63982210,165625,313125,18283932,63932531,165625,313125,18283932,63932531,365473,122488,242985,https://www.sozialministerium.at/Informationen-zum-Coronavirus/Neuartiges-Coronavirus-(2019-nCov).html,0.6540469973890339
Austria,2021-09-17,82500720,82500720,284257,18375591,64125129,141338,142919,18425270,64075450,141338,142919,18425270,64075450,360134,124761,235373,https://www.sozialministerium.at/Informationen-zum-Coronavirus/Neuartiges-Coronavirus-(2019-nCov).html,0.5027809341546559
Austria,2021-09-18,82868432,82868432,367712,18524635,64343797,149044,218668,18574314,64294118,149044,218668,18574314,64294118,361506,130637,230869,https://www.sozialministerium.at/Informationen-zum-Coronavirus/Neuartiges-Coronavirus-(2019-nCov).html,0.5946719171525542
Austria,2021-09-19,83242754,83242754,374322,18627104,64615650,102469,271853,18676783,64565971,102469,271853,18676783,64565971,414980,145275,269705,https://www.sozialministerium.at/Informationen-zum-Coronavirus/Neuartiges-Coronavirus-(2019-nCov).html,0.7262544012908673
Austria,2021-09-20,83242754,83242754,0,18627104,64615650,0,0,18676783,64565971,0,0,18676783,64565971,318569,122673,195895,https://www.sozialministerium.at/Informationen-zum-Coronavirus/Neuartiges-Coronavirus-(2019-nCov).html,0.7262544012908673
Austria,2021-09-21,83784581,83784581,541827,18780413,65004168,153309,388518,18830092,64954489,153309,388518,18830092,64954489,342959,123015,219944,https://www.sozialministerium.at/Informationen-zum-Coronavirus/Neuartiges-Coronavirus-(2019-nCov).html,0.7170517526812064
Austria,2021-09-22,84232566,84232566,447985,19037811,65194755,257398,190587,19087490,65145076,257398,190587,19087490,65145076,356408,138455,217953,https://www.sozialministerium.at/Informationen-zum-Coronavirus/Neuartiges-Coronavirus-(2019-nCov).html,0.425431655077737
Austria,2021-09-23,84729922,84729922,497356,19219531,65510391,181720,315636,19269210,65460712,181720,315636,19269210,65460712,359066,140754,218312,https://www.sozialministerium.at/Informationen-zum-Coronavirus/Neuartiges-Coronavirus-(2019-nCov).html,0.6346279124007753
Austria,2021-09-24,85034047,85034047,304125,19360535,65673512,141004,163121,19410214,65623833,141004,163121,19410214,65623833,361904,140706,221198,https://www.sozialministerium.at/Informationen-zum-Coronavirus/Neuartiges-Coronavirus-(2019-nCov).html,0.5363616933826552
Austria,2021-09-25,85386960,85386960,352913,19498963,65887997,138428,214485,19548642,65838318,138428,214485,19548642,65838318,359790,139190,220600,https://www.sozialministerium.at/Informationen-zum-Coronavirus/Neuartiges-Coronavirus-(2019-nCov).html,0.6077560191888652
Austria,2021-09-26,85737129,85737129,350169,19598306,66138823,99343,250826,19647985,66089144,99343,250826,19647985,66089144,356339,138743,217596,https://www.sozialministerium.at/Informationen-zum-Coronavirus/Neuartiges-Coronavirus-(2019-nCov).html,0.716299843789713
Austria,2021-09-27,86033575,86033575,296446,19676386,66357189,78080,218366,19726065,66307510,78080,218366,19726065,66307510,398689,149897,248791,https://www.sozialministerium.at/Informationen-zum-Coronavirus/Neuartiges-Coronavirus-(2019-nCov).html,0.7366130762432281
Austria,2021-09-28,86391854,86391854,358279,19861284,66530570,184898,173381,19910963,66480891,184898,173381,19910963,66480891,372468,154410,218057,https://www.sozialministerium.at/Informationen-zum-Coronavirus/Neuartiges-Coronavirus-(2019-nCov).html,0.48392733037660596
Austria,2021-09-29,86750951,86750951,359097,20013038,66737913,151754,207343,20062717,66688234,151754,207343,20062717,66688234,359769,139318,220451,https://www.sozialministerium.at/Informationen-zum-Coronavirus/Neuartiges-Coronavirus-(2019-nCov).html,0.577401092184006
Austria,2021-09-30,87184819,87184819,433868,20170649,67014170,157611,276257,20220328,66964491,157611,276257,20220328,66964491,350700,135874,214826,https://www.sozialministerium.at/Informationen-zum-Coronavirus/Neuartiges-Coronavirus-(2019-nCov).html,0.6367305263351988
Austria,2021-10-01,87475074,87475074,290255,20310712,67164362,140063,150192,20360391,67114683,140063,150192,20360391,67114683,348718,135740,212979,https://www.sozialministerium.at/Informationen-zum-Coronavirus/Neuartiges-Coronavirus-(2019-nCov).html,0.5174484505004221
Austria,2021-10-02,87701064,87701064,225990,20344707,67356357,33995,191995,20394386,67306678,33995,191995,20394386,67306678,330586,120821,209766,https://www.sozialministerium.at/Informationen-zum-Coronavirus/Neuartiges-Coronavirus-(2019-nCov).html,0.8495729899553077
Austria,2021-10-03,88109788,88109788,408724,20520420,67589368,175713,233011,20570099,67539689,175713,233011,20570099,67539689,338951,131731,207221,https://www.sozialministerium.at/Informationen-zum-Coronavirus/Neuartiges-Coronavirus-(2019-nCov).html,0.5700937551991074
Austria,2021-10-04,88396908,88396908,287120,20605610,67791298,85190,201930,20655289,67741619,85190,201930,20655289,67741619,337619,132746,204873,https://www.sozialministerium.at/Informationen-zum-Coronavirus/Neuartiges-Coronavirus-(2019-nCov).html,0.7032947896349958
Austria,2021-10-05,88762304,88762304,365396,20792459,67969845,186849,178547,20842138,67920166,186849,178547,20842138,67920166,338636,133025,205611,https://www.sozialministerium.at/Informationen-zum-Coronavirus/Neuartiges-Coronavirus-(2019-nCov).html,0.48863972238338677
Austria,2021-10-06,89088903,89088903,326599,20951927,68136976,159468,167131,21001606,68087297,159468,167131,21001606,68087297,333993,134127,199866,https://www.sozialministerium.at/Informationen-zum-Coronavirus/Neuartiges-Coronavirus-(2019-nCov).html,0.5117315117315118
Austria,2021-10-07,89521958,89521958,433055,21133061,68388897,181134,251921,21182740,68339218,181134,251921,21182740,68339218,333877,137487,196390,https://www.sozialministerium.at/Informationen-zum-Coronavirus/Neuartiges-Coronavirus-(2019-nCov).html,0.5817298033737054
Austria,2021-10-08,89792069,89792069,270111,21270451,68521618,137390,132721,21320130,68471939,137390,132721,21320130,68471939,330999,137106,193894,https://www.sozialministerium.at/Informationen-zum-Coronavirus/Neuartiges-Coronavirus-(2019-nCov).html,0.49135725683145076
Austria,2021-10-09,90079511,90079511,287442,21385815,68693696,115364,172078,21435494,68644017,115364,172078,21435494,68644017,339778,148730,191048,https://www.sozialministerium.at/Informationen-zum-Coronavirus/Neuartiges-Coronavirus-(2019-nCov).html,0.5986529456377286
Austria,2021-10-10,90377770,90377770,298259,21483424,68894346,97609,200650,21533103,68844667,97609,200650,21533103,68844667,323997,137572,186425,https://www.sozialministerium.at/Informationen-zum-Coronavirus/Neuartiges-Coronavirus-(2019-nCov).html,0.6727374530190203
Austria,2021-10-11,90613959,90613959,236189,21555013,69058946,71589,164600,21604692,69009267,71589,164600,21604692,69009267,316722,135629,181093,https://www.sozialministerium.at/Informationen-zum-Coronavirus/Neuartiges-Coronavirus-(2019-nCov).html,0.6968995169123032
Austria,2021-10-12,90965763,90965763,351804,21749250,69216513,194237,157567,21798929,69166834,194237,157567,21798929,69166834,314780,136684,178095,https://www.sozialministerium.at/Informationen-zum-Coronavirus/Neuartiges-Coronavirus-(2019-nCov).html,0.44788291207604236
Austria,2021-10-13,91294829,91294829,329066,21894404,69400425,145154,183912,21944083,69350746,145154,183912,21944083,69350746,315132,134640,180493,https://www.sozialministerium.at/Informationen-zum-Coronavirus/Neuartiges-Coronavirus-(2019-nCov).html,0.5588909215780421
Austria,2021-10-14,91722270,91722270,427441,22081370,69640900,186966,240475,22131049,69591221,186966,240475,22131049,69591221,314330,135473,178858,https://www.sozialministerium.at/Informationen-zum-Coronavirus/Neuartiges-Coronavirus-(2019-nCov).html,0.5625922641955264
Austria,2021-10-15,92003120,92003120,280850,22224468,69778652,143098,137752,22274147,69728973,143098,137752,22274147,69728973,315864,136288,179576,https://www.sozialministerium.at/Informationen-zum-Coronavirus/Neuartiges-Coronavirus-(2019-nCov).html,0.4904824639487271
Austria,2021-10-16,92324938,92324938,321818,22371631,69953307,147163,174655,22421310,69903628,147163,174655,22421310,69903628,320775,140831,179944,https://www.sozialministerium.at/Informationen-zum-Coronavirus/Neuartiges-Coronavirus-(2019-nCov).html,0.542713583454002
Austria,2021-10-17,92623066,92623066,298128,22481169,70141897,109538,188590,22530848,70092218,109538,188590,22530848,70092218,320757,142535,178222,https://www.sozialministerium.at/Informationen-zum-Coronavirus/Neuartiges-Coronavirus-(2019-nCov).html,0.6325806365051253
Austria,2021-10-18,92871473,92871473,248407,22570416,70301057,89247,159160,22620095,70251378,89247,159160,22620095,70251378,322502,145058,177444,https://www.sozialministerium.at/Informationen-zum-Coronavirus/Neuartiges-Coronavirus-(2019-nCov).html,0.6407226849484918
Austria,2021-10-19,93236363,93236363,364890,22785677,70450686,215261,149629,22835356,70401007,215261,149629,22835356,70401007,324371,148061,176310,https://www.sozialministerium.at/Informationen-zum-Coronavirus/Neuartiges-Coronavirus-(2019-nCov).html,0.4100660473019266
Austria,2021-10-20,93571738,93571738,335375,22946490,70625248,160813,174562,22996169,70575569,160813,174562,22996169,70575569,325273,150298,174975,https://www.sozialministerium.at/Informationen-zum-Coronavirus/Neuartiges-Coronavirus-(2019-nCov).html,0.5204979500559076
Austria,2021-10-21,94026903,94026903,455165,23135283,70891620,188793,266372,23184962,70841941,188793,266372,23184962,70841941,329233,150559,178674,https://www.sozialministerium.at/Informationen-zum-Coronavirus/Neuartiges-Coronavirus-(2019-nCov).html,0.5852207441257566
Austria,2021-10-22,94311747,94311747,284844,23285657,71026090,150374,134470,23335336,70976411,150374,134470,23335336,70976411,329804,151598,178205,https://www.sozialministerium.at/Informationen-zum-Coronavirus/Neuartiges-Coronavirus-(2019-nCov).html,0.4720829647105082
Austria,2021-10-23,94627736,94627736,315989,23429833,71197903,144176,171813,23479512,71148224,144176,171813,23479512,71148224,328971,151172,177799,https://www.sozialministerium.at/Informationen-zum-Coronavirus/Neuartiges-Coronavirus-(2019-nCov).html,0.5437309526597445
Austria,2021-10-24,94941975,94941975,314239,23548245,71393730,118412,195827,23597924,71344051,118412,195827,23597924,71344051,331273,152439,178833,https://www.sozialministerium.at/Informationen-zum-Coronavirus/Neuartiges-Coronavirus-(2019-nCov).html,0.6231785360824086
Austria,2021-10-25,95187771,95187771,245796,23632055,71555716,83810,161986,23681734,71506037,83810,161986,23681734,71506037,330900,151663,179237,https://www.sozialministerium.at/Informationen-zum-Coronavirus/Neuartiges-Coronavirus-(2019-nCov).html,0.6590261843154486
Austria,2021-10-26,95541800,95541800,354029,23757849,71783951,125794,228235,23807528,71734272,125794,228235,23807528,71734272,329348,138882,190466,https://www.sozialministerium.at/Informationen-zum-Coronavirus/Neuartiges-Coronavirus-(2019-nCov).html,0.6446788257459135
Austria,2021-10-27,95810399,95810399,268599,23853969,71956430,96120,172479,23903648,71906751,96120,172479,23903648,71906751,319809,129640,190169,https://www.sozialministerium.at/Informationen-zum-Coronavirus/Neuartiges-Coronavirus-(2019-nCov).html,0.6421431204137023
Austria,2021-10-28,96262394,96262394,451995,24012013,72250381,158044,293951,24061692,72200702,158044,293951,24061692,72200702,319356,125247,194109,https://www.sozialministerium.at/Informationen-zum-Coronavirus/Neuartiges-Coronavirus-(2019-nCov).html,0.6503412648370004
Austria,2021-10-29,96575321,96575321,312927,24161663,72413658,149650,163277,24211342,72363979,149650,163277,24211342,72363979,323368,125144,198224,https://www.sozialministerium.at/Informationen-zum-Coronavirus/Neuartiges-Coronavirus-(2019-nCov).html,0.5217734487596148
Austria,2021-10-30,96913741,96913741,338420,24293773,72619968,132110,206310,24343452,72570289,132110,206310,24343452,72570289,326572,123420,203152,https://www.sozialministerium.at/Informationen-zum-Coronavirus/Neuartiges-Coronavirus-(2019-nCov).html,0.6096270905974824
Austria,2021-10-31,97254602,97254602,340861,24437209,72817393,143436,197425,24486888,72767714,143436,197425,24486888,72767714,330375,126995,203380,https://www.sozialministerium.at/Informationen-zum-Coronavirus/Neuartiges-Coronavirus-(2019-nCov).html,0.5791950384467569
Austria,2021-11-01,97531102,97531102,276500,24530486,73000616,93277,183223,24580165,72950937,93277,183223,24580165,72950937,334762,128347,206414,https://www.sozialministerium.at/Informationen-zum-Coronavirus/Neuartiges-Coronavirus-(2019-nCov).html,0.6626509945750452
Austria,2021-11-02,97837484,97837484,306382,24634244,73203240,103758,202624,24683923,73153561,103758,202624,24683923,73153561,327955,125199,202756,https://www.sozialministerium.at/Informationen-zum-Coronavirus/Neuartiges-Coronavirus-(2019-nCov).html,0.6613443348499586
Austria,2021-11-03,98418811,98418811,581327,24880213,73538598,245969,335358,24929892,73488919,245969,335358,24929892,73488919,372630,146606,226024,https://www.sozialministerium.at/Informationen-zum-Coronavirus/Neuartiges-Coronavirus-(2019-nCov).html,0.5768835784334806
Austria,2021-11-04,98968990,98968990,550179,25167228,73801762,287015,263164,25216907,73752083,287015,263164,25216907,73752083,386657,165031,221626,https://www.sozialministerium.at/Informationen-zum-Coronavirus/Neuartiges-Coronavirus-(2019-nCov).html,0.4783243271735199
Austria,2021-11-05,99442292,99442292,473302,25407430,74034862,240202,233100,25457109,73985183,240202,233100,25457109,73985183,409567,177967,231601,https://www.sozialministerium.at/Informationen-zum-Coronavirus/Neuartiges-Coronavirus-(2019-nCov).html,0.4924973906723403
Austria,2021-11-06,99857207,99857207,414915,25593452,74263755,186022,228893,25643131,74214076,186022,228893,25643131,74214076,420495,185668,234827,https://www.sozialministerium.at/Informationen-zum-Coronavirus/Neuartiges-Coronavirus-(2019-nCov).html,0.5516623886820192
Austria,2021-11-07,100254475,100254475,397268,25768640,74485835,175188,222080,25818319,74436156,175188,222080,25818319,74436156,428553,190204,238349,https://www.sozialministerium.at/Informationen-zum-Coronavirus/Neuartiges-Coronavirus-(2019-nCov).html,0.5590180935791456
Austria,2021-11-08,100635445,100635445,380970,25969727,74665718,201087,179883,26019406,74616039,201087,179883,26019406,74616039,443478,205606,237872,https://www.sozialministerium.at/Informationen-zum-Coronavirus/Neuartiges-Coronavirus-(2019-nCov).html,0.4721710370895346
Austria,2021-11-09,101090403,101090403,454958,26288086,74802317,318359,136599,26337765,74752638,318359,136599,26337765,74752638,464703,236263,228440,https://www.sozialministerium.at/Informationen-zum-Coronavirus/Neuartiges-Coronavirus-(2019-nCov).html,0.30024529736810873
Austria,2021-11-10,101437402,101437402,346999,26563826,74906873,275740,104556,26589362,74848040,251597,95402,26589362,74848040,431227,237067,194160,https://www.sozialministerium.at/Informationen-zum-Coronavirus/Neuartiges-Coronavirus-(2019-nCov).html,0.27493320992069337
Austria,2021-11-11,102163356,102163356,725954,26908209,75255147,344383,348274,26950300,75213056,360938,365016,26950300,75213056,456338,247628,208710,https://www.sozialministerium.at/Informationen-zum-Coronavirus/Neuartiges-Coronavirus-(2019-nCov).html,0.502808749496504
Austria,2021-11-12,102608572,102608572,445216,27282494,75326078,374285,70931,27324585,75283987,374285,70931,27324585,75283987,452326,266782,185543,https://www.sozialministerium.at/Informationen-zum-Coronavirus/Neuartiges-Coronavirus-(2019-nCov).html,0.15931817365054265
Austria,2021-11-13,102990106,102990106,381534,27597114,75392992,314620,66914,27639205,75350901,314620,66914,27639205,75350901,447557,285153,162404,https://www.sozialministerium.at/Informationen-zum-Coronavirus/Neuartiges-Coronavirus-(2019-nCov).html,0.17538148631576742
Austria,2021-11-14,103313519,103313519,323413,27875091,75438428,277977,45436,27917182,75396337,277977,45436,27917182,75396337,437006,299838,137169,https://www.sozialministerium.at/Informationen-zum-Coronavirus/Neuartiges-Coronavirus-(2019-nCov).html,0.14048909598562828
Austria,2021-11-15,103713317,103713317,399798,28226906,75486411,351815,47983,28268997,75444320,351815,47983,28268997,75444320,439696,321370,118326,https://www.sozialministerium.at/Informationen-zum-Coronavirus/Neuartiges-Coronavirus-(2019-nCov).html,0.12001810914511829
Austria,2021-11-16,104177857,104177857,464540,28569475,75608382,342569,121971,28611566,75566291,342569,121971,28611566,75566291,441065,324829,116236,https://www.sozialministerium.at/Informationen-zum-Coronavirus/Neuartiges-Coronavirus-(2019-nCov).html,0.26256296551427216
Austria,2021-11-17,104771291,104771291,593434,29038285,75733006,468810,124624,29080376,75690915,468810,124624,29080376,75690915,476270,355859,120411,https://www.sozialministerium.at/Informationen-zum-Coronavirus/Neuartiges-Coronavirus-(2019-nCov).html,0.21000481940704444
Austria,2021-11-18,105325185,105325185,553894,29478390,75846795,440105,113789,29520481,75804704,440105,113789,29520481,75804704,451690,367169,84521,https://www.sozialministerium.at/Informationen-zum-Coronavirus/Neuartiges-Coronavirus-(2019-nCov).html,0.2054346138430819
Austria,2021-11-19,105325185,105325185,0,29478390,75846795,0,0,29520481,75804704,0,0,29520481,75804704,388088,313699,74388,https://www.sozialministerium.at/Informationen-zum-Coronavirus/Neuartiges-Coronavirus-(2019-nCov).html,0.2054346138430819
Austria,2021-11-20,105325185,105325185,0,30319444,75988557,841054,141762,29520481,75804704,0,0,29520481,75804704,333583,268754,64829,https://www.sozialministerium.at/Informationen-zum-Coronavirus/Neuartiges-Coronavirus-(2019-nCov).html,0.14424063100315826
Austria,2021-11-21,106832204,106832204,1507019,30786950,76045254,467506,56697,30864503,75967701,1344022,162997,30864503,75967701,502669,421046,81623,https://www.sozialministerium.at/Informationen-zum-Coronavirus/Neuartiges-Coronavirus-(2019-nCov).html,0.10815848058862693
Austria,2021-11-22,107187151,107187151,354947,31088788,76098363,301838,53109,31166341,76020810,301838,53109,31166341,76020810,496262,413906,82356,https://www.sozialministerium.at/Informationen-zum-Coronavirus/Neuartiges-Coronavirus-(2019-nCov).html,0.1496251553048765
Austria,2021-11-23,107616106,107616106,428955,31431573,76184533,342785,86170,31509126,76106980,342785,86170,31509126,76106980,491178,413937,77241,https://www.sozialministerium.at/Informationen-zum-Coronavirus/Neuartiges-Coronavirus-(2019-nCov).html,0.2008835425627397
Austria,2021-11-24,107984174,107984174,368068,31669407,76314767,237834,130234,31746960,76237214,237834,130234,31746960,76237214,458983,380941,78043,https://www.sozialministerium.at/Informationen-zum-Coronavirus/Neuartiges-Coronavirus-(2019-nCov).html,0.35383135724920395
Austria,2021-11-25,108603828,108603828,619654,32162781,76441047,493374,126280,32240334,76363494,493374,126280,32240334,76363494,468378,388550,79827,https://www.sozialministerium.at/Informationen-zum-Coronavirus/Neuartiges-Coronavirus-(2019-nCov).html,0.20379114796321818
Austria,2021-11-26,109210004,109210004,606176,32705015,76504989,542234,63942,32782568,76427436,542234,63942,32782568,76427436,554974,466012,88962,https://www.sozialministerium.at/Informationen-zum-Coronavirus/Neuartiges-Coronavirus-(2019-nCov).html,0.10548421580531067
Austria,2021-11-27,109556932,109556932,346928,32995836,76561096,290821,56107,33073389,76483543,290821,56107,33073389,76483543,604535,507558,96977,https://www.sozialministerium.at/Informationen-zum-Coronavirus/Neuartiges-Coronavirus-(2019-nCov).html,0.16172519946501868
Austria,2021-11-28,109825145,109825145,268213,33233851,76591294,238015,30198,33311404,76513741,238015,30198,33311404,76513741,427563,349557,78006,https://www.sozialministerium.at/Informationen-zum-Coronavirus/Neuartiges-Coronavirus-(2019-nCov).html,0.1125896209355997
Austria,2021-11-29,109825145,109825145,0,33233851,76591294,0,0,33311404,76513741,0,0,33311404,76513741,376856,306438,70419,https://www.sozialministerium.at/Informationen-zum-Coronavirus/Neuartiges-Coronavirus-(2019-nCov).html,0.1125896209355997
Austria,2021-11-30,110579782,110579782,754637,33869938,76709844,636087,118550,33947491,76632291,636087,118550,33947491,76632291,423382,348338,75044,https://www.sozialministerium.at/Informationen-zum-Coronavirus/Neuartiges-Coronavirus-(2019-nCov).html,0.15709539818482263
Austria,2021-12-01,111071336,111071336,491554,34257724,76813612,387786,103768,34335277,76736059,387786,103768,34335277,76736059,441023,369760,71264,https://www.sozialministerium.at/Informationen-zum-Coronavirus/Neuartiges-Coronavirus-(2019-nCov).html,0.21110193386687934
Austria,2021-12-02,111537645,111537645,466309,34643950,76893695,386226,80083,34721503,76816142,386226,80083,34721503,76816142,419117,354453,64664,https://www.sozialministerium.at/Informationen-zum-Coronavirus/Neuartiges-Coronavirus-(2019-nCov).html,0.1717380535224497
Austria,2021-12-03,111937966,111937966,400321,34972626,76965340,328676,71645,35050179,76887787,328676,71645,35050179,76887787,389709,323944,65764,https://www.sozialministerium.at/Informationen-zum-Coronavirus/Neuartiges-Coronavirus-(2019-nCov).html,0.17896887747582566
Austria,2021-12-04,112234412,112234412,296446,35225348,77009064,252722,43724,35302901,76931511,252722,43724,35302901,76931511,382497,318502,63995,https://www.sozialministerium.at/Informationen-zum-Coronavirus/Neuartiges-Coronavirus-(2019-nCov).html,0.14749397866727837
Austria,2021-12-05,112526834,112526834,292422,35491592,77035242,266244,26178,35569145,76957689,266244,26178,35569145,76957689,385956,322534,63421,https://www.sozialministerium.at/Informationen-zum-Coronavirus/Neuartiges-Coronavirus-(2019-nCov).html,0.08952130824630158
Austria,2021-12-06,112907381,112907381,380547,35758920,77148461,267328,113219,35836473,77070908,267328,113219,35836473,77070908,440319,360724,79595,https://www.sozialministerium.at/Informationen-zum-Coronavirus/Neuartiges-Coronavirus-(2019-nCov).html,0.2975164697133337
Austria,2021-12-07,113295295,113295295,387914,36117620,77177675,358700,29214,36195173,77100122,358700,29214,36195173,77100122,387930,321097,66833,https://www.sozialministerium.at/Informationen-zum-Coronavirus/Neuartiges-Coronavirus-(2019-nCov).html,0.0753105069680393
Austria,2021-12-08,113690976,113690976,395681,36423535,77267441,305915,89766,36501088,77189888,305915,89766,36501088,77189888,374234,309402,64833,https://www.sozialministerium.at/Informationen-zum-Coronavirus/Neuartiges-Coronavirus-(2019-nCov).html,0.22686457019669887
Austria,2021-12-09,113992857,113992857,301881,36668963,77323894,245428,56453,36746516,77246341,245428,56453,36746516,77246341,350745,289288,61457,https://www.sozialministerium.at/Informationen-zum-Coronavirus/Neuartiges-Coronavirus-(2019-nCov).html,0.18700415064214046
Austria,2021-12-10,114403886,114403886,411029,37042419,77361467,373456,37573,37119972,77283914,373456,37573,37119972,77283914,352274,295685,56590,https://www.sozialministerium.at/Informationen-zum-Coronavirus/Neuartiges-Coronavirus-(2019-nCov).html,0.09141204148612385
Austria,2021-12-11,114668040,114668040,264154,37275407,77392633,232988,31166,37352960,77315080,232988,31166,37352960,77315080,347661,292866,54796,https://www.sozialministerium.at/Informationen-zum-Coronavirus/Neuartiges-Coronavirus-(2019-nCov).html,0.11798420618275703
Austria,2021-12-12,114668040,114668040,0,37275407,77392633,0,0,37352960,77315080,0,0,37352960,77315080,305887,254831,51056,https://www.sozialministerium.at/Informationen-zum-Coronavirus/Neuartiges-Coronavirus-(2019-nCov).html,0.11798420618275703
Austria,2021-12-13,115218023,115218023,549983,37759861,77458162,484454,65529,37837414,77380609,484454,65529,37837414,77380609,330092,285849,44243,https://www.sozialministerium.at/Informationen-zum-Coronavirus/Neuartiges-Coronavirus-(2019-nCov).html,0.11914731909895397
Austria,2021-12-14,115678700,115678700,460677,38148627,77530073,388766,71911,38226180,77452520,388766,71911,38226180,77452520,340486,290144,50343,https://www.sozialministerium.at/Informationen-zum-Coronavirus/Neuartiges-Coronavirus-(2019-nCov).html,0.15609852456276307
Austria,2021-12-15,116145233,116145233,466533,38511210,77634023,362583,103950,38588763,77556470,362583,103950,38588763,77556470,350608,298239,52369,https://www.sozialministerium.at/Informationen-zum-Coronavirus/Neuartiges-Coronavirus-(2019-nCov).html,0.2228138202442271
Austria,2021-12-16,116555934,116555934,410701,38865972,77689962,354762,55939,38943525,77612409,354762,55939,38943525,77612409,366154,313858,52295,https://www.sozialministerium.at/Informationen-zum-Coronavirus/Neuartiges-Coronavirus-(2019-nCov).html,0.1362037102417574
Austria,2021-12-17,116984758,116984758,428824,39250794,77733964,384822,44002,39328347,77656411,384822,44002,39328347,77656411,368696,315482,53214,https://www.sozialministerium.at/Informationen-zum-Coronavirus/Neuartiges-Coronavirus-(2019-nCov).html,0.10261086133238811
Austria,2021-12-18,117317627,117317627,332869,39544038,77773589,293244,39625,39621591,77696036,293244,39625,39621591,77696036,378512,324090,54422,https://www.sozialministerium.at/Informationen-zum-Coronavirus/Neuartiges-Coronavirus-(2019-nCov).html,0.11904082386764764
Austria,2021-12-19,117580481,117580481,262854,39778285,77802196,234247,28607,39855838,77724643,234247,28607,39855838,77724643,416063,357554,58509,https://www.sozialministerium.at/Informationen-zum-Coronavirus/Neuartiges-Coronavirus-(2019-nCov).html,0.10883227951638552
Austria,2021-12-20,117832609,117832609,252128,39995455,77837154,217170,34958,40073008,77759601,217170,34958,40073008,77759601,373512,319371,54142,https://www.sozialministerium.at/Informationen-zum-Coronavirus/Neuartiges-Coronavirus-(2019-nCov).html,0.13865179591318696
Austria,2021-12-21,118149583,118149583,316974,40243130,77906453,247675,69299,40320683,77828900,247675,69299,40320683,77828900,352983,299215,53769,https://www.sozialministerium.at/Informationen-zum-Coronavirus/Neuartiges-Coronavirus-(2019-nCov).html,0.2186267643402929
Austria,2021-12-22,118688041,118688041,538458,40676214,78011827,433084,105374,40753767,77934274,433084,105374,40753767,77934274,363258,309286,53972,https://www.sozialministerium.at/Informationen-zum-Coronavirus/Neuartiges-Coronavirus-(2019-nCov).html,0.19569585742992027
Austria,2021-12-23,119026243,119026243,338202,40955701,78070542,279487,58715,41033254,77992989,279487,58715,41033254,77992989,352901,298533,54369,https://www.sozialministerium.at/Informationen-zum-Coronavirus/Neuartiges-Coronavirus-(2019-nCov).html,0.1736092631031159
Austria,2021-12-24,119534266,119534266,508023,41417390,78116876,461689,46334,41494943,78039323,461689,46334,41494943,78039323,364215,309514,54702,https://www.sozialministerium.at/Informationen-zum-Coronavirus/Neuartiges-Coronavirus-(2019-nCov).html,0.09120453207827205
Austria,2021-12-25,119923778,119923778,389512,41767181,78156597,349791,39721,41844734,78079044,349791,39721,41844734,78079044,372307,317592,54715,https://www.sozialministerium.at/Informationen-zum-Coronavirus/Neuartiges-Coronavirus-(2019-nCov).html,0.10197631908644664
Austria,2021-12-26,120214287,120214287,290509,42029290,78184997,262109,28400,42106843,78107444,262109,28400,42106843,78107444,376258,321572,54686,https://www.sozialministerium.at/Informationen-zum-Coronavirus/Neuartiges-Coronavirus-(2019-nCov).html,0.09775944979329385
Austria,2021-12-27,120407619,120407619,193332,42196310,78211309,167020,26312,42273863,78133756,167020,26312,42273863,78133756,367859,314408,53451,https://www.sozialministerium.at/Informationen-zum-Coronavirus/Neuartiges-Coronavirus-(2019-nCov).html,0.1360974903275195
Austria,2021-12-28,122603900,122603900,2196281,44034148,78569752,1837838,358443,44111701,78492199,1837838,358443,44111701,78492199,636331,541574,94757,https://www.sozialministerium.at/Informationen-zum-Coronavirus/Neuartiges-Coronavirus-(2019-nCov).html,0.16320452619678447
Austria,2021-12-29,122921131,122921131,317231,44269499,78651632,235351,81880,44347052,78574079,235351,81880,44347052,78574079,604727,513326,91401,https://www.sozialministerium.at/Informationen-zum-Coronavirus/Neuartiges-Coronavirus-(2019-nCov).html,0.25810844463498206
Austria,2021-12-30,123226848,123226848,305717,44516099,78710749,246600,59117,44593652,78633196,246600,59117,44593652,78633196,600086,508628,91458,https://www.sozialministerium.at/Informationen-zum-Coronavirus/Neuartiges-Coronavirus-(2019-nCov).html,0.19337164763490416
Austria,2021-12-31,123579209,123579209,352361,44828594,78750615,312495,39866,44906147,78673062,312495,39866,44906147,78673062,577849,487315,90534,https://www.sozialministerium.at/Informationen-zum-Coronavirus/Neuartiges-Coronavirus-(2019-nCov).html,0.11313964939366161
Austria,2022-01-01,123907877,123907877,328668,45120645,78787232,292051,36617,45198198,78709679,292051,36617,45198198,78709679,569157,479066,90091,https://www.sozialministerium.at/Informationen-zum-Coronavirus/Neuartiges-Coronavirus-(2019-nCov).html,0.11141029853834264
Austria,2022-01-02,124106426,124106426,198549,45298027,78808399,177382,21167,45375580,78730846,177382,21167,45375580,78730846,556020,466962,89057,https://www.sozialministerium.at/Informationen-zum-Coronavirus/Neuartiges-Coronavirus-(2019-nCov).html,0.106608444263129
Austria,2022-01-03,124304551,124304551,198125,45465114,78839437,167087,31038,45542667,78761884,167087,31038,45542667,78761884,556705,466972,89733,https://www.sozialministerium.at/Informationen-zum-Coronavirus/Neuartiges-Coronavirus-(2019-nCov).html,0.15665867507886436
Austria,2022-01-04,124636283,124636283,331732,45700203,78936080,235089,96643,45777756,78858527,235089,96643,45777756,78858527,290340,238008,52333,https://www.sozialministerium.at/Informationen-zum-Coronavirus/Neuartiges-Coronavirus-(2019-nCov).html,0.29132854231729227
Austria,2022-01-05,125206869,125206869,570586,46182917,79023952,482714,87872,46260470,78946399,482714,87872,46260470,78946399,326534,273345,53189,https://www.sozialministerium.at/Informationen-zum-Coronavirus/Neuartiges-Coronavirus-(2019-nCov).html,0.15400307753782952
Austria,2022-01-06,125526389,125526389,319520,46455663,79070726,272746,46774,46533216,78993173,272746,46774,46533216,78993173,328506,277081,51425,https://www.sozialministerium.at/Informationen-zum-Coronavirus/Neuartiges-Coronavirus-(2019-nCov).html,0.14638833249874814
Austria,2022-01-07,125857538,125857538,331149,46747037,79110501,291374,39775,46824590,79032948,291374,39775,46824590,79032948,325476,274063,51412,https://www.sozialministerium.at/Informationen-zum-Coronavirus/Neuartiges-Coronavirus-(2019-nCov).html,0.120112094555623
Austria,2022-01-08,126329247,126329247,471709,47165979,79163268,418942,52767,47243532,79085715,418942,52767,47243532,79085715,345910,292191,53719,https://www.sozialministerium.at/Informationen-zum-Coronavirus/Neuartiges-Coronavirus-(2019-nCov).html,0.11186345819138495
Austria,2022-01-09,126775946,126775946,446699,47556081,79219865,390102,56597,47633634,79142312,390102,56597,47633634,79142312,381360,322579,58781,https://www.sozialministerium.at/Informationen-zum-Coronavirus/Neuartiges-Coronavirus-(2019-nCov).html,0.12670052988701563
Austria,2022-01-10,127304318,127304318,528372,48033555,79270763,477474,50898,48111108,79193210,477474,50898,48111108,79193210,428538,366920,61618,https://www.sozialministerium.at/Informationen-zum-Coronavirus/Neuartiges-Coronavirus-(2019-nCov).html,0.09632985850877791
Austria,2022-01-11,127820079,127820079,515761,48465359,79354720,431804,83957,48542912,79277167,431804,83957,48542912,79277167,454828,395022,59806,https://www.sozialministerium.at/Informationen-zum-Coronavirus/Neuartiges-Coronavirus-(2019-nCov).html,0.16278276178307394
Austria,2022-01-12,129290067,129290067,1469988,49369943,79920124,904584,565404,49447496,79842571,904584,565404,49447496,79842571,583314,455289,128025,https://www.sozialministerium.at/Informationen-zum-Coronavirus/Neuartiges-Coronavirus-(2019-nCov).html,0.38463171127927576
Austria,2022-01-13,129772258,129772258,482191,49776491,79995767,406548,75643,49854044,79918214,406548,75643,49854044,79918214,606553,474404,132149,https://www.sozialministerium.at/Informationen-zum-Coronavirus/Neuartiges-Coronavirus-(2019-nCov).html,0.15687352107359948
Austria,2022-01-14,130508707,130508707,736449,50405905,80102802,629414,107035,50483458,80025249,629414,107035,50483458,80025249,664453,522695,141757,https://www.sozialministerium.at/Informationen-zum-Coronavirus/Neuartiges-Coronavirus-(2019-nCov).html,0.14533932424376977
Austria,2022-01-15,131008822,131008822,500115,50843574,80165248,437669,62446,50921127,80087695,437669,62446,50921127,80087695,668511,525371,143140,https://www.sozialministerium.at/Informationen-zum-Coronavirus/Neuartiges-Coronavirus-(2019-nCov).html,0.1248632814452676
Austria,2022-01-16,131737166,131737166,728344,51231797,80505369,388223,340121,51309350,80427816,388223,340121,51309350,80427816,708746,525102,183643,https://www.sozialministerium.at/Informationen-zum-Coronavirus/Neuartiges-Coronavirus-(2019-nCov).html,0.46697851564645276
Austria,2022-01-17,132190174,132190174,453008,51616998,80573176,385201,67807,51694551,80495623,385201,67807,51694551,80495623,697979,511920,186059,https://www.sozialministerium.at/Informationen-zum-Coronavirus/Neuartiges-Coronavirus-(2019-nCov).html,0.14968168332568077
Austria,2022-01-18,132722605,132722605,532431,52062214,80660391,445216,87215,52139767,80582838,445216,87215,52139767,80582838,700361,513836,186524,https://www.sozialministerium.at/Informationen-zum-Coronavirus/Neuartiges-Coronavirus-(2019-nCov).html,0.16380526302938783
Austria,2022-01-19,133564965,133564965,842360,52704463,80860502,642249,200111,52782016,80782949,642249,200111,52782016,80782949,610700,476360,134340,https://www.sozialministerium.at/Informationen-zum-Coronavirus/Neuartiges-Coronavirus-(2019-nCov).html,0.23755995061493898
Austria,2022-01-20,133564965,133564965,0,52704463,80860502,0,0,52782016,80782949,0,0,52782016,80782949,541815,418282,123534,https://www.sozialministerium.at/Informationen-zum-Coronavirus/Neuartiges-Coronavirus-(2019-nCov).html,0.23755995061493898
Austria,2022-01-21,133564965,133564965,0,52704463,80860502,0,0,52782016,80782949,0,0,52782016,80782949,436608,328365,108243,https://www.sozialministerium.at/Informationen-zum-Coronavirus/Neuartiges-Coronavirus-(2019-nCov).html,0.23755995061493898
Austria,2022-01-22,133564965,133564965,0,52704463,80860502,0,0,52782016,80782949,0,0,52782016,80782949,365163,265841,99322,https://www.sozialministerium.at/Informationen-zum-Coronavirus/Neuartiges-Coronavirus-(2019-nCov).html,0.23755995061493898
Austria,2022-01-23,136574442,136574442,3009477,54805779,81768663,2101316,908161,54883332,81691110,2101316,908161,54883332,81691110,691039,510569,180471,https://www.sozialministerium.at/Informationen-zum-Coronavirus/Neuartiges-Coronavirus-(2019-nCov).html,0.301767051218534
Austria,2022-01-24,137032063,137032063,457621,55196421,81835642,390642,66979,55273974,81758089,390642,66979,55273974,81758089,691698,511346,180352,https://www.sozialministerium.at/Informationen-zum-Coronavirus/Neuartiges-Coronavirus-(2019-nCov).html,0.146363475452394
Austria,2022-01-25,137566059,137566059,533996,55635532,81930527,439111,94885,55713085,81852974,439111,94885,55713085,81852974,691922,510474,181448,https://www.sozialministerium.at/Informationen-zum-Coronavirus/Neuartiges-Coronavirus-(2019-nCov).html,0.17768859691832897
Austria,2022-01-26,138357196,138357196,791137,56291927,82065269,656395,134742,56369480,81987716,656395,134742,56369480,81987716,684604,512495,172110,https://www.sozialministerium.at/Informationen-zum-Coronavirus/Neuartiges-Coronavirus-(2019-nCov).html,0.17031437033029678
Austria,2022-01-27,140092739,140092739,1735543,57155892,82936847,863965,871578,57233445,82859294,863965,871578,57233445,82859294,932539,635918,296621,https://www.sozialministerium.at/Informationen-zum-Coronavirus/Neuartiges-Coronavirus-(2019-nCov).html,0.5021932617054143
Austria,2022-01-28,140794358,140794358,701619,57762681,83031677,606789,94830,57840234,82954124,606789,94830,57840234,82954124,1032770,722603,310168,https://www.sozialministerium.at/Informationen-zum-Coronavirus/Neuartiges-Coronavirus-(2019-nCov).html,0.13515882551641276
Austria,2022-01-29,141362492,141362492,568134,58256462,83106030,493781,74353,58334015,83028477,493781,74353,58334015,83028477,1113932,793143,320790,https://www.sozialministerium.at/Informationen-zum-Coronavirus/Neuartiges-Coronavirus-(2019-nCov).html,0.13087229421228092
Austria,2022-01-30,141788278,141788278,425786,58646309,83141969,389847,35939,58723862,83064416,389847,35939,58723862,83064416,744834,548647,196187,https://www.sozialministerium.at/Informationen-zum-Coronavirus/Neuartiges-Coronavirus-(2019-nCov).html,0.08440625102751147
Austria,2022-01-31,142080341,142080341,292063,58893431,83186910,247122,44941,58970984,83109357,247122,44941,58970984,83109357,721183,528144,193038,https://www.sozialministerium.at/Informationen-zum-Coronavirus/Neuartiges-Coronavirus-(2019-nCov).html,0.15387433533176062
Austria,2022-02-01,142789153,142789153,708812,59518654,83270499,625223,83589,59596207,83192946,625223,83589,59596207,83192946,746156,554732,191425,https://www.sozialministerium.at/Informationen-zum-Coronavirus/Neuartiges-Coronavirus-(2019-nCov).html,0.11792830821148625
Austria,2022-02-02,142789153,142789153,0,59518654,83270499,0,0,59596207,83192946,0,0,59596207,83192946,633137,460961,172176,https://www.sozialministerium.at/Informationen-zum-Coronavirus/Neuartiges-Coronavirus-(2019-nCov).html,0.11792830821148625
Austria,2022-02-03,142789153,142789153,0,59518654,83270499,0,0,59596207,83192946,0,0,59596207,83192946,385202,337537,47665,https://www.sozialministerium.at/Informationen-zum-Coronavirus/Neuartiges-Coronavirus-(2019-nCov).html,0.11792830821148625
Austria,2022-02-04,142789153,142789153,0,59518654,83270499,0,0,59596207,83192946,0,0,59596207,83192946,284971,250853,34117,https://www.sozialministerium.at/Informationen-zum-Coronavirus/Neuartiges-Coronavirus-(2019-nCov).html,0.11792830821148625
Austria,2022-02-05,142789153,142789153,0,59518654,83270499,0,0,59596207,83192946,0,0,59596207,83192946,203809,180313,23496,https://www.sozialministerium.at/Informationen-zum-Coronavirus/Neuartiges-Coronavirus-(2019-nCov).html,0.11792830821148625
Austria,2022-02-06,142789153,142789153,0,59518654,83270499,0,0,59596207,83192946,0,0,59596207,83192946,142982,124621,18361,https://www.sozialministerium.at/Informationen-zum-Coronavirus/Neuartiges-Coronavirus-(2019-nCov).html,0.11792830821148625
Austria,2022-02-07,142789153,142789153,0,59518654,83270499,0,0,59596207,83192946,0,0,59596207,83192946,101259,89318,11941,https://www.sozialministerium.at/Informationen-zum-Coronavirus/Neuartiges-Coronavirus-(2019-nCov).html,0.11792830821148625
Austria,2022-02-08,142789153,142789153,0,59518654,83270499,0,0,59596207,83192946,0,0,59596207,83192946,0,0,0,https://www.sozialministerium.at/Informationen-zum-Coronavirus/Neuartiges-Coronavirus-(2019-nCov).html,0.11792830821148625
Austria,2022-02-09,142789153,142789153,0,59518654,83270499,0,0,59596207,83192946,0,0,59596207,83192946,0,0,0,https://www.sozialministerium.at/Informationen-zum-Coronavirus/Neuartiges-Coronavirus-(2019-nCov).html,0.11792830821148625
Austria,2022-02-10,142789153,142789153,0,59518654,83270499,0,0,59596207,83192946,0,0,59596207,83192946,0,0,0,https://www.sozialministerium.at/Informationen-zum-Coronavirus/Neuartiges-Coronavirus-(2019-nCov).html,0.11792830821148625
Austria,2022-02-11,142789153,142789153,0,59518654,83270499,0,0,59596207,83192946,0,0,59596207,83192946,0,0,0,https://www.sozialministerium.at/Informationen-zum-Coronavirus/Neuartiges-Coronavirus-(2019-nCov).html,0.11792830821148625
Austria,2022-02-12,142789153,142789153,0,59518654,83270499,0,0,59596207,83192946,0,0,59596207,83192946,0,0,0,https://www.sozialministerium.at/Informationen-zum-Coronavirus/Neuartiges-Coronavirus-(2019-nCov).html,0.11792830821148625
Austria,2022-02-13,142789153,142789153,0,59518654,83270499,0,0,59596207,83192946,0,0,59596207,83192946,0,0,0,https://www.sozialministerium.at/Informationen-zum-Coronavirus/Neuartiges-Coronavirus-(2019-nCov).html,0.11792830821148625
Austria,2022-02-14,142789153,142789153,0,59518654,83270499,0,0,59596207,83192946,0,0,59596207,83192946,0,0,0,https://www.sozialministerium.at/Informationen-zum-Coronavirus/Neuartiges-Coronavirus-(2019-nCov).html,0.11792830821148625
Austria,2022-02-15,142789153,142789153,0,59518654,83270499,0,0,59596207,83192946,0,0,59596207,83192946,0,0,0,https://www.sozialministerium.at/Informationen-zum-Coronavirus/Neuartiges-Coronavirus-(2019-nCov).html,0.11792830821148625
Austria,2022-02-16,142789153,142789153,0,59518654,83270499,0,0,59596207,83192946,0,0,59596207,83192946,0,0,0,https://www.sozialministerium.at/Informationen-zum-Coronavirus/Neuartiges-Coronavirus-(2019-nCov).html,0.11792830821148625
Austria,2022-02-17,154061824,154061824,11272671,59518654,83270499,0,0,69539511,84522313,9943304,1329367,69539511,84522313,1610382,1420472,189910,https://www.sozialministerium.at/Informationen-zum-Coronavirus/Neuartiges-Coronavirus-(2019-nCov).html,0.11792830821148625
Austria,2022-02-18,154061824,154061824,0,59518654,83270499,0,0,69539511,84522313,0,0,69539511,84522313,1610382,1420472,189910,https://www.sozialministerium.at/Informationen-zum-Coronavirus/Neuartiges-Coronavirus-(2019-nCov).html,0.11792830821148625
Austria,2022-02-19,154061824,154061824,0,59518654,83270499,0,0,69539511,84522313,0,0,69539511,84522313,1610382,1420472,189910,https://www.sozialministerium.at/Informationen-zum-Coronavirus/Neuartiges-Coronavirus-(2019-nCov).html,0.11792830821148625
Austria,2022-02-20,155336402,155336402,1274578,59518654,83270499,0,0,70663780,84672622,1124269,150309,70663780,84672622,1792464,1581082,211382,https://www.sozialministerium.at/Informationen-zum-Coronavirus/Neuartiges-Coronavirus-(2019-nCov).html,0.11792830821148625
Austria,2022-02-21,155838597,155838597,502195,59518654,83270499,0,0,71106752,84731845,442972,59223,71106752,84731845,1864206,1644364,219843,https://www.sozialministerium.at/Informationen-zum-Coronavirus/Neuartiges-Coronavirus-(2019-nCov).html,0.11792830821148625
Austria,2022-02-22,156468799,156468799,630202,59518654,83270499,0,0,71662635,84806164,555883,74319,71662635,84806164,1954235,1723775,230460,https://www.sozialministerium.at/Informationen-zum-Coronavirus/Neuartiges-Coronavirus-(2019-nCov).html,0.11792830821148625
Austria,2022-02-23,157315892,157315892,847093,59518654,83270499,0,0,72409832,84906060,747197,99896,72409832,84906060,2075248,1830518,244731,https://www.sozialministerium.at/Informationen-zum-Coronavirus/Neuartiges-Coronavirus-(2019-nCov).html,0.11792830821148625
Austria,2022-02-24,157807151,157807151,491259,59518654,83270499,0,0,72843158,84963993,433326,57933,72843158,84963993,535047,471950,63097,https://www.sozialministerium.at/Informationen-zum-Coronavirus/Neuartiges-Coronavirus-(2019-nCov).html,0.11792830821148625
Austria,2022-02-25,157807151,157807151,0,59518654,83270499,0,0,72843158,84963993,0,0,72843158,84963993,535047,471950,63097,https://www.sozialministerium.at/Informationen-zum-Coronavirus/Neuartiges-Coronavirus-(2019-nCov).html,0.11792830821148625
Austria,2022-02-26,157807151,157807151,0,59518654,83270499,0,0,72843158,84963993,0,0,72843158,84963993,535047,471950,63097,https://www.sozialministerium.at/Informationen-zum-Coronavirus/Neuartiges-Coronavirus-(2019-nCov).html,0.11792830821148625
Austria,2022-02-27,158973339,158973339,1166188,59518654,83270499,0,0,73871819,85101520,1028661,137527,73871819,85101520,519562,458291,61271,https://www.sozialministerium.at/Informationen-zum-Coronavirus/Neuartiges-Coronavirus-(2019-nCov).html,0.11792830821148625
Austria,2022-02-28,159656629,159656629,683290,59518654,83270499,0,0,74474530,85182099,602711,80579,74474530,85182099,545433,481111,64322,https://www.sozialministerium.at/Informationen-zum-Coronavirus/Neuartiges-Coronavirus-(2019-nCov).html,0.11792830821148625
Austria,2022-03-01,160503829,160503829,847200,59518654,83270499,0,0,75221821,85282008,747291,99909,75221821,85282008,576433,508455,67978,https://www.sozialministerium.at/Informationen-zum-Coronavirus/Neuartiges-Coronavirus-(2019-nCov).html,0.11792830821148625
Austria,2022-03-02,161305125,161305125,801296,59518654,83270499,0,0,75928622,85376503,706801,94495,75928622,85376503,569890,502684,67206,https://www.sozialministerium.at/Informationen-zum-Coronavirus/Neuartiges-Coronavirus-(2019-nCov).html,0.11792830821148625
Austria,2022-03-03,161522349,161522349,217224,59518654,83270499,0,0,76120229,85402120,191607,25617,76120229,85402120,530743,468153,62590,https://www.sozialministerium.at/Informationen-zum-Coronavirus/Neuartiges-Coronavirus-(2019-nCov).html,0.11792830821148625
Austria,2022-03-04,161522349,161522349,0,59518654,83270499,0,0,76120229,85402120,0,0,76120229,85402120,530743,468153,62590,https://www.sozialministerium.at/Informationen-zum-Coronavirus/Neuartiges-Coronavirus-(2019-nCov).html,0.11792830821148625
Austria,2022-03-05,161522349,161522349,0,59518654,83270499,0,0,76120229,85402120,0,0,76120229,85402120,530743,468153,62590,https://www.sozialministerium.at/Informationen-zum-Coronavirus/Neuartiges-Coronavirus-(2019-nCov).html,0.11792830821148625
Austria,2022-03-06,162347984,162347984,825635,74136194,88211790,14617540,4941291,76737278,85610706,617049,208586,76737278,85610706,482092,409351,72741,https://www.sozialministerium.at/Informationen-zum-Coronavirus/Neuartiges-Coronavirus-(2019-nCov).html,0.2526373380904002
Austria,2022-03-07,162837175,162837175,489191,74564540,88272635,428346,60845,77165624,85671551,428346,60845,77165624,85671551,454364,384442,69922,https://www.sozialministerium.at/Informationen-zum-Coronavirus/Neuartiges-Coronavirus-(2019-nCov).html,0.12437882136016402
Austria,2022-03-08,163464616,163464616,627441,75100323,88364293,535783,91658,77701407,85763209,535783,91658,77701407,85763209,422970,354227,68743,https://www.sozialministerium.at/Informationen-zum-Coronavirus/Neuartiges-Coronavirus-(2019-nCov).html,0.14608226112096595
Austria,2022-03-09,164073801,164073801,609185,75570645,88503156,470322,138863,78171729,85902072,470322,138863,78171729,85902072,395525,320444,75081,https://www.sozialministerium.at/Informationen-zum-Coronavirus/Neuartiges-Coronavirus-(2019-nCov).html,0.22794881686187282
Austria,2022-03-10,164876915,164876915,803114,76031941,88844974,461296,341818,78633025,86243890,461296,341818,78633025,86243890,479224,358971,120253,https://www.sozialministerium.at/Informationen-zum-Coronavirus/Neuartiges-Coronavirus-(2019-nCov).html,0.4256157905353412
Austria,2022-03-11,165347447,165347447,470532,76467024,88880423,435083,35449,79068108,86279339,435083,35449,79068108,86279339,546443,421126,125317,https://www.sozialministerium.at/Informationen-zum-Coronavirus/Neuartiges-Coronavirus-(2019-nCov).html,0.0753381279062848
Austria,2022-03-12,166011635,166011635,664188,77082536,88929099,615512,48676,79683620,86328015,615512,48676,79683620,86328015,641327,509056,132271,https://www.sozialministerium.at/Informationen-zum-Coronavirus/Neuartiges-Coronavirus-(2019-nCov).html,0.07328647912940311
Austria,2022-03-13,166378307,166378307,366672,77426575,88951732,344039,22633,80027659,86350648,344039,22633,80027659,86350648,575760,470054,105706,https://www.sozialministerium.at/Informationen-zum-Coronavirus/Neuartiges-Coronavirus-(2019-nCov).html,0.06172546581140638
Austria,2022-03-14,166723590,166723590,345283,77743325,88980265,316750,28533,80344409,86379181,316750,28533,80344409,86379181,555202,454112,101090,https://www.sozialministerium.at/Informationen-zum-Coronavirus/Neuartiges-Coronavirus-(2019-nCov).html,0.0826365618927083
Austria,2022-03-15,167268269,167268269,544679,78174855,89093414,431530,113149,80775939,86492330,431530,113149,80775939,86492330,543379,439219,104160,https://www.sozialministerium.at/Informationen-zum-Coronavirus/Neuartiges-Coronavirus-(2019-nCov).html,0.2077351981625875
Austria,2022-03-16,168325419,168325419,1057150,78897256,89428163,722401,334749,81498340,86827079,722401,334749,81498340,86827079,607374,475230,132144,https://www.sozialministerium.at/Informationen-zum-Coronavirus/Neuartiges-Coronavirus-(2019-nCov).html,0.3166523199167573
Austria,2022-03-17,169094014,169094014,768595,79363955,89730059,466699,301896,81965039,87128975,466699,301896,81965039,87128975,602443,476002,126441,https://www.sozialministerium.at/Informationen-zum-Coronavirus/Neuartiges-Coronavirus-(2019-nCov).html,0.39278944047255054
Austria,2022-03-18,169566273,169566273,472259,79779435,89786838,415480,56779,82380519,87185754,415480,56779,82380519,87185754,602689,473202,129488,https://www.sozialministerium.at/Informationen-zum-Coronavirus/Neuartiges-Coronavirus-(2019-nCov).html,0.12022851867301629
Colombia,2021-06-08,17625675,17625675,124171,11976902,5648773,196867,123640,11976902,5648773,76270,47901,11976902,5648773,NA,NA,NA,https://infogram.com/panorama-general-1h7z2lgn3l9l4ow?live,0.3857638054707073
Colombia,2021-06-09,17799489,17799489,173814,11976902,5648773,0,0,12083665,5715824,106763,67051,12083665,5715824,NA,NA,NA,https://infogram.com/panorama-general-1h7z2lgn3l9l4ow?live,0.3857638054707073
Colombia,2021-06-10,17799489,17799489,0,11976902,5648773,0,0,12083665,5715824,0,0,12083665,5715824,NA,NA,NA,https://infogram.com/panorama-general-1h7z2lgn3l9l4ow?live,0.3857638054707073
Colombia,2021-06-11,17799489,17799489,0,12133538,5778507,156636,129734,12083665,5715824,0,0,12083665,5715824,NA,NA,NA,https://infogram.com/panorama-general-1h7z2lgn3l9l4ow?live,0.45302929776163703
Colombia,2021-06-12,17799489,17799489,0,12133538,5778507,0,0,12083665,5715824,0,0,12083665,5715824,NA,NA,NA,https://infogram.com/panorama-general-1h7z2lgn3l9l4ow?live,0.45302929776163703
Colombia,2021-06-13,18206556,18206556,407067,12237799,5876874,104261,98367,12293119,5913437,209454,197613,12293119,5913437,NA,NA,NA,https://infogram.com/panorama-general-1h7z2lgn3l9l4ow?live,0.48545610675721024
Colombia,2021-06-14,18206556,18206556,0,12237799,5876874,0,0,12293119,5913437,0,0,12293119,5913437,100722,56070,44652,https://infogram.com/panorama-general-1h7z2lgn3l9l4ow?live,0.48545610675721024
Colombia,2021-06-15,18340111,18340111,133555,12237799,5876874,0,0,12361839,5978272,68720,64835,12361839,5978272,102062,54991,47071,https://infogram.com/panorama-general-1h7z2lgn3l9l4ow?live,0.48545610675721024
Colombia,2021-06-16,18340111,18340111,0,12386306,5953805,148507,76931,12361839,5978272,0,0,12361839,5978272,77232,39739,37493,https://infogram.com/panorama-general-1h7z2lgn3l9l4ow?live,0.3412512531161561
Colombia,2021-06-17,18451017,18451017,110906,12450266,6000751,63960,46946,12425799,6025218,63960,46946,12425799,6025218,93075,48876,44199,https://infogram.com/panorama-general-1h7z2lgn3l9l4ow?live,0.4232954033145186
Colombia,2021-06-18,18671429,18671429,220412,12450266,6000751,0,0,12552912,6118517,127113,93299,12552912,6118517,124563,67035,57528,https://infogram.com/panorama-general-1h7z2lgn3l9l4ow?live,0.4232954033145186
Colombia,2021-06-19,18772724,18772724,101295,12450266,6000751,0,0,12611329,6161395,58417,42878,12611329,6161395,139034,75381,63653,https://infogram.com/panorama-general-1h7z2lgn3l9l4ow?live,0.4232954033145186
Colombia,2021-06-20,18849191,18849191,76467,12450266,6000751,0,0,12655428,6193763,44099,32368,12655428,6193763,91805,51758,40047,https://infogram.com/panorama-general-1h7z2lgn3l9l4ow?live,0.4232954033145186
Colombia,2021-06-21,18849191,18849191,0,12450266,6000751,0,0,12655428,6193763,0,0,12655428,6193763,91805,51758,40047,https://infogram.com/panorama-general-1h7z2lgn3l9l4ow?live,0.4232954033145186
Colombia,2021-06-22,18929047,18929047,79856,12710986,6218061,260720,217310,12698982,6230065,43554,36302,12698982,6230065,84134,48163,35970,https://infogram.com/panorama-general-1h7z2lgn3l9l4ow?live,0.45459489990167984
Colombia,2021-06-23,19040100,19040100,111053,12771176,6268924,60190,50863,12759172,6280928,60190,50863,12759172,6280928,99998,56762,43237,https://infogram.com/panorama-general-1h7z2lgn3l9l4ow?live,0.45800653741907016
Colombia,2021-06-24,19168055,19168055,127955,12827165,6340890,55989,71966,12815161,6352894,55989,71966,12815161,6352894,102434,55623,46811,https://infogram.com/panorama-general-1h7z2lgn3l9l4ow?live,0.5624321050369271
Colombia,2021-06-25,19409243,19409243,241188,12827165,6340890,0,0,12920697,6488546,105536,135652,12920697,6488546,105402,52541,52861,https://infogram.com/panorama-general-1h7z2lgn3l9l4ow?live,0.5624321050369271
Colombia,2021-06-26,19519944,19519944,110701,12827165,6340890,0,0,12969136,6550808,48439,62262,12969136,6550808,106746,51115,55630,https://infogram.com/panorama-general-1h7z2lgn3l9l4ow?live,0.5624321050369271
Colombia,2021-06-27,19519944,19519944,0,13014457,6505487,187292,164597,12969136,6550808,0,0,12969136,6550808,95822,44815,51006,https://infogram.com/panorama-general-1h7z2lgn3l9l4ow?live,0.4677526151712614
Colombia,2021-06-28,19519944,19519944,0,13014457,6505487,0,0,12969136,6550808,0,0,12969136,6550808,95822,44815,51006,https://infogram.com/panorama-general-1h7z2lgn3l9l4ow?live,0.4677526151712614
Colombia,2021-06-29,19822624,19822624,302680,13117346,6578319,102889,72832,13146363,6676261,177227,125453,13146363,6676261,127654,63912,63742,https://infogram.com/panorama-general-1h7z2lgn3l9l4ow?live,0.41447521923959
Colombia,2021-06-30,19936910,19936910,114286,13182990,6639634,65644,61315,13205454,6731456,59091,55195,13205454,6731456,128116,63755,64361,https://infogram.com/panorama-general-1h7z2lgn3l9l4ow?live,0.48295118896651673
Colombia,2021-07-01,20060182,20060182,123272,13182990,6639634,0,0,13269192,6790990,63738,59534,13269192,6790990,127447,64862,62585,https://infogram.com/panorama-general-1h7z2lgn3l9l4ow?live,0.48295118896651673
Colombia,2021-07-02,20060182,20060182,0,13305465,6754717,122475,115083,13269192,6790990,0,0,13269192,6790990,92991,49785,43206,https://infogram.com/panorama-general-1h7z2lgn3l9l4ow?live,0.4844416942388806
Colombia,2021-07-03,20060182,20060182,0,13305465,6754717,0,0,13269192,6790990,0,0,13269192,6790990,77177,42865,34312,https://infogram.com/panorama-general-1h7z2lgn3l9l4ow?live,0.4844416942388806
Colombia,2021-07-04,20384649,20384649,324467,13419109,6863034,113644,108317,13435319,6949330,166127,158340,13435319,6949330,123529,66598,56932,https://infogram.com/panorama-general-1h7z2lgn3l9l4ow?live,0.48800014416947124
Colombia,2021-07-05,20384649,20384649,0,13475059,6909590,55950,46556,13435319,6949330,0,0,13435319,6949330,123529,66598,56932,https://infogram.com/panorama-general-1h7z2lgn3l9l4ow?live,0.4541782920024194
Colombia,2021-07-06,20384649,20384649,0,13513159,6921960,38100,12370,13435319,6949330,0,0,13435319,6949330,80289,41279,39010,https://infogram.com/panorama-general-1h7z2lgn3l9l4ow?live,0.24509609669110363
Colombia,2021-07-07,20384649,20384649,0,13513159,6921960,0,0,13435319,6949330,0,0,13435319,6949330,63963,32838,31125,https://infogram.com/panorama-general-1h7z2lgn3l9l4ow?live,0.24509609669110363
Colombia,2021-07-08,20384649,20384649,0,13513159,6921960,0,0,13435319,6949330,0,0,13435319,6949330,46352,23732,22620,https://infogram.com/panorama-general-1h7z2lgn3l9l4ow?live,0.24509609669110363
Colombia,2021-07-09,20384649,20384649,0,13668071,7043858,154912,121898,13435319,6949330,0,0,13435319,6949330,46352,23732,22620,https://infogram.com/panorama-general-1h7z2lgn3l9l4ow?live,0.44036703876305044
Colombia,2021-07-10,20384649,20384649,0,13732835,7095452,64764,51594,13435319,6949330,0,0,13435319,6949330,46352,23732,22620,https://infogram.com/panorama-general-1h7z2lgn3l9l4ow?live,0.4434074150466663
Colombia,2021-07-11,20915420,20915420,530771,13775442,7139978,42607,44526,13694860,7220560,259541,271230,13694860,7220560,75824,37077,38747,https://infogram.com/panorama-general-1h7z2lgn3l9l4ow?live,0.5110119013462179
Colombia,2021-07-12,20915420,20915420,0,13775442,7139978,0,0,13694860,7220560,0,0,13694860,7220560,75824,37077,38747,https://infogram.com/panorama-general-1h7z2lgn3l9l4ow?live,0.5110119013462179
Colombia,2021-07-13,20915420,20915420,0,13869988,7190572,94546,50594,13694860,7220560,0,0,13694860,7220560,75824,37077,38747,https://infogram.com/panorama-general-1h7z2lgn3l9l4ow?live,0.34858757062146895
Colombia,2021-07-14,20915420,20915420,0,13923043,7233440,53055,42868,13694860,7220560,0,0,13694860,7220560,75824,37077,38747,https://infogram.com/panorama-general-1h7z2lgn3l9l4ow?live,0.446900117802821
Colombia,2021-07-15,20915420,20915420,0,13969656,7279768,46613,46328,13694860,7220560,0,0,13694860,7220560,75824,37077,38747,https://infogram.com/panorama-general-1h7z2lgn3l9l4ow?live,0.4984667692407011
Colombia,2021-07-16,21345447,21345447,430027,14020615,7324832,50959,45064,13923074,7422373,228214,201813,13923074,7422373,137257,69679,67578,https://infogram.com/panorama-general-1h7z2lgn3l9l4ow?live,0.4693042291950887
Colombia,2021-07-17,21439559,21439559,94112,14070940,7368619,50325,43787,13973399,7466160,50325,43787,13973399,7466160,150701,76869,73833,https://infogram.com/panorama-general-1h7z2lgn3l9l4ow?live,0.46526479088745326
Colombia,2021-07-18,21532578,21532578,93019,14121319,7411259,50379,42640,14023778,7508800,50379,42640,14023778,7508800,88165,46988,41177,https://infogram.com/panorama-general-1h7z2lgn3l9l4ow?live,0.4584009718444619
Colombia,2021-07-19,21612085,21612085,79507,14169064,7443021,47745,31762,14071523,7540562,47745,31762,14071523,7540562,99524,53809,45715,https://infogram.com/panorama-general-1h7z2lgn3l9l4ow?live,0.39948683763693765
Colombia,2021-07-20,21744142,21744142,132057,14169064,7443021,0,0,14150825,7593317,79302,52755,14150825,7593317,118389,65138,53251,https://infogram.com/panorama-general-1h7z2lgn3l9l4ow?live,0.39948683763693765
Colombia,2021-07-21,21744142,21744142,0,14169064,7443021,0,0,14150825,7593317,0,0,14150825,7593317,118389,65138,53251,https://infogram.com/panorama-general-1h7z2lgn3l9l4ow?live,0.39948683763693765
Colombia,2021-07-22,21744142,21744142,0,14169064,7443021,0,0,14150825,7593317,0,0,14150825,7593317,118389,65138,53251,https://infogram.com/panorama-general-1h7z2lgn3l9l4ow?live,0.39948683763693765
Colombia,2021-07-23,21744142,21744142,0,14169064,7443021,0,0,14150825,7593317,0,0,14150825,7593317,56956,32536,24421,https://infogram.com/panorama-general-1h7z2lgn3l9l4ow?live,0.39948683763693765
Colombia,2021-07-24,21744142,21744142,0,14364811,7588536,195747,145515,14150825,7593317,0,0,14150825,7593317,43512,25347,18165,https://infogram.com/panorama-general-1h7z2lgn3l9l4ow?live,0.4264025880408601
Colombia,2021-07-25,21744142,21744142,0,14364811,7588536,0,0,14150825,7593317,0,0,14150825,7593317,30223,18150,12074,https://infogram.com/panorama-general-1h7z2lgn3l9l4ow?live,0.4264025880408601
Colombia,2021-07-26,22098977,22098977,354835,14442974,7656003,78163,67467,14341273,7757704,190448,164387,14341273,7757704,69556,38536,31020,https://infogram.com/panorama-general-1h7z2lgn3l9l4ow?live,0.46327679736318067
Colombia,2021-07-27,22098977,22098977,0,14442974,7656003,0,0,14341273,7757704,0,0,14341273,7757704,50691,27207,23484,https://infogram.com/panorama-general-1h7z2lgn3l9l4ow?live,0.46327679736318067
Colombia,2021-07-28,22098977,22098977,0,14442974,7656003,0,0,14341273,7757704,0,0,14341273,7757704,50691,27207,23484,https://infogram.com/panorama-general-1h7z2lgn3l9l4ow?live,0.46327679736318067
Colombia,2021-07-29,22098977,22098977,0,14442974,7656003,0,0,14341273,7757704,0,0,14341273,7757704,50691,27207,23484,https://infogram.com/panorama-general-1h7z2lgn3l9l4ow?live,0.46327679736318067
Colombia,2021-07-30,22098977,22098977,0,14442974,7656003,0,0,14341273,7757704,0,0,14341273,7757704,50691,27207,23484,https://infogram.com/panorama-general-1h7z2lgn3l9l4ow?live,0.46327679736318067
Colombia,2021-07-31,22448016,22448016,349039,14625390,7822626,182416,166623,14523689,7924327,182416,166623,14523689,7924327,100553,53266,47287,https://infogram.com/panorama-general-1h7z2lgn3l9l4ow?live,0.4773764536341211
Colombia,2021-08-01,22448016,22448016,0,14625390,7822626,0,0,14523689,7924327,0,0,14523689,7924327,100553,53266,47287,https://infogram.com/panorama-general-1h7z2lgn3l9l4ow?live,0.4773764536341211
Colombia,2021-08-02,22609561,22609561,161545,14706998,7902563,81608,79937,14605297,8004264,81608,79937,14605297,8004264,72941,37718,35223,https://infogram.com/panorama-general-1h7z2lgn3l9l4ow?live,0.4948280664830233
Colombia,2021-08-03,22609561,22609561,0,14706998,7902563,0,0,14605297,8004264,0,0,14605297,8004264,72941,37718,35223,https://infogram.com/panorama-general-1h7z2lgn3l9l4ow?live,0.4948280664830233
Colombia,2021-08-04,22609561,22609561,0,14706998,7902563,0,0,14605297,8004264,0,0,14605297,8004264,72941,37718,35223,https://infogram.com/panorama-general-1h7z2lgn3l9l4ow?live,0.4948280664830233
Colombia,2021-08-05,22609561,22609561,0,14706998,7902563,0,0,14605297,8004264,0,0,14605297,8004264,72941,37718,35223,https://infogram.com/panorama-general-1h7z2lgn3l9l4ow?live,0.4948280664830233
Colombia,2021-08-06,22837298,22837298,227737,14827165,8010133,120167,107570,14725464,8111834,120167,107570,14725464,8111834,105474,54884,50590,https://infogram.com/panorama-general-1h7z2lgn3l9l4ow?live,0.47234309752038534
Colombia,2021-08-07,22837298,22837298,0,14827165,8010133,0,0,14725464,8111834,0,0,14725464,8111834,55612,28825,26787,https://infogram.com/panorama-general-1h7z2lgn3l9l4ow?live,0.47234309752038534
Colombia,2021-08-08,22837298,22837298,0,14827165,8010133,0,0,14725464,8111834,0,0,14725464,8111834,55612,28825,26787,https://infogram.com/panorama-general-1h7z2lgn3l9l4ow?live,0.47234309752038534
Colombia,2021-08-09,22837298,22837298,0,14827165,8010133,0,0,14725464,8111834,0,0,14725464,8111834,32534,17167,15367,https://infogram.com/panorama-general-1h7z2lgn3l9l4ow?live,0.47234309752038534
Colombia,2021-08-10,23060033,23060033,222735,14950830,8109203,123665,99070,14849129,8210904,123665,99070,14849129,8210904,64353,34833,29520,https://infogram.com/panorama-general-1h7z2lgn3l9l4ow?live,0.4447886501896873
Colombia,2021-08-11,23113937,23113937,53904,14974564,8139373,23734,30170,14872863,8241074,23734,30170,14872863,8241074,72054,38224,33830,https://infogram.com/panorama-general-1h7z2lgn3l9l4ow?live,0.5596987236568715
Colombia,2021-08-12,23172860,23172860,58923,15000118,8172742,25554,33369,14898417,8274443,25554,33369,14898417,8274443,80471,41874,38597,https://infogram.com/panorama-general-1h7z2lgn3l9l4ow?live,0.566315360725014
Colombia,2021-08-13,23233309,23233309,60449,15028139,8205170,28021,32428,14926438,8306871,28021,32428,14926438,8306871,56573,28711,27862,https://infogram.com/panorama-general-1h7z2lgn3l9l4ow?live,0.5364522159175503
Colombia,2021-08-14,23233309,23233309,0,15028139,8205170,0,0,14926438,8306871,0,0,14926438,8306871,56573,28711,27862,https://infogram.com/panorama-general-1h7z2lgn3l9l4ow?live,0.5364522159175503
Colombia,2021-08-15,23233309,23233309,0,15028139,8205170,0,0,14926438,8306871,0,0,14926438,8306871,56573,28711,27862,https://infogram.com/panorama-general-1h7z2lgn3l9l4ow?live,0.5364522159175503
Colombia,2021-08-16,23233309,23233309,0,15028139,8205170,0,0,14926438,8306871,0,0,14926438,8306871,56573,28711,27862,https://infogram.com/panorama-general-1h7z2lgn3l9l4ow?live,0.5364522159175503
Colombia,2021-08-17,23479835,23479835,246526,15028139,8205170,0,0,15040715,8439120,114277,132249,15040715,8439120,59972,27369,32602,https://infogram.com/panorama-general-1h7z2lgn3l9l4ow?live,0.5364522159175503
Colombia,2021-08-18,23530438,23530438,50603,15028139,8205170,0,0,15064172,8466266,23457,27146,15064172,8466266,59500,27330,32170,https://infogram.com/panorama-general-1h7z2lgn3l9l4ow?live,0.5364522159175503
Colombia,2021-08-19,23587059,23587059,56621,15028139,8205170,0,0,15090419,8496640,26247,30374,15090419,8496640,59171,27429,31742,https://infogram.com/panorama-general-1h7z2lgn3l9l4ow?live,0.5364522159175503
Colombia,2021-08-20,23647617,23647617,60558,15028139,8205170,0,0,15118491,8529126,28072,32486,15118491,8529126,59187,27436,31751,https://infogram.com/panorama-general-1h7z2lgn3l9l4ow?live,0.5364522159175503
Colombia,2021-08-21,23701448,23701448,53831,15267093,8434355,238954,229185,15145968,8555480,27477,26354,15145968,8555480,66877,31361,35516,https://infogram.com/panorama-general-1h7z2lgn3l9l4ow?live,0.48956613313567127
Colombia,2021-08-22,23754923,23754923,53475,15296483,8458440,29390,24085,15175358,8579565,29390,24085,15175358,8579565,74516,35560,38956,https://infogram.com/panorama-general-1h7z2lgn3l9l4ow?live,0.4503973819541842
Colombia,2021-08-23,23754923,23754923,0,15296483,8458440,0,0,15175358,8579565,0,0,15175358,8579565,74516,35560,38956,https://infogram.com/panorama-general-1h7z2lgn3l9l4ow?live,0.4503973819541842
Colombia,2021-08-24,23831605,23831605,76682,15296483,8458440,0,0,15217503,8614102,42145,34537,15217503,8614102,50253,25255,24997,https://infogram.com/panorama-general-1h7z2lgn3l9l4ow?live,0.4503973819541842
Colombia,2021-08-25,23883552,23883552,51947,15296483,8458440,0,0,15246053,8637499,28550,23397,15246053,8637499,50445,25983,24462,https://infogram.com/panorama-general-1h7z2lgn3l9l4ow?live,0.4503973819541842
Colombia,2021-08-26,23936680,23936680,53128,15392191,8544489,95708,86049,15274029,8662651,27976,25152,15274029,8662651,49946,26230,23716,https://infogram.com/panorama-general-1h7z2lgn3l9l4ow?live,0.4734288087941592
Colombia,2021-08-27,23936680,23936680,0,15392191,8544489,0,0,15274029,8662651,0,0,15274029,8662651,41295,22220,19075,https://infogram.com/panorama-general-1h7z2lgn3l9l4ow?live,0.4734288087941592
Colombia,2021-08-28,23936680,23936680,0,15421830,8570357,29639,25868,15274029,8662651,0,0,15274029,8662651,33605,18294,15310,https://infogram.com/panorama-general-1h7z2lgn3l9l4ow?live,0.466031311366134
Colombia,2021-08-29,24043550,24043550,106870,15448348,8595202,26518,24845,15329204,8714346,55175,51695,15329204,8714346,41232,21978,19254,https://infogram.com/panorama-general-1h7z2lgn3l9l4ow?live,0.48371395751805774
Colombia,2021-08-30,24121717,24121717,78167,15448348,8595202,0,0,15369561,8752156,40357,37810,15369561,8752156,52399,27743,24656,https://infogram.com/panorama-general-1h7z2lgn3l9l4ow?live,0.48371395751805774
Colombia,2021-08-31,24169791,24169791,48074,15448348,8595202,0,0,15394381,8775410,24820,23254,15394381,8775410,48312,25268,23044,https://infogram.com/panorama-general-1h7z2lgn3l9l4ow?live,0.48371395751805774
Colombia,2021-09-01,24217542,24217542,47751,15448348,8595202,0,0,15419034,8798508,24653,23098,15419034,8798508,47713,24712,23001,https://infogram.com/panorama-general-1h7z2lgn3l9l4ow?live,0.48371395751805774
Colombia,2021-09-02,24217542,24217542,0,15541569,8675973,93221,80771,15419034,8798508,0,0,15419034,8798508,40123,20715,19408,https://infogram.com/panorama-general-1h7z2lgn3l9l4ow?live,0.46422249298818336
Colombia,2021-09-03,24268743,24268743,51201,15568018,8700725,26449,24752,15445483,8823260,26449,24752,15445483,8823260,47438,24493,22944,https://infogram.com/panorama-general-1h7z2lgn3l9l4ow?live,0.4834280580457413
Colombia,2021-09-04,24322614,24322614,53871,15598014,8724600,29996,23875,15475479,8847135,29996,23875,15475479,8847135,55133,28779,26355,https://infogram.com/panorama-general-1h7z2lgn3l9l4ow?live,0.4431883573722411
Colombia,2021-09-05,24322614,24322614,0,15598014,8724600,0,0,15475479,8847135,0,0,15475479,8847135,39866,20896,18970,https://infogram.com/panorama-general-1h7z2lgn3l9l4ow?live,0.4431883573722411
Colombia,2021-09-06,24322614,24322614,0,15598014,8724600,0,0,15475479,8847135,0,0,15475479,8847135,28700,15131,13568,https://infogram.com/panorama-general-1h7z2lgn3l9l4ow?live,0.4431883573722411
Colombia,2021-09-07,24493353,24493353,170739,15598014,8724600,0,0,15570548,8922805,95069,75670,15570548,8922805,46223,25167,21056,https://infogram.com/panorama-general-1h7z2lgn3l9l4ow?live,0.4431883573722411
Colombia,2021-09-08,24493353,24493353,0,15598014,8724600,0,0,15570548,8922805,0,0,15570548,8922805,39402,21645,17757,https://infogram.com/panorama-general-1h7z2lgn3l9l4ow?live,0.4431883573722411
Colombia,2021-09-09,24493353,24493353,0,15598014,8724600,0,0,15570548,8922805,0,0,15570548,8922805,39402,21645,17757,https://infogram.com/panorama-general-1h7z2lgn3l9l4ow?live,0.4431883573722411
Colombia,2021-09-10,24598042,24598042,104689,15737214,8860828,139200,136228,15623457,8974585,52909,51780,15623457,8974585,47043,25425,21618,https://infogram.com/panorama-general-1h7z2lgn3l9l4ow?live,0.4946047605907896
Colombia,2021-09-11,24598042,24598042,0,15737214,8860828,0,0,15623457,8974585,0,0,15623457,8974585,39347,21140,18207,https://infogram.com/panorama-general-1h7z2lgn3l9l4ow?live,0.4946047605907896
Colombia,2021-09-12,24598042,24598042,0,15791206,8901961,53992,41133,15623457,8974585,0,0,15623457,8974585,39347,21140,18207,https://infogram.com/panorama-general-1h7z2lgn3l9l4ow?live,0.4324099868593955
Colombia,2021-09-13,24769016,24769016,170974,15839098,8929918,47892,27957,15731412,9037604,107955,63019,15731412,9037604,63772,36562,27210,https://infogram.com/panorama-general-1h7z2lgn3l9l4ow?live,0.3685875884982004
Colombia,2021-09-14,24818784,24818784,49768,15839098,8929918,0,0,15762836,9055948,31424,18344,15762836,9055948,46490,27470,19020,https://infogram.com/panorama-general-1h7z2lgn3l9l4ow?live,0.3685875884982004
Colombia,2021-09-15,24864504,24864504,45720,15879595,8984909,40497,54991,15782226,9082278,19390,26330,15782226,9082278,53022,30240,22782,https://infogram.com/panorama-general-1h7z2lgn3l9l4ow?live,0.5758943532171582
Colombia,2021-09-16,24864504,24864504,0,15879595,8984909,0,0,15782226,9082278,0,0,15782226,9082278,53022,30240,22782,https://infogram.com/panorama-general-1h7z2lgn3l9l4ow?live,0.5758943532171582
Colombia,2021-09-17,24864504,24864504,0,15879595,8984909,0,0,15782226,9082278,0,0,15782226,9082278,38066,22681,15385,https://infogram.com/panorama-general-1h7z2lgn3l9l4ow?live,0.5758943532171582
Colombia,2021-09-18,24864504,24864504,0,15879595,8984909,0,0,15782226,9082278,0,0,15782226,9082278,38066,22681,15385,https://infogram.com/panorama-general-1h7z2lgn3l9l4ow?live,0.5758943532171582
Colombia,2021-09-19,24864504,24864504,0,15959737,9051317,80142,66408,15782226,9082278,0,0,15782226,9082278,38066,22681,15385,https://infogram.com/panorama-general-1h7z2lgn3l9l4ow?live,0.45314227226202664
Colombia,2021-09-20,24864504,24864504,0,15959737,9051317,0,0,15782226,9082278,0,0,15782226,9082278,13641,7259,6382,https://infogram.com/panorama-general-1h7z2lgn3l9l4ow?live,0.45314227226202664
Colombia,2021-09-21,25085322,25085322,220818,16004322,9081000,44585,29683,15914789,9170533,132563,88255,15914789,9170533,38077,21708,16369,https://infogram.com/panorama-general-1h7z2lgn3l9l4ow?live,0.3996741530672699
Colombia,2021-09-22,25135649,25135649,50327,16028313,9107336,23991,26336,15938780,9196869,23991,26336,15938780,9196869,38735,22365,16370,https://infogram.com/panorama-general-1h7z2lgn3l9l4ow?live,0.52329763347706
Colombia,2021-09-23,25183060,25183060,47411,16047715,9135345,19402,28009,15958182,9224878,19402,28009,15958182,9224878,45508,25137,20371,https://infogram.com/panorama-general-1h7z2lgn3l9l4ow?live,0.5907700744552952
Colombia,2021-09-24,25232844,25232844,49784,16076168,9156676,28453,21331,15986635,9246209,28453,21331,15986635,9246209,52620,29201,23419,https://infogram.com/panorama-general-1h7z2lgn3l9l4ow?live,0.42847099469709143
Colombia,2021-09-25,25232844,25232844,0,16076168,9156676,0,0,15986635,9246209,0,0,15986635,9246209,52620,29201,23419,https://infogram.com/panorama-general-1h7z2lgn3l9l4ow?live,0.42847099469709143
Colombia,2021-09-26,25232844,25232844,0,16076168,9156676,0,0,15986635,9246209,0,0,15986635,9246209,52620,29201,23419,https://infogram.com/panorama-general-1h7z2lgn3l9l4ow?live,0.42847099469709143
Colombia,2021-09-27,25232844,25232844,0,16177875,9226695,101707,70019,15986635,9246209,0,0,15986635,9246209,52620,29201,23419,https://infogram.com/panorama-general-1h7z2lgn3l9l4ow?live,0.40773674341683847
Colombia,2021-09-28,25404570,25404570,171726,16177875,9226695,0,0,16088342,9316228,101707,70019,16088342,9316228,45607,24793,20814,https://infogram.com/panorama-general-1h7z2lgn3l9l4ow?live,0.40773674341683847
Colombia,2021-09-29,25404570,25404570,0,16177875,9226695,0,0,16088342,9316228,0,0,16088342,9316228,38417,21366,17051,https://infogram.com/panorama-general-1h7z2lgn3l9l4ow?live,0.40773674341683847
Colombia,2021-09-30,25404570,25404570,0,16177875,9226695,0,0,16088342,9316228,0,0,16088342,9316228,31644,18594,13050,https://infogram.com/panorama-general-1h7z2lgn3l9l4ow?live,0.40773674341683847
Colombia,2021-10-01,25404570,25404570,0,16177875,9226695,0,0,16088342,9316228,0,0,16088342,9316228,24532,14530,10003,https://infogram.com/panorama-general-1h7z2lgn3l9l4ow?live,0.40773674341683847
Colombia,2021-10-02,25404570,25404570,0,16177875,9226695,0,0,16088342,9316228,0,0,16088342,9316228,24532,14530,10003,https://infogram.com/panorama-general-1h7z2lgn3l9l4ow?live,0.40773674341683847
Colombia,2021-10-03,25404570,25404570,0,16317372,9353207,139497,126512,16088342,9316228,0,0,16088342,9316228,24532,14530,10003,https://infogram.com/panorama-general-1h7z2lgn3l9l4ow?live,0.4755929310662421
Colombia,2021-10-04,25404570,25404570,0,16317372,9353207,0,0,16088342,9316228,0,0,16088342,9316228,24532,14530,10003,https://infogram.com/panorama-general-1h7z2lgn3l9l4ow?live,0.4755929310662421
Colombia,2021-10-05,25404570,25404570,0,16317372,9353207,0,0,16088342,9316228,0,0,16088342,9316228,0,0,0,https://infogram.com/panorama-general-1h7z2lgn3l9l4ow?live,0.4755929310662421
Colombia,2021-10-06,25404570,25404570,0,16317372,9353207,0,0,16088342,9316228,0,0,16088342,9316228,0,0,0,https://infogram.com/panorama-general-1h7z2lgn3l9l4ow?live,0.4755929310662421
Colombia,2021-10-07,25404570,25404570,0,16384292,9411011,66920,57804,16088342,9316228,0,0,16088342,9316228,0,0,0,https://infogram.com/panorama-general-1h7z2lgn3l9l4ow?live,0.4634553093229852
Colombia,2021-10-08,25404570,25404570,0,16384292,9411011,0,0,16088342,9316228,0,0,16088342,9316228,0,0,0,https://infogram.com/panorama-general-1h7z2lgn3l9l4ow?live,0.4634553093229852
Colombia,2021-10-09,25404570,25404570,0,16384292,9411011,0,0,16088342,9316228,0,0,16088342,9316228,0,0,0,https://infogram.com/panorama-general-1h7z2lgn3l9l4ow?live,0.4634553093229852
Colombia,2021-10-10,25404570,25404570,0,16460865,9477637,76573,66626,16088342,9316228,0,0,16088342,9316228,0,0,0,https://infogram.com/panorama-general-1h7z2lgn3l9l4ow?live,0.46526861221097915
Colombia,2021-10-11,25404570,25404570,0,16460865,9477637,0,0,16088342,9316228,0,0,16088342,9316228,0,0,0,https://infogram.com/panorama-general-1h7z2lgn3l9l4ow?live,0.46526861221097915
Colombia,2021-10-12,25404570,25404570,0,16505652,9505479,44787,27842,16088342,9316228,0,0,16088342,9316228,0,0,0,https://infogram.com/panorama-general-1h7z2lgn3l9l4ow?live,0.38334549560093073
Colombia,2021-10-13,25404570,25404570,0,16505652,9505479,0,0,16088342,9316228,0,0,16088342,9316228,0,0,0,https://infogram.com/panorama-general-1h7z2lgn3l9l4ow?live,0.38334549560093073
Colombia,2021-10-14,25404570,25404570,0,16505652,9505479,0,0,16088342,9316228,0,0,16088342,9316228,0,0,0,https://infogram.com/panorama-general-1h7z2lgn3l9l4ow?live,0.38334549560093073
Colombia,2021-10-15,25404570,25404570,0,16569494,9579440,63842,73961,16088342,9316228,0,0,16088342,9316228,0,0,0,https://infogram.com/panorama-general-1h7z2lgn3l9l4ow?live,0.5367154561221453
Colombia,2021-10-16,25404570,25404570,0,16569494,9579440,0,0,16088342,9316228,0,0,16088342,9316228,0,0,0,https://infogram.com/panorama-general-1h7z2lgn3l9l4ow?live,0.5367154561221453
Colombia,2021-10-17,25404570,25404570,0,16569494,9579440,0,0,16088342,9316228,0,0,16088342,9316228,0,0,0,https://infogram.com/panorama-general-1h7z2lgn3l9l4ow?live,0.5367154561221453
Colombia,2021-10-18,25404570,25404570,0,16633143,9633857,63649,54417,16088342,9316228,0,0,16088342,9316228,0,0,0,https://infogram.com/panorama-general-1h7z2lgn3l9l4ow?live,0.46090322362068675
Colombia,2021-10-19,26295671,26295671,891101,16651483,9644188,18340,10331,16658353,9637318,570011,321090,16658353,9637318,127300,81430,45870,https://infogram.com/panorama-general-1h7z2lgn3l9l4ow?live,0.3603292525548464
Colombia,2021-10-20,26358743,26358743,63072,16683112,9675631,31629,31443,16689982,9668761,31629,31443,16689982,9668761,136310,85949,50362,https://infogram.com/panorama-general-1h7z2lgn3l9l4ow?live,0.4985254946727549
Colombia,2021-10-21,26358743,26358743,0,16683112,9675631,0,0,16689982,9668761,0,0,16689982,9668761,136310,85949,50362,https://infogram.com/panorama-general-1h7z2lgn3l9l4ow?live,0.4985254946727549
Colombia,2021-10-22,26405615,26405615,46872,16704316,9701299,21204,25668,16711186,9694429,21204,25668,16711186,9694429,143006,88978,54029,https://infogram.com/panorama-general-1h7z2lgn3l9l4ow?live,0.5476190476190477
Colombia,2021-10-23,26451223,26451223,45608,16728055,9723168,23739,21869,16734925,9716298,23739,21869,16734925,9716298,149522,92369,57153,https://infogram.com/panorama-general-1h7z2lgn3l9l4ow?live,0.47949921066479567
Colombia,2021-10-24,26494409,26494409,43186,16750741,9743668,22686,20500,16757611,9736798,22686,20500,16757611,9736798,155691,95610,60081,https://infogram.com/panorama-general-1h7z2lgn3l9l4ow?live,0.47469087204186544
Colombia,2021-10-25,26525120,26525120,30711,16770261,9754859,19520,11191,16777131,9747989,19520,11191,16777131,9747989,160079,98398,61680,https://infogram.com/panorama-general-1h7z2lgn3l9l4ow?live,0.3643971215525382
Colombia,2021-10-26,26525120,26525120,0,16770261,9754859,0,0,16777131,9747989,0,0,16777131,9747989,32778,16968,15810,https://infogram.com/panorama-general-1h7z2lgn3l9l4ow?live,0.3643971215525382
Colombia,2021-10-27,26525120,26525120,0,16837188,9813953,66927,59094,16777131,9747989,0,0,16777131,9747989,23768,12450,11318,https://infogram.com/panorama-general-1h7z2lgn3l9l4ow?live,0.4689218463589402
Colombia,2021-10-28,26651141,26651141,126021,16837188,9813953,0,0,16844058,9807083,66927,59094,16844058,9807083,41771,22011,19760,https://infogram.com/panorama-general-1h7z2lgn3l9l4ow?live,0.4689218463589402
Colombia,2021-10-29,26651141,26651141,0,16837188,9813953,0,0,16844058,9807083,0,0,16844058,9807083,35075,18982,16093,https://infogram.com/panorama-general-1h7z2lgn3l9l4ow?live,0.4689218463589402
Colombia,2021-10-30,26651141,26651141,0,16884846,9857063,47658,43110,16844058,9807083,0,0,16844058,9807083,28560,15590,12969,https://infogram.com/panorama-general-1h7z2lgn3l9l4ow?live,0.47494711792702277
Colombia,2021-10-31,26651141,26651141,0,16884846,9857063,0,0,16844058,9807083,0,0,16844058,9807083,22390,12350,10041,https://infogram.com/panorama-general-1h7z2lgn3l9l4ow?live,0.47494711792702277
Colombia,2021-11-01,26845376,26845376,194235,16948159,9897217,63313,40154,16962913,9882463,118855,75380,16962913,9882463,45751,26540,19211,https://infogram.com/panorama-general-1h7z2lgn3l9l4ow?live,0.38808508993205565
Colombia,2021-11-02,26871137,26871137,25761,16965222,9905915,17063,8698,16979976,9891161,17063,8698,16979976,9891161,49431,28978,20453,https://infogram.com/panorama-general-1h7z2lgn3l9l4ow?live,0.33764217227592097
Colombia,2021-11-03,26871137,26871137,0,16965222,9905915,0,0,16979976,9891161,0,0,16979976,9891161,49431,28978,20453,https://infogram.com/panorama-general-1h7z2lgn3l9l4ow?live,0.33764217227592097
Colombia,2021-11-04,26871137,26871137,0,16965222,9905915,0,0,16979976,9891161,0,0,16979976,9891161,31428,19417,12011,https://infogram.com/panorama-general-1h7z2lgn3l9l4ow?live,0.33764217227592097
Colombia,2021-11-05,26871137,26871137,0,17002341,9950154,37119,44239,16979976,9891161,0,0,16979976,9891161,31428,19417,12011,https://infogram.com/panorama-general-1h7z2lgn3l9l4ow?live,0.5437572211706286
Colombia,2021-11-06,26997594,26997594,126457,17026887,9970707,24546,20553,17048803,9948791,68827,57630,17048803,9948791,49493,29249,20244,https://infogram.com/panorama-general-1h7z2lgn3l9l4ow?live,0.4557307257367126
Colombia,2021-11-07,27042399,27042399,44805,17051146,9991253,24259,20546,17073062,9969337,24259,20546,17073062,9969337,55894,32715,23179,https://infogram.com/panorama-general-1h7z2lgn3l9l4ow?live,0.458564892311126
Colombia,2021-11-08,27073018,27073018,30619,17070134,10002884,18988,11631,17092050,9980968,18988,11631,17092050,9980968,32520,18448,14072,https://infogram.com/panorama-general-1h7z2lgn3l9l4ow?live,0.3798621770795911
Colombia,2021-11-09,27119056,27119056,46038,17100065,10018991,29931,16107,17121981,9997075,29931,16107,17121981,9997075,35417,20286,15131,https://infogram.com/panorama-general-1h7z2lgn3l9l4ow?live,0.3498631565228724
Colombia,2021-11-10,27164477,27164477,45421,17119880,10044597,19815,25606,17141796,10022681,19815,25606,17141796,10022681,41906,23117,18789,https://infogram.com/panorama-general-1h7z2lgn3l9l4ow?live,0.5637480460579908
Colombia,2021-11-11,27210750,27210750,46273,17140547,10070203,20667,25606,17162463,10048287,20667,25606,17162463,10048287,48516,26070,22447,https://infogram.com/panorama-general-1h7z2lgn3l9l4ow?live,0.5533680548051779
Colombia,2021-11-12,27210750,27210750,0,17140547,10070203,0,0,17162463,10048287,0,0,17162463,10048287,48516,26070,22447,https://infogram.com/panorama-general-1h7z2lgn3l9l4ow?live,0.5533680548051779
Colombia,2021-11-13,27210750,27210750,0,17191138,10116308,50591,46105,17162463,10048287,0,0,17162463,10048287,30451,16237,14214,https://infogram.com/panorama-general-1h7z2lgn3l9l4ow?live,0.47680359063456607
Colombia,2021-11-14,27210750,27210750,0,17191138,10116308,0,0,17162463,10048287,0,0,17162463,10048287,24050,12772,11279,https://infogram.com/panorama-general-1h7z2lgn3l9l4ow?live,0.47680359063456607
Colombia,2021-11-15,27210750,27210750,0,17191138,10116308,0,0,17162463,10048287,0,0,17162463,10048287,19676,10059,9617,https://infogram.com/panorama-general-1h7z2lgn3l9l4ow?live,0.47680359063456607
Colombia,2021-11-16,27429312,27429312,218562,17263770,10165542,72632,49234,17292726,10136586,130263,88299,17292726,10136586,44322,24392,19930,https://infogram.com/panorama-general-1h7z2lgn3l9l4ow?live,0.4040011159798467
Colombia,2021-11-17,27429312,27429312,0,17263770,10165542,0,0,17292726,10136586,0,0,17292726,10136586,37834,21561,16272,https://infogram.com/panorama-general-1h7z2lgn3l9l4ow?live,0.4040011159798467
Colombia,2021-11-18,27429312,27429312,0,17304882,10205570,41112,40028,17292726,10136586,0,0,17292726,10136586,31223,18609,12614,https://infogram.com/panorama-general-1h7z2lgn3l9l4ow?live,0.4933201873305398
Colombia,2021-11-19,27557748,27557748,128436,17324487,10233261,19605,27691,17345965,10211783,53239,75197,17345965,10211783,49571,26215,23357,https://infogram.com/panorama-general-1h7z2lgn3l9l4ow?live,0.5854829161028416
Colombia,2021-11-20,27610201,27610201,52453,17351513,10258688,27026,25427,17372991,10237210,27026,25427,17372991,10237210,57064,30075,26989,https://infogram.com/panorama-general-1h7z2lgn3l9l4ow?live,0.48475778315825596
Colombia,2021-11-21,27610201,27610201,0,17351513,10258688,0,0,17372991,10237210,0,0,17372991,10237210,57064,30075,26989,https://infogram.com/panorama-general-1h7z2lgn3l9l4ow?live,0.48475778315825596
Colombia,2021-11-22,27610201,27610201,0,17351513,10258688,0,0,17372991,10237210,0,0,17372991,10237210,57064,30075,26989,https://infogram.com/panorama-general-1h7z2lgn3l9l4ow?live,0.48475778315825596
Colombia,2021-11-23,27788024,27788024,177823,17452443,10335581,100930,76893,17473921,10314103,100930,76893,17473921,10314103,51245,25885,25360,https://infogram.com/panorama-general-1h7z2lgn3l9l4ow?live,0.43241312991007913
Colombia,2021-11-24,27788024,27788024,0,17452443,10335581,0,0,17473921,10314103,0,0,17473921,10314103,51245,25885,25360,https://infogram.com/panorama-general-1h7z2lgn3l9l4ow?live,0.43241312991007913
Colombia,2021-11-25,27788024,27788024,0,17452443,10335581,0,0,17473921,10314103,0,0,17473921,10314103,51245,25885,25360,https://infogram.com/panorama-general-1h7z2lgn3l9l4ow?live,0.43241312991007913
Colombia,2021-11-26,27891010,27891010,102986,17501090,10389920,48647,54339,17522568,10368442,48647,54339,17522568,10368442,47609,25229,22380,https://infogram.com/panorama-general-1h7z2lgn3l9l4ow?live,0.5276348241508555
Colombia,2021-11-27,27891010,27891010,0,17501090,10389920,0,0,17522568,10368442,0,0,17522568,10368442,40116,21368,18747,https://infogram.com/panorama-general-1h7z2lgn3l9l4ow?live,0.5276348241508555
Colombia,2021-11-28,28017929,28017929,126919,17573943,10443986,72853,54066,17595421,10422508,72853,54066,17595421,10422508,58247,31776,26471,https://infogram.com/panorama-general-1h7z2lgn3l9l4ow?live,0.42598822871280106
Colombia,2021-11-29,28017929,28017929,0,17573943,10443986,0,0,17595421,10422508,0,0,17595421,10422508,58247,31776,26471,https://infogram.com/panorama-general-1h7z2lgn3l9l4ow?live,0.42598822871280106
Colombia,2021-11-30,28017929,28017929,0,17573943,10443986,0,0,17595421,10422508,0,0,17595421,10422508,32844,17357,15486,https://infogram.com/panorama-general-1h7z2lgn3l9l4ow?live,0.42598822871280106
Colombia,2021-12-01,28017929,28017929,0,17645170,10515535,71227,71549,17595421,10422508,0,0,17595421,10422508,32844,17357,15486,https://infogram.com/panorama-general-1h7z2lgn3l9l4ow?live,0.5011276404998039
Colombia,2021-12-02,28160705,28160705,142776,17645170,10515535,0,0,17666648,10494057,71227,71549,17666648,10494057,53240,27532,25708,https://infogram.com/panorama-general-1h7z2lgn3l9l4ow?live,0.5011276404998039
Colombia,2021-12-03,28258816,28258816,98111,17696244,10562572,51074,47037,17717722,10541094,51074,47037,17717722,10541094,52544,27879,24665,https://infogram.com/panorama-general-1h7z2lgn3l9l4ow?live,0.4794263640162673
Colombia,2021-12-04,28258816,28258816,0,17696244,10562572,0,0,17717722,10541094,0,0,17717722,10541094,52544,27879,24665,https://infogram.com/panorama-general-1h7z2lgn3l9l4ow?live,0.4794263640162673
Colombia,2021-12-05,28258816,28258816,0,17696244,10562572,0,0,17717722,10541094,0,0,17717722,10541094,34412,17472,16941,https://infogram.com/panorama-general-1h7z2lgn3l9l4ow?live,0.4794263640162673
Colombia,2021-12-06,28330663,28330663,71847,17737950,10592713,41706,30141,17759428,10571235,41706,30141,17759428,10571235,44676,23430,21247,https://infogram.com/panorama-general-1h7z2lgn3l9l4ow?live,0.41951647250407115
Colombia,2021-12-07,28382350,28382350,51687,17771216,10611134,33266,18421,17792694,10589656,33266,18421,17792694,10589656,52060,28182,23878,https://infogram.com/panorama-general-1h7z2lgn3l9l4ow?live,0.3563952251049587
Colombia,2021-12-08,28382350,28382350,0,17771216,10611134,0,0,17792694,10589656,0,0,17792694,10589656,52060,28182,23878,https://infogram.com/panorama-general-1h7z2lgn3l9l4ow?live,0.3563952251049587
Colombia,2021-12-09,28506132,28506132,123782,17833000,10673132,61784,61998,17854478,10651654,61784,61998,17854478,10651654,49347,26833,22514,https://infogram.com/panorama-general-1h7z2lgn3l9l4ow?live,0.5008644229370991
Colombia,2021-12-10,28559483,28559483,53351,17859591,10699892,26591,26760,17881069,10678414,26591,26760,17881069,10678414,42952,23335,19617,https://infogram.com/panorama-general-1h7z2lgn3l9l4ow?live,0.5015838503495718
Colombia,2021-12-11,28559483,28559483,0,17859591,10699892,0,0,17881069,10678414,0,0,17881069,10678414,42952,23335,19617,https://infogram.com/panorama-general-1h7z2lgn3l9l4ow?live,0.5015838503495718
Colombia,2021-12-12,28587711,28587711,28228,17875093,10712618,15502,12726,17896571,10691140,15502,12726,17896571,10691140,46985,25550,21435,https://infogram.com/panorama-general-1h7z2lgn3l9l4ow?live,0.45082896414907186
Colombia,2021-12-13,28684089,28684089,96378,17930020,10754069,54927,41451,17951498,10732591,54927,41451,17951498,10732591,50489,27439,23051,https://infogram.com/panorama-general-1h7z2lgn3l9l4ow?live,0.4300877793687356
Colombia,2021-12-14,28684089,28684089,0,17930020,10754069,0,0,17951498,10732591,0,0,17951498,10732591,43106,22686,20419,https://infogram.com/panorama-general-1h7z2lgn3l9l4ow?live,0.4300877793687356
Colombia,2021-12-15,28684089,28684089,0,17930020,10754069,0,0,17951498,10732591,0,0,17951498,10732591,43106,22686,20419,https://infogram.com/panorama-general-1h7z2lgn3l9l4ow?live,0.4300877793687356
Colombia,2021-12-16,28830092,28830092,146003,17997849,10832243,67829,78174,18019327,10810765,67829,78174,18019327,10810765,46280,23550,22730,https://infogram.com/panorama-general-1h7z2lgn3l9l4ow?live,0.5354273542324473
Colombia,2021-12-17,28830092,28830092,0,17997849,10832243,0,0,18019327,10810765,0,0,18019327,10810765,38658,19751,18907,https://infogram.com/panorama-general-1h7z2lgn3l9l4ow?live,0.5354273542324473
Colombia,2021-12-18,28919466,28919466,89374,18046172,10873294,48323,41051,18067650,10851816,48323,41051,18067650,10851816,51426,26654,24772,https://infogram.com/panorama-general-1h7z2lgn3l9l4ow?live,0.45931702732338264
Colombia,2021-12-19,28919466,28919466,0,18046172,10873294,0,0,18067650,10851816,0,0,18067650,10851816,47394,24440,22954,https://infogram.com/panorama-general-1h7z2lgn3l9l4ow?live,0.45931702732338264
Colombia,2021-12-20,28919466,28919466,0,18046172,10873294,0,0,18067650,10851816,0,0,18067650,10851816,33625,16593,17032,https://infogram.com/panorama-general-1h7z2lgn3l9l4ow?live,0.45931702732338264
Colombia,2021-12-21,28919466,28919466,0,18046172,10873294,0,0,18067650,10851816,0,0,18067650,10851816,33625,16593,17032,https://infogram.com/panorama-general-1h7z2lgn3l9l4ow?live,0.45931702732338264
Colombia,2021-12-22,28919466,28919466,0,18046172,10873294,0,0,18067650,10851816,0,0,18067650,10851816,33625,16593,17032,https://infogram.com/panorama-general-1h7z2lgn3l9l4ow?live,0.45931702732338264
Colombia,2021-12-23,28919466,28919466,0,18170624,10995461,124452,122167,18067650,10851816,0,0,18067650,10851816,12768,6903,5864,https://infogram.com/panorama-general-1h7z2lgn3l9l4ow?live,0.49536734801454874
Colombia,2021-12-24,29195867,29195867,276401,18200406,10995461,29782,0,18344051,10851816,276401,0,18344051,10851816,52254,46389,5864,https://infogram.com/panorama-general-1h7z2lgn3l9l4ow?live,0
Colombia,2021-12-25,29228550,29228550,32683,18200406,11028144,0,32683,18344051,10884499,0,32683,18344051,10884499,44155,39486,4669,https://infogram.com/panorama-general-1h7z2lgn3l9l4ow?live,1
Colombia,2021-12-26,29255860,29255860,27310,18216336,11039524,15930,11380,18359981,10895879,15930,11380,18359981,10895879,48056,41762,6295,https://infogram.com/panorama-general-1h7z2lgn3l9l4ow?live,0.4166971805199561
Colombia,2021-12-27,29313779,29313779,57919,18249365,11064414,33029,24890,18393010,10920769,33029,24890,18393010,10920769,56330,46480,9850,https://infogram.com/panorama-general-1h7z2lgn3l9l4ow?live,0.4297380824945182
Colombia,2021-12-28,29352283,29352283,38504,18272063,11080220,22698,15806,18415708,10936575,22698,15806,18415708,10936575,61831,49723,12108,https://infogram.com/panorama-general-1h7z2lgn3l9l4ow?live,0.41050280490338664
Colombia,2021-12-29,29352283,29352283,0,18272063,11080220,0,0,18415708,10936575,0,0,18415708,10936575,61831,49723,12108,https://infogram.com/panorama-general-1h7z2lgn3l9l4ow?live,0.41050280490338664
Colombia,2021-12-30,29565827,29565827,213544,18320643,11159277,48580,79057,18496985,11068842,81277,132267,18496985,11068842,92337,61334,31004,https://infogram.com/panorama-general-1h7z2lgn3l9l4ow?live,0.6193893620188503
Colombia,2021-12-31,29565827,29565827,0,18320643,11159277,0,0,18496985,11068842,0,0,18496985,11068842,52851,21848,31004,https://infogram.com/panorama-general-1h7z2lgn3l9l4ow?live,0.6193893620188503
Colombia,2022-01-01,29565827,29565827,0,18385226,11237347,64583,78070,18496985,11068842,0,0,18496985,11068842,48182,21848,26335,https://infogram.com/panorama-general-1h7z2lgn3l9l4ow?live,0.5472720517619678
Colombia,2022-01-02,29699775,29699775,133948,18420448,11279327,35222,41980,18558096,11141679,61111,72837,18558096,11141679,63416,28302,35114,https://infogram.com/panorama-general-1h7z2lgn3l9l4ow?live,0.5437682961581306
Colombia,2022-01-03,29764087,29764087,64312,18454030,11310057,33582,30730,18591678,11172409,33582,30730,18591678,11172409,64330,28381,35949,https://infogram.com/panorama-general-1h7z2lgn3l9l4ow?live,0.47782684413484267
Colombia,2022-01-04,29889802,29889802,125715,18511185,11378617,57155,68560,18648833,11240969,57155,68560,18648833,11240969,76788,33304,43485,https://infogram.com/panorama-general-1h7z2lgn3l9l4ow?live,0.5453605377242174
Colombia,2022-01-05,29889802,29889802,0,18511185,11378617,0,0,18648833,11240969,0,0,18648833,11240969,76788,33304,43485,https://infogram.com/panorama-general-1h7z2lgn3l9l4ow?live,0.5453605377242174
Colombia,2022-01-06,29980901,29980901,91099,18541568,11439333,30383,60716,18679216,11301685,30383,60716,18679216,11301685,59296,26033,33263,https://infogram.com/panorama-general-1h7z2lgn3l9l4ow?live,0.6664837155182823
Colombia,2022-01-07,30077449,30077449,96548,18584169,11493280,42601,53947,18721817,11355632,42601,53947,18721817,11355632,73089,32119,40970,https://infogram.com/panorama-general-1h7z2lgn3l9l4ow?live,0.5587583378216017
Colombia,2022-01-08,30077449,30077449,0,18584169,11493280,0,0,18721817,11355632,0,0,18721817,11355632,73089,32119,40970,https://infogram.com/panorama-general-1h7z2lgn3l9l4ow?live,0.5587583378216017
Colombia,2022-01-09,30077449,30077449,0,18584169,11493280,0,0,18721817,11355632,0,0,18721817,11355632,53953,23389,30565,https://infogram.com/panorama-general-1h7z2lgn3l9l4ow?live,0.5587583378216017
Colombia,2022-01-10,30077449,30077449,0,18584169,11493280,0,0,18721817,11355632,0,0,18721817,11355632,44766,18591,26175,https://infogram.com/panorama-general-1h7z2lgn3l9l4ow?live,0.5587583378216017
Colombia,2022-01-11,30077449,30077449,0,18584169,11493280,0,0,18721817,11355632,0,0,18721817,11355632,26807,10426,16380,https://infogram.com/panorama-general-1h7z2lgn3l9l4ow?live,0.5587583378216017
Colombia,2022-01-12,30077449,30077449,0,18840675,11745871,256506,252591,18721817,11355632,0,0,18721817,11355632,26807,10426,16380,https://infogram.com/panorama-general-1h7z2lgn3l9l4ow?live,0.4961549567174821
Colombia,2022-01-13,30718358,30718358,640909,18908190,11810168,67515,64297,19050095,11668263,328278,312631,19050095,11668263,105351,52983,52368,https://infogram.com/panorama-general-1h7z2lgn3l9l4ow?live,0.487793220647589
Colombia,2022-01-14,30718358,30718358,0,18908190,11810168,0,0,19050095,11668263,0,0,19050095,11668263,91558,46897,44662,https://infogram.com/panorama-general-1h7z2lgn3l9l4ow?live,0.487793220647589
Colombia,2022-01-15,30718358,30718358,0,19003999,11928551,95809,118383,19050095,11668263,0,0,19050095,11668263,91558,46897,44662,https://infogram.com/panorama-general-1h7z2lgn3l9l4ow?live,0.5526957122581609
Colombia,2022-01-16,30718358,30718358,0,19003999,11928551,0,0,19050095,11668263,0,0,19050095,11668263,91558,46897,44662,https://infogram.com/panorama-general-1h7z2lgn3l9l4ow?live,0.5526957122581609
Colombia,2022-01-17,30718358,30718358,0,19069693,12001190,65694,72639,19050095,11668263,0,0,19050095,11668263,91558,46897,44662,https://infogram.com/panorama-general-1h7z2lgn3l9l4ow?live,0.5251024701264341
Colombia,2022-01-18,31171683,31171683,453325,19125180,12046503,55487,45313,19299635,11872048,249540,203785,19299635,11872048,156319,82545,73774,https://infogram.com/panorama-general-1h7z2lgn3l9l4ow?live,0.44953373015873016
Colombia,2022-01-19,31264531,31264531,92848,19167094,12097437,41914,50934,19341549,11922982,41914,50934,19341549,11922982,169583,88533,81050,https://infogram.com/panorama-general-1h7z2lgn3l9l4ow?live,0.5485740134413235
Colombia,2022-01-20,31264531,31264531,0,19167094,12097437,0,0,19341549,11922982,0,0,19341549,11922982,78025,41636,36388,https://infogram.com/panorama-general-1h7z2lgn3l9l4ow?live,0.5485740134413235
Colombia,2022-01-21,31264531,31264531,0,19167094,12097437,0,0,19341549,11922982,0,0,19341549,11922982,78025,41636,36388,https://infogram.com/panorama-general-1h7z2lgn3l9l4ow?live,0.5485740134413235
Colombia,2022-01-22,31264531,31264531,0,19167094,12097437,0,0,19341549,11922982,0,0,19341549,11922982,78025,41636,36388,https://infogram.com/panorama-general-1h7z2lgn3l9l4ow?live,0.5485740134413235
Colombia,2022-01-23,31264531,31264531,0,19167094,12097437,0,0,19341549,11922982,0,0,19341549,11922982,78025,41636,36388,https://infogram.com/panorama-general-1h7z2lgn3l9l4ow?live,0.5485740134413235
Colombia,2022-01-24,31264531,31264531,0,19167094,12097437,0,0,19341549,11922982,0,0,19341549,11922982,78025,41636,36388,https://infogram.com/panorama-general-1h7z2lgn3l9l4ow?live,0.5485740134413235
Colombia,2022-01-25,31736335,31736335,471804,19402847,12333488,235753,236051,19577302,12159033,235753,236051,19577302,12159033,80665,39667,40998,https://infogram.com/panorama-general-1h7z2lgn3l9l4ow?live,0.5003158091071717
Colombia,2022-01-26,31736335,31736335,0,19402847,12333488,0,0,19577302,12159033,0,0,19577302,12159033,67401,33679,33722,https://infogram.com/panorama-general-1h7z2lgn3l9l4ow?live,0.5003158091071717
Colombia,2022-01-27,31875825,31875825,139490,19463421,12412404,60574,78916,19637876,12237949,60574,78916,19637876,12237949,87328,42332,44995,https://infogram.com/panorama-general-1h7z2lgn3l9l4ow?live,0.5657466485052692
Colombia,2022-01-28,31875825,31875825,0,19463421,12412404,0,0,19637876,12237949,0,0,19637876,12237949,87328,42332,44995,https://infogram.com/panorama-general-1h7z2lgn3l9l4ow?live,0.5657466485052692
Colombia,2022-01-29,31875825,31875825,0,19463421,12412404,0,0,19637876,12237949,0,0,19637876,12237949,87328,42332,44995,https://infogram.com/panorama-general-1h7z2lgn3l9l4ow?live,0.5657466485052692
Colombia,2022-01-30,31875825,31875825,0,19551988,12499304,88567,86900,19637876,12237949,0,0,19637876,12237949,87328,42332,44995,https://infogram.com/panorama-general-1h7z2lgn3l9l4ow?live,0.4952498190542951
Colombia,2022-01-31,32157058,32157058,281233,19608974,12548084,56986,48780,19789402,12367656,151526,129707,19789402,12367656,127504,63979,63525,https://infogram.com/panorama-general-1h7z2lgn3l9l4ow?live,0.46120681504453226
Colombia,2022-02-01,32157058,32157058,0,19608974,12548084,0,0,19789402,12367656,0,0,19789402,12367656,60103,30300,29803,https://infogram.com/panorama-general-1h7z2lgn3l9l4ow?live,0.46120681504453226
Colombia,2022-02-02,32278055,32278055,120997,19652853,12625202,43879,77118,19833281,12444774,43879,77118,19833281,12444774,77389,36568,40820,https://infogram.com/panorama-general-1h7z2lgn3l9l4ow?live,0.6373546451564914
Colombia,2022-02-03,32278055,32278055,0,19652853,12625202,0,0,19833281,12444774,0,0,19833281,12444774,57461,27915,29546,https://infogram.com/panorama-general-1h7z2lgn3l9l4ow?live,0.6373546451564914
Colombia,2022-02-04,32278055,32278055,0,19652853,12625202,0,0,19833281,12444774,0,0,19833281,12444774,57461,27915,29546,https://infogram.com/panorama-general-1h7z2lgn3l9l4ow?live,0.6373546451564914
Colombia,2022-02-05,32278055,32278055,0,19652853,12625202,0,0,19833281,12444774,0,0,19833281,12444774,57461,27915,29546,https://infogram.com/panorama-general-1h7z2lgn3l9l4ow?live,0.6373546451564914
Colombia,2022-02-06,32278055,32278055,0,19652853,12625202,0,0,19833281,12444774,0,0,19833281,12444774,57461,27915,29546,https://infogram.com/panorama-general-1h7z2lgn3l9l4ow?live,0.6373546451564914
Colombia,2022-02-07,32500240,32500240,222185,19764036,12736204,111183,111002,19944464,12555776,111183,111002,19944464,12555776,49026,22152,26874,https://infogram.com/panorama-general-1h7z2lgn3l9l4ow?live,0.4995926817741972
Colombia,2022-02-08,32500240,32500240,0,19764036,12736204,0,0,19944464,12555776,0,0,19944464,12555776,49026,22152,26874,https://infogram.com/panorama-general-1h7z2lgn3l9l4ow?live,0.4995926817741972
Colombia,2022-02-09,32500240,32500240,0,19764036,12736204,0,0,19944464,12555776,0,0,19944464,12555776,31741,15883,15857,https://infogram.com/panorama-general-1h7z2lgn3l9l4ow?live,0.4995926817741972
Colombia,2022-02-10,32585489,32585489,85249,19800140,12785349,36104,49145,19980568,12604921,36104,49145,19980568,12604921,43919,21041,22878,https://infogram.com/panorama-general-1h7z2lgn3l9l4ow?live,0.5764877007354925
Colombia,2022-02-11,32585489,32585489,0,19800140,12785349,0,0,19980568,12604921,0,0,19980568,12604921,43919,21041,22878,https://infogram.com/panorama-general-1h7z2lgn3l9l4ow?live,0.5764877007354925
Colombia,2022-02-12,32585489,32585489,0,19800140,12785349,0,0,19980568,12604921,0,0,19980568,12604921,43919,21041,22878,https://infogram.com/panorama-general-1h7z2lgn3l9l4ow?live,0.5764877007354925
Colombia,2022-02-13,32585489,32585489,0,19850253,12842304,50113,56955,19980568,12604921,0,0,19980568,12604921,43919,21041,22878,https://infogram.com/panorama-general-1h7z2lgn3l9l4ow?live,0.5319516568909478
Colombia,2022-02-14,32585489,32585489,0,19850253,12842304,0,0,19980568,12604921,0,0,19980568,12604921,12178,5158,7021,https://infogram.com/panorama-general-1h7z2lgn3l9l4ow?live,0.5319516568909478
Colombia,2022-02-15,32585489,32585489,0,19850253,12842304,0,0,19980568,12604921,0,0,19980568,12604921,12178,5158,7021,https://infogram.com/panorama-general-1h7z2lgn3l9l4ow?live,0.5319516568909478
Colombia,2022-02-16,32868692,32868692,283203,19850253,12842304,0,0,20113121,12755571,132553,150650,20113121,12755571,52636,24094,28542,https://infogram.com/panorama-general-1h7z2lgn3l9l4ow?live,0.5319516568909478
Colombia,2022-02-17,32868692,32868692,0,19926771,12941921,76518,99617,20113121,12755571,0,0,20113121,12755571,40458,18936,21521,https://infogram.com/panorama-general-1h7z2lgn3l9l4ow?live,0.5655718624918387
Colombia,2022-02-18,32868692,32868692,0,19926771,12941921,0,0,20113121,12755571,0,0,20113121,12755571,40458,18936,21521,https://infogram.com/panorama-general-1h7z2lgn3l9l4ow?live,0.5655718624918387
Colombia,2022-02-19,32902670,32902670,33978,19943066,12959604,16295,17683,20129416,12773254,16295,17683,20129416,12773254,45312,21264,24048,https://infogram.com/panorama-general-1h7z2lgn3l9l4ow?live,0.5204249808699747
Colombia,2022-02-20,32922807,32922807,20137,19953633,12969174,10567,9570,20139983,12782824,10567,9570,20139983,12782824,48188,22774,25415,https://infogram.com/panorama-general-1h7z2lgn3l9l4ow?live,0.47524457466355463
Colombia,2022-02-21,32980562,32980562,57755,19953633,12969174,0,0,20170290,12810272,30307,27448,20170290,12810272,56439,27103,29336,https://infogram.com/panorama-general-1h7z2lgn3l9l4ow?live,0.47524457466355463
Colombia,2022-02-22,32980562,32980562,0,19983006,12997556,29373,28382,20170290,12810272,0,0,20170290,12810272,56439,27103,29336,https://infogram.com/panorama-general-1h7z2lgn3l9l4ow?live,0.49142065622024067
Colombia,2022-02-23,33016280,33016280,35718,19994904,13021376,11898,23820,20182188,12834092,11898,23820,20182188,12834092,21084,9867,11217,https://infogram.com/panorama-general-1h7z2lgn3l9l4ow?live,0.6668906433730892
Colombia,2022-02-24,33085533,33085533,69253,20021202,13064331,26298,42955,20208486,12877047,26298,42955,20208486,12877047,30977,13624,17354,https://infogram.com/panorama-general-1h7z2lgn3l9l4ow?live,0.6202619381109844
Colombia,2022-02-25,33085533,33085533,0,20021202,13064331,0,0,20208486,12877047,0,0,20208486,12877047,30977,13624,17354,https://infogram.com/panorama-general-1h7z2lgn3l9l4ow?live,0.6202619381109844
Colombia,2022-02-26,33085533,33085533,0,20021202,13064331,0,0,20208486,12877047,0,0,20208486,12877047,26123,11296,14828,https://infogram.com/panorama-general-1h7z2lgn3l9l4ow?live,0.6202619381109844
Colombia,2022-02-27,33165748,33165748,80215,20021202,13064331,0,0,20238947,12926801,30461,49754,20238947,12926801,34706,14138,20568,https://infogram.com/panorama-general-1h7z2lgn3l9l4ow?live,0.6202619381109844
Colombia,2022-02-28,33165748,33165748,0,20058545,13107203,37343,42872,20238947,12926801,0,0,20238947,12926801,26455,9808,16647,https://infogram.com/panorama-general-1h7z2lgn3l9l4ow?live,0.5344636289970703
Colombia,2022-03-01,33224395,33224395,58647,20058545,13107203,0,0,20266249,12958146,27302,31345,20266249,12958146,34833,13708,21125,https://infogram.com/panorama-general-1h7z2lgn3l9l4ow?live,0.5344636289970703
Colombia,2022-03-02,33250588,33250588,26193,20058545,13107203,0,0,20278443,12972145,12194,13999,20278443,12972145,33473,13751,19722,https://infogram.com/panorama-general-1h7z2lgn3l9l4ow?live,0.5344636289970703
Colombia,2022-03-03,33281725,33281725,31137,20058545,13107203,0,0,20292938,12988787,14495,16642,20292938,12988787,28027,12065,15963,https://infogram.com/panorama-general-1h7z2lgn3l9l4ow?live,0.5344636289970703
Colombia,2022-03-04,33281725,33281725,0,20104122,13177603,45577,70400,20292938,12988787,0,0,20292938,12988787,28027,12065,15963,https://infogram.com/panorama-general-1h7z2lgn3l9l4ow?live,0.6070169085249661
Colombia,2022-03-05,33281725,33281725,0,20104122,13177603,0,0,20292938,12988787,0,0,20292938,12988787,28027,12065,15963,https://infogram.com/panorama-general-1h7z2lgn3l9l4ow?live,0.6070169085249661
Colombia,2022-03-06,33350542,33350542,68817,20124906,13201059,20784,23456,20325268,13025274,32330,36487,20325268,13025274,26399,12332,14068,https://infogram.com/panorama-general-1h7z2lgn3l9l4ow?live,0.5301989150090416
Colombia,2022-03-07,33374605,33374605,24063,20147298,13227307,22392,26248,20336346,13038259,11078,12985,20336346,13038259,29837,13914,15923,https://infogram.com/panorama-general-1h7z2lgn3l9l4ow?live,0.5396381578947368
Colombia,2022-03-08,33400734,33400734,26129,20147298,13227307,0,0,20348375,13052359,12029,14100,20348375,13052359,25191,11732,13459,https://infogram.com/panorama-general-1h7z2lgn3l9l4ow?live,0.5396381578947368
Colombia,2022-03-09,33400734,33400734,0,20156568,13244166,9270,16859,20348375,13052359,0,0,20348375,13052359,21449,9990,11459,https://infogram.com/panorama-general-1h7z2lgn3l9l4ow?live,0.645221784224425
Colombia,2022-03-10,33454522,33454522,53788,20176977,13277545,20409,33379,20368784,13085738,20409,33379,20368784,13085738,24685,10835,13850,https://infogram.com/panorama-general-1h7z2lgn3l9l4ow?live,0.6205659254852384
Colombia,2022-03-11,33454522,33454522,0,20176977,13277545,0,0,20368784,13085738,0,0,20368784,13085738,24685,10835,13850,https://infogram.com/panorama-general-1h7z2lgn3l9l4ow?live,0.6205659254852384
Colombia,2022-03-12,33481801,33481801,27279,20188007,13293794,11030,16249,20379814,13101987,11030,16249,20379814,13101987,28582,12411,16171,https://infogram.com/panorama-general-1h7z2lgn3l9l4ow?live,0.5956596649437296
Colombia,2022-03-13,33495384,33495384,13583,20195127,13300257,7120,6463,20386934,13108450,7120,6463,20386934,13108450,20692,8809,11882,https://infogram.com/panorama-general-1h7z2lgn3l9l4ow?live,0.4758153574320842
Colombia,2022-03-14,33540156,33540156,44772,20195127,13300257,0,0,20410403,13129753,23469,21303,20410403,13129753,23650,10580,13071,https://infogram.com/panorama-general-1h7z2lgn3l9l4ow?live,0.4758153574320842
Colombia,2022-03-15,33566181,33566181,26025,20226061,13340120,30934,39863,20421774,13144407,11371,14654,20421774,13144407,23635,10486,13150,https://infogram.com/panorama-general-1h7z2lgn3l9l4ow?live,0.5630605816630648
Colombia,2022-03-16,33595864,33595864,29683,20226061,13340120,0,0,20434744,13161120,12970,16713,20434744,13161120,27876,12338,15537,https://infogram.com/panorama-general-1h7z2lgn3l9l4ow?live,0.5630605816630648
Colombia,2022-03-17,33623076,33623076,27212,20244569,13378507,18508,38387,20443596,13179480,8852,18360,20443596,13179480,24079,10687,13392,https://infogram.com/panorama-general-1h7z2lgn3l9l4ow?live,0.6746990069426135
Colombia,2022-03-18,33623076,33623076,0,20244569,13378507,0,0,20443596,13179480,0,0,20443596,13179480,24079,10687,13392,https://infogram.com/panorama-general-1h7z2lgn3l9l4ow?live,0.6746990069426135
Denmark,2021-05-28,54031318,54031318,680387,32494298,21537020,149048,531339,32494298,21537020,149048,531339,32494298,21537020,NA,NA,NA,https://www.sst.dk/en/english/corona-eng/status-of-the-epidemic/covid-19-updates-statistics-and-charts,0.7809364376450462
Denmark,2021-05-29,54031318,54031318,0,32494298,21537020,0,0,32494298,21537020,0,0,32494298,21537020,NA,NA,NA,https://www.sst.dk/en/english/corona-eng/status-of-the-epidemic/covid-19-updates-statistics-and-charts,0.7809364376450462
Denmark,2021-05-30,54031318,54031318,0,32494298,21537020,0,0,32494298,21537020,0,0,32494298,21537020,NA,NA,NA,https://www.sst.dk/en/english/corona-eng/status-of-the-epidemic/covid-19-updates-statistics-and-charts,0.7809364376450462
Denmark,2021-05-31,55581321,55581321,1550003,32952067,22629254,457769,1092234,32952067,22629254,457769,1092234,32952067,22629254,NA,NA,NA,https://www.sst.dk/en/english/corona-eng/status-of-the-epidemic/covid-19-updates-statistics-and-charts,0.7046657329050331
Denmark,2021-06-01,56243424,56243424,662103,33083579,23159845,131512,530591,33083579,23159845,131512,530591,33083579,23159845,NA,NA,NA,https://www.sst.dk/en/english/corona-eng/status-of-the-epidemic/covid-19-updates-statistics-and-charts,0.8013722940388429
Denmark,2021-06-02,56790923,56790923,547499,33218652,23572271,135073,412426,33218652,23572271,135073,412426,33218652,23572271,NA,NA,NA,https://www.sst.dk/en/english/corona-eng/status-of-the-epidemic/covid-19-updates-statistics-and-charts,0.7532908735906367
Denmark,2021-06-03,57304092,57304092,513169,33345460,23958632,126808,386361,33345460,23958632,126808,386361,33345460,23958632,564737,142887,421850,https://www.sst.dk/en/english/corona-eng/status-of-the-epidemic/covid-19-updates-statistics-and-charts,0.7528923220225696
Denmark,2021-06-04,57966838,57966838,662746,33506621,24460217,161161,501585,33506621,24460217,161161,501585,33506621,24460217,562217,144618,417600,https://www.sst.dk/en/english/corona-eng/status-of-the-epidemic/covid-19-updates-statistics-and-charts,0.7568284078666638
Denmark,2021-06-05,57966838,57966838,0,33506621,24460217,0,0,33506621,24460217,0,0,33506621,24460217,562217,144618,417600,https://www.sst.dk/en/english/corona-eng/status-of-the-epidemic/covid-19-updates-statistics-and-charts,0.7568284078666638
Denmark,2021-06-06,57966838,57966838,0,33506621,24460217,0,0,33506621,24460217,0,0,33506621,24460217,562217,144618,417600,https://www.sst.dk/en/english/corona-eng/status-of-the-epidemic/covid-19-updates-statistics-and-charts,0.7568284078666638
Denmark,2021-06-07,57966838,57966838,0,33506621,24460217,0,0,33506621,24460217,0,0,33506621,24460217,340788,79222,261566,https://www.sst.dk/en/english/corona-eng/status-of-the-epidemic/covid-19-updates-statistics-and-charts,0.7568284078666638
Denmark,2021-06-08,57966838,57966838,0,33506621,24460217,0,0,33506621,24460217,0,0,33506621,24460217,246202,60435,185767,https://www.sst.dk/en/english/corona-eng/status-of-the-epidemic/covid-19-updates-statistics-and-charts,0.7568284078666638
Denmark,2021-06-09,60390217,60390217,2423379,33506621,24460217,0,0,34095918,26294299,589297,1834082,34095918,26294299,514185,125324,388861,https://www.sst.dk/en/english/corona-eng/status-of-the-epidemic/covid-19-updates-statistics-and-charts,0.7568284078666638
Denmark,2021-06-10,60390217,60390217,0,33506621,24460217,0,0,34095918,26294299,0,0,34095918,26294299,440875,107208,333667,https://www.sst.dk/en/english/corona-eng/status-of-the-epidemic/covid-19-updates-statistics-and-charts,0.7568284078666638
Denmark,2021-06-11,60390217,60390217,0,34367324,27123750,860703,2663533,34095918,26294299,0,0,34095918,26294299,346197,84185,262012,https://www.sst.dk/en/english/corona-eng/status-of-the-epidemic/covid-19-updates-statistics-and-charts,0.75577600365015285
Denmark,2021-06-12,61491074,61491074,1100857,34367324,27123750,0,0,34364774,27126300,268856,832001,34364774,27126300,503462,122593,380869,https://www.sst.dk/en/english/corona-eng/status-of-the-epidemic/covid-19-updates-statistics-and-charts,0.75577600365015285
Denmark,2021-06-13,61491074,61491074,0,34367324,27123750,0,0,34364774,27126300,0,0,34364774,27126300,503462,122593,380869,https://www.sst.dk/en/english/corona-eng/status-of-the-epidemic/covid-19-updates-statistics-and-charts,0.75577600365015285
Denmark,2021-06-14,61491074,61491074,0,34367324,27123750,0,0,34364774,27126300,0,0,34364774,27126300,503462,122593,380869,https://www.sst.dk/en/english/corona-eng/status-of-the-epidemic/covid-19-updates-statistics-and-charts,0.75577600365015285
Denmark,2021-06-15,63242649,63242649,1751575,34367324,27123750,0,0,34792551,28450098,427777,1323798,34792551,28450098,753687,183704,569983,https://www.sst.dk/en/english/corona-eng/status-of-the-epidemic/covid-19-updates-statistics-and-charts,0.75577600365015285
Denmark,2021-06-16,63242649,63242649,0,34367324,27123750,0,0,34792551,28450098,0,0,34792551,28450098,407490,99519,307971,https://www.sst.dk/en/english/corona-eng/status-of-the-epidemic/covid-19-updates-statistics-and-charts,0.75577600365015285
Denmark,2021-06-17,63242649,63242649,0,34367324,27123750,0,0,34792551,28450098,0,0,34792551,28450098,407490,99519,307971,https://www.sst.dk/en/english/corona-eng/status-of-the-epidemic/covid-19-updates-statistics-and-charts,0.75577600365015285
Denmark,2021-06-18,64564997,64564997,1322348,34367324,27123750,0,0,35115500,29449497,322949,999399,35115500,29449497,596397,145655,450743,https://www.sst.dk/en/english/corona-eng/status-of-the-epidemic/covid-19-updates-statistics-and-charts,0.75577600365015285
Denmark,2021-06-19,64564997,64564997,0,34367324,27123750,0,0,35115500,29449497,0,0,35115500,29449497,439132,107247,331885,https://www.sst.dk/en/english/corona-eng/status-of-the-epidemic/covid-19-updates-statistics-and-charts,0.75577600365015285
Denmark,2021-06-20,64564997,64564997,0,34367324,27123750,0,0,35115500,29449497,0,0,35115500,29449497,439132,107247,331885,https://www.sst.dk/en/english/corona-eng/status-of-the-epidemic/covid-19-updates-statistics-and-charts,0.75577600365015285
Denmark,2021-06-21,64564997,64564997,0,34367324,27123750,0,0,35115500,29449497,0,0,35115500,29449497,439132,107247,331885,https://www.sst.dk/en/english/corona-eng/status-of-the-epidemic/covid-19-updates-statistics-and-charts,0.75577600365015285
Denmark,2021-06-22,64564997,64564997,0,34367324,27123750,0,0,35115500,29449497,0,0,35115500,29449497,188907,46136,142771,https://www.sst.dk/en/english/corona-eng/status-of-the-epidemic/covid-19-updates-statistics-and-charts,0.75577600365015285
Denmark,2021-06-23,64564997,64564997,0,34367324,27123750,0,0,35115500,29449497,0,0,35115500,29449497,188907,46136,142771,https://www.sst.dk/en/english/corona-eng/status-of-the-epidemic/covid-19-updates-statistics-and-charts,0.75577600365015285
Denmark,2021-06-24,64564997,64564997,0,34367324,27123750,0,0,35115500,29449497,0,0,35115500,29449497,188907,46136,142771,https://www.sst.dk/en/english/corona-eng/status-of-the-epidemic/covid-19-updates-statistics-and-charts,0.75577600365015285
Denmark,2021-06-25,64564997,64564997,0,34367324,27123750,0,0,35115500,29449497,0,0,35115500,29449497,0,0,0,https://www.sst.dk/en/english/corona-eng/status-of-the-epidemic/covid-19-updates-statistics-and-charts,0.75577600365015285
Denmark,2021-06-26,64564997,64564997,0,34367324,27123750,0,0,35115500,29449497,0,0,35115500,29449497,0,0,0,https://www.sst.dk/en/english/corona-eng/status-of-the-epidemic/covid-19-updates-statistics-and-charts,0.75577600365015285
Denmark,2021-06-27,64564997,64564997,0,34367324,27123750,0,0,35115500,29449497,0,0,35115500,29449497,0,0,0,https://www.sst.dk/en/english/corona-eng/status-of-the-epidemic/covid-19-updates-statistics-and-charts,0.75577600365015285
Denmark,2021-06-28,64564997,64564997,0,34367324,27123750,0,0,35115500,29449497,0,0,35115500,29449497,0,0,0,https://www.sst.dk/en/english/corona-eng/status-of-the-epidemic/covid-19-updates-statistics-and-charts,0.75577600365015285
Denmark,2021-06-29,68352554,68352554,3787557,34367324,27123750,0,0,36040512,32312042,925012,2862545,36040512,32312042,541080,132145,408935,https://www.sst.dk/en/english/corona-eng/status-of-the-epidemic/covid-19-updates-statistics-and-charts,0.75577600365015285
Denmark,2021-06-30,68626438,68626438,273884,34367324,27123750,0,0,36107401,32519037,66889,206995,36107401,32519037,580206,141700,438506,https://www.sst.dk/en/english/corona-eng/status-of-the-epidemic/covid-19-updates-statistics-and-charts,0.75577600365015285
Denmark,2021-07-01,68936564,68936564,310126,34367324,27123750,0,0,36183141,32753423,75740,234386,36183141,32753423,624510,152520,471989,https://www.sst.dk/en/english/corona-eng/status-of-the-epidemic/covid-19-updates-statistics-and-charts,0.75577600365015285
Denmark,2021-07-02,69269798,69269798,333234,34367324,27123750,0,0,36264525,33005273,81384,251850,36264525,33005273,672114,164146,507968,https://www.sst.dk/en/english/corona-eng/status-of-the-epidemic/covid-19-updates-statistics-and-charts,0.75577600365015285
Denmark,2021-07-03,69269798,69269798,0,34367324,27123750,0,0,36264525,33005273,0,0,36264525,33005273,672114,164146,507968,https://www.sst.dk/en/english/corona-eng/status-of-the-epidemic/covid-19-updates-statistics-and-charts,0.75577600365015285
Denmark,2021-07-04,70173771,70173771,903973,34367324,27123750,0,0,36485297,33688474,220772,683201,36485297,33688474,801253,195685,605568,https://www.sst.dk/en/english/corona-eng/status-of-the-epidemic/covid-19-updates-statistics-and-charts,0.75577600365015285
Denmark,2021-07-05,70173771,70173771,0,36486509,33687262,2119185,6563512,36485297,33688474,0,0,36485297,33688474,801253,195685,605568,https://www.sst.dk/en/english/corona-eng/status-of-the-epidemic/covid-19-updates-statistics-and-charts,0.7559300986778648
Denmark,2021-07-06,70459370,70459370,285599,36570384,33888986,83875,201724,36569172,33890198,83875,201724,36569172,33890198,300974,75523,225451,https://www.sst.dk/en/english/corona-eng/status-of-the-epidemic/covid-19-updates-statistics-and-charts,0.7063189997163856
Denmark,2021-07-07,70738749,70738749,279379,36667410,34071339,97026,182353,36666198,34072551,97026,182353,36666198,34072551,301759,79828,221931,https://www.sst.dk/en/english/corona-eng/status-of-the-epidemic/covid-19-updates-statistics-and-charts,0.6527083281134229
Denmark,2021-07-08,71023550,71023550,284801,36759079,34264471,91669,193132,36757867,34265683,91669,193132,36757867,34265683,298141,82104,216037,https://www.sst.dk/en/english/corona-eng/status-of-the-epidemic/covid-19-updates-statistics-and-charts,0.678129641398731
Denmark,2021-07-09,71287411,71287411,263861,36859809,34427602,100730,163131,36858597,34428814,100730,163131,36858597,34428814,288230,84867,203363,https://www.sst.dk/en/english/corona-eng/status-of-the-epidemic/covid-19-updates-statistics-and-charts,0.6182459704162419
Denmark,2021-07-10,71287411,71287411,0,36859809,34427602,0,0,36858597,34428814,0,0,36858597,34428814,288230,84867,203363,https://www.sst.dk/en/english/corona-eng/status-of-the-epidemic/covid-19-updates-statistics-and-charts,0.6182459704162419
Denmark,2021-07-11,71287411,71287411,0,36859809,34427602,0,0,36858597,34428814,0,0,36858597,34428814,159091,53329,105763,https://www.sst.dk/en/english/corona-eng/status-of-the-epidemic/covid-19-updates-statistics-and-charts,0.6182459704162419
Denmark,2021-07-12,72116053,72116053,828642,37155275,34960778,295466,533176,37154063,34961990,295466,533176,37154063,34961990,277469,95538,181931,https://www.sst.dk/en/english/corona-eng/status-of-the-epidemic/covid-19-updates-statistics-and-charts,0.6434334730800515
Denmark,2021-07-13,72363056,72363056,247003,37238976,35124080,83701,163302,37237764,35125292,83701,163302,37237764,35125292,271955,95513,176442,https://www.sst.dk/en/english/corona-eng/status-of-the-epidemic/covid-19-updates-statistics-and-charts,0.6611336704412497
Denmark,2021-07-14,72592425,72592425,229369,37322018,35270407,83042,146327,37320806,35271619,83042,146327,37320806,35271619,264811,93515,171295,https://www.sst.dk/en/english/corona-eng/status-of-the-epidemic/covid-19-updates-statistics-and-charts,0.6379545622991774
Denmark,2021-07-15,72810136,72810136,217711,37403303,35406833,81285,136426,37402091,35408045,81285,136426,37402091,35408045,255227,92032,163195,https://www.sst.dk/en/english/corona-eng/status-of-the-epidemic/covid-19-updates-statistics-and-charts,0.6266380660600521
Denmark,2021-07-16,73049472,73049472,239336,37491338,35558134,88035,151301,37490126,35559346,88035,151301,37490126,35559346,251723,90218,161505,https://www.sst.dk/en/english/corona-eng/status-of-the-epidemic/covid-19-updates-statistics-and-charts,0.6321698365477822
Denmark,2021-07-17,73049472,73049472,0,37491338,35558134,0,0,37490126,35559346,0,0,37490126,35559346,251723,90218,161505,https://www.sst.dk/en/english/corona-eng/status-of-the-epidemic/covid-19-updates-statistics-and-charts,0.6321698365477822
Denmark,2021-07-18,73049472,73049472,0,37491338,35558134,0,0,37490126,35559346,0,0,37490126,35559346,251723,90218,161505,https://www.sst.dk/en/english/corona-eng/status-of-the-epidemic/covid-19-updates-statistics-and-charts,0.6321698365477822
Denmark,2021-07-19,73782742,73782742,733270,37772813,36009929,281475,451795,37771601,36011141,281475,451795,37771601,36011141,238098,88220,149879,https://www.sst.dk/en/english/corona-eng/status-of-the-epidemic/covid-19-updates-statistics-and-charts,0.6161373027670571
Denmark,2021-07-20,74022609,74022609,239867,37857162,36165447,84349,155518,37855950,36166659,84349,155518,37855950,36166659,237079,88312,148767,https://www.sst.dk/en/english/corona-eng/status-of-the-epidemic/covid-19-updates-statistics-and-charts,0.6483509611576416
Denmark,2021-07-21,74244457,74244457,221848,37933012,36311445,75850,145998,37931800,36312657,75850,145998,37931800,36312657,236005,87285,148720,https://www.sst.dk/en/english/corona-eng/status-of-the-epidemic/covid-19-updates-statistics-and-charts,0.6580992391186758
Denmark,2021-07-22,74452907,74452907,208450,38004316,36448591,71304,137146,38003104,36449803,71304,137146,38003104,36449803,234682,85859,148823,https://www.sst.dk/en/english/corona-eng/status-of-the-epidemic/covid-19-updates-statistics-and-charts,0.6579323578795875
Denmark,2021-07-23,74636200,74636200,183293,38078186,36558014,73870,109423,38076974,36559226,73870,109423,38076974,36559226,226675,83835,142840,https://www.sst.dk/en/english/corona-eng/status-of-the-epidemic/covid-19-updates-statistics-and-charts,0.596984063766756
Denmark,2021-07-24,74636200,74636200,0,38078186,36558014,0,0,38076974,36559226,0,0,38076974,36559226,226675,83835,142840,https://www.sst.dk/en/english/corona-eng/status-of-the-epidemic/covid-19-updates-statistics-and-charts,0.596984063766756
Denmark,2021-07-25,74636200,74636200,0,38078186,36558014,0,0,38076974,36559226,0,0,38076974,36559226,226675,83835,142840,https://www.sst.dk/en/english/corona-eng/status-of-the-epidemic/covid-19-updates-statistics-and-charts,0.596984063766756
Denmark,2021-07-26,75270302,75270302,634102,38288367,36981935,210181,423921,38287155,36983147,210181,423921,38287155,36983147,212509,73651,138858,https://www.sst.dk/en/english/corona-eng/status-of-the-epidemic/covid-19-updates-statistics-and-charts,0.6685375538951147
Denmark,2021-07-27,75449697,75449697,179395,38334689,37115008,46322,133073,38333477,37116220,46322,133073,38333477,37116220,203870,68218,135652,https://www.sst.dk/en/english/corona-eng/status-of-the-epidemic/covid-19-updates-statistics-and-charts,0.7417876752417849
Denmark,2021-07-28,75645631,75645631,195934,38414984,37230647,80295,115639,38413772,37231859,80295,115639,38413772,37231859,200168,68853,131315,https://www.sst.dk/en/english/corona-eng/status-of-the-epidemic/covid-19-updates-statistics-and-charts,0.5901936366327437
Denmark,2021-07-29,75817747,75817747,172116,38471352,37346395,56368,115748,38470140,37347607,56368,115748,38470140,37347607,194977,66719,128258,https://www.sst.dk/en/english/corona-eng/status-of-the-epidemic/covid-19-updates-statistics-and-charts,0.6724999418996491
Denmark,2021-07-30,76015954,76015954,198207,38544678,37471276,73326,124881,38543466,37472488,73326,124881,38543466,37472488,197108,66642,130466,https://www.sst.dk/en/english/corona-eng/status-of-the-epidemic/covid-19-updates-statistics-and-charts,0.6300534289909034
Denmark,2021-07-31,76015954,76015954,0,38544678,37471276,0,0,38543466,37472488,0,0,38543466,37472488,197108,66642,130466,https://www.sst.dk/en/english/corona-eng/status-of-the-epidemic/covid-19-updates-statistics-and-charts,0.6300534289909034
Denmark,2021-08-01,76015954,76015954,0,38544678,37471276,0,0,38543466,37472488,0,0,38543466,37472488,197108,66642,130466,https://www.sst.dk/en/english/corona-eng/status-of-the-epidemic/covid-19-updates-statistics-and-charts,0.6300534289909034
Denmark,2021-08-02,76573206,76573206,557252,38739573,37833633,194895,362357,38738361,37834845,194895,362357,38738361,37834845,186129,64458,121671,https://www.sst.dk/en/english/corona-eng/status-of-the-epidemic/covid-19-updates-statistics-and-charts,0.6502569753002232
Denmark,2021-08-03,76724043,76724043,150837,38791426,37932617,51853,98984,38790214,37933829,51853,98984,38790214,37933829,182049,65248,116801,https://www.sst.dk/en/english/corona-eng/status-of-the-epidemic/covid-19-updates-statistics-and-charts,0.6562315612217161
Denmark,2021-08-04,76867135,76867135,143092,38847576,38019559,56150,86942,38846364,38020771,56150,86942,38846364,38020771,174501,61799,112702,https://www.sst.dk/en/english/corona-eng/status-of-the-epidemic/covid-19-updates-statistics-and-charts,0.6075951136331871
Denmark,2021-08-05,77002601,77002601,135466,38901210,38101391,53634,81832,38899998,38102603,53634,81832,38899998,38102603,169265,61408,107857,https://www.sst.dk/en/english/corona-eng/status-of-the-epidemic/covid-19-updates-statistics-and-charts,0.6040777759733069
Denmark,2021-08-06,77154338,77154338,151737,38961307,38193031,60097,91640,38960095,38194243,60097,91640,38960095,38194243,162626,59518,103108,https://www.sst.dk/en/english/corona-eng/status-of-the-epidemic/covid-19-updates-statistics-and-charts,0.6039397114744591
Denmark,2021-08-07,77154338,77154338,0,38961307,38193031,0,0,38960095,38194243,0,0,38960095,38194243,162626,59518,103108,https://www.sst.dk/en/english/corona-eng/status-of-the-epidemic/covid-19-updates-statistics-and-charts,0.6039397114744591
Denmark,2021-08-08,77154338,77154338,0,38961307,38193031,0,0,38960095,38194243,0,0,38960095,38194243,162626,59518,103108,https://www.sst.dk/en/english/corona-eng/status-of-the-epidemic/covid-19-updates-statistics-and-charts,0.6039397114744591
Denmark,2021-08-09,77666455,77666455,512117,39159198,38507257,197891,314226,39157986,38508469,197891,314226,39157986,38508469,156178,59946,96232,https://www.sst.dk/en/english/corona-eng/status-of-the-epidemic/covid-19-updates-statistics-and-charts,0.6135824430745318
Denmark,2021-08-10,77666455,77666455,0,39159198,38507257,0,0,39157986,38508469,0,0,39157986,38508469,134630,52539,82091,https://www.sst.dk/en/english/corona-eng/status-of-the-epidemic/covid-19-updates-statistics-and-charts,0.6135824430745318
Denmark,2021-08-11,77964528,77964528,298073,39281517,38683011,122319,175754,39280305,38684223,122319,175754,39280305,38684223,156770,61992,94779,https://www.sst.dk/en/english/corona-eng/status-of-the-epidemic/covid-19-updates-statistics-and-charts,0.5896340829259946
Denmark,2021-08-12,78100144,78100144,135616,39338589,38761555,57072,78544,39337377,38762767,57072,78544,39337377,38762767,156792,62483,94309,https://www.sst.dk/en/english/corona-eng/status-of-the-epidemic/covid-19-updates-statistics-and-charts,0.5791647003303445
Denmark,2021-08-13,78262897,78262897,162753,39401498,38861399,62909,99844,39400286,38862611,62909,99844,39400286,38862611,158366,62884,95481,https://www.sst.dk/en/english/corona-eng/status-of-the-epidemic/covid-19-updates-statistics-and-charts,0.6134694905777467
Denmark,2021-08-14,78262897,78262897,0,39401498,38861399,0,0,39400286,38862611,0,0,39400286,38862611,158366,62884,95481,https://www.sst.dk/en/english/corona-eng/status-of-the-epidemic/covid-19-updates-statistics-and-charts,0.6134694905777467
Denmark,2021-08-15,78262897,78262897,0,39401498,38861399,0,0,39400286,38862611,0,0,39400286,38862611,158366,62884,95481,https://www.sst.dk/en/english/corona-eng/status-of-the-epidemic/covid-19-updates-statistics-and-charts,0.6134694905777467
Denmark,2021-08-16,78723381,78723381,460484,39584990,39138391,183492,276992,39583778,39139603,183492,276992,39583778,39139603,150989,60827,90162,https://www.sst.dk/en/english/corona-eng/status-of-the-epidemic/covid-19-updates-statistics-and-charts,0.6015236142841011
Denmark,2021-08-17,78870933,78870933,147552,39640865,39230068,55875,91677,39639653,39231280,55875,91677,39639653,39231280,172068,68810,103259,https://www.sst.dk/en/english/corona-eng/status-of-the-epidemic/covid-19-updates-statistics-and-charts,0.6213199414443722
Denmark,2021-08-18,79031383,79031383,160450,39715289,39316094,74424,86026,39714077,39317306,74424,86026,39714077,39317306,152408,61967,90440,https://www.sst.dk/en/english/corona-eng/status-of-the-epidemic/covid-19-updates-statistics-and-charts,0.5361545652851356
Denmark,2021-08-19,79179355,79179355,147972,39784158,39395197,68869,79103,39782946,39396409,68869,79103,39782946,39396409,154173,63653,90520,https://www.sst.dk/en/english/corona-eng/status-of-the-epidemic/covid-19-updates-statistics-and-charts,0.5345808666504474
Denmark,2021-08-20,79350988,79350988,171633,39856392,39494596,72234,99399,39855180,39495808,72234,99399,39855180,39495808,155442,64985,90457,https://www.sst.dk/en/english/corona-eng/status-of-the-epidemic/covid-19-updates-statistics-and-charts,0.5791368792714687
Denmark,2021-08-21,79350988,79350988,0,39856392,39494596,0,0,39855180,39495808,0,0,39855180,39495808,155442,64985,90457,https://www.sst.dk/en/english/corona-eng/status-of-the-epidemic/covid-19-updates-statistics-and-charts,0.5791368792714687
Denmark,2021-08-22,79350988,79350988,0,39856392,39494596,0,0,39855180,39495808,0,0,39855180,39495808,155442,64985,90457,https://www.sst.dk/en/english/corona-eng/status-of-the-epidemic/covid-19-updates-statistics-and-charts,0.5791368792714687
Denmark,2021-08-23,79807831,79807831,456843,40046839,39760992,190447,266396,40045627,39762204,190447,266396,40045627,39762204,154921,65978,88943,https://www.sst.dk/en/english/corona-eng/status-of-the-epidemic/covid-19-updates-statistics-and-charts,0.583123742729997
Denmark,2021-08-24,79986976,79986976,179145,40134379,39852597,87540,91605,40133167,39853809,87540,91605,40133167,39853809,159435,70502,88933,https://www.sst.dk/en/english/corona-eng/status-of-the-epidemic/covid-19-updates-statistics-and-charts,0.5113455580674873
Denmark,2021-08-25,80150524,80150524,163548,40210699,39939825,76320,87228,40209487,39941037,76320,87228,40209487,39941037,159877,70773,89104,https://www.sst.dk/en/english/corona-eng/status-of-the-epidemic/covid-19-updates-statistics-and-charts,0.5333480079242792
Denmark,2021-08-26,80150524,80150524,0,40210699,39939825,0,0,40209487,39941037,0,0,40209487,39941037,138738,60934,77804,https://www.sst.dk/en/english/corona-eng/status-of-the-epidemic/covid-19-updates-statistics-and-charts,0.5333480079242792
Denmark,2021-08-27,80150524,80150524,0,40210699,39939825,0,0,40209487,39941037,0,0,40209487,39941037,114219,50615,63604,https://www.sst.dk/en/english/corona-eng/status-of-the-epidemic/covid-19-updates-statistics-and-charts,0.5333480079242792
Denmark,2021-08-28,80150524,80150524,0,40210699,39939825,0,0,40209487,39941037,0,0,40209487,39941037,114219,50615,63604,https://www.sst.dk/en/english/corona-eng/status-of-the-epidemic/covid-19-updates-statistics-and-charts,0.5333480079242792
Denmark,2021-08-29,80150524,80150524,0,40210699,39939825,0,0,40209487,39941037,0,0,40209487,39941037,114219,50615,63604,https://www.sst.dk/en/english/corona-eng/status-of-the-epidemic/covid-19-updates-statistics-and-charts,0.5333480079242792
Denmark,2021-08-30,80150524,80150524,0,40210699,39939825,0,0,40209487,39941037,0,0,40209487,39941037,48956,23409,25548,https://www.sst.dk/en/english/corona-eng/status-of-the-epidemic/covid-19-updates-statistics-and-charts,0.5333480079242792
Denmark,2021-08-31,80150524,80150524,0,40210699,39939825,0,0,40209487,39941037,0,0,40209487,39941037,23364,10903,12461,https://www.sst.dk/en/english/corona-eng/status-of-the-epidemic/covid-19-updates-statistics-and-charts,0.5333480079242792
Denmark,2021-09-01,80150524,80150524,0,40210699,39939825,0,0,40209487,39941037,0,0,40209487,39941037,0,0,0,https://www.sst.dk/en/english/corona-eng/status-of-the-epidemic/covid-19-updates-statistics-and-charts,0.5333480079242792
Denmark,2021-09-02,80150524,80150524,0,40210699,39939825,0,0,40209487,39941037,0,0,40209487,39941037,0,0,0,https://www.sst.dk/en/english/corona-eng/status-of-the-epidemic/covid-19-updates-statistics-and-charts,0.5333480079242792
Denmark,2021-09-03,80150524,80150524,0,40210699,39939825,0,0,40209487,39941037,0,0,40209487,39941037,0,0,0,https://www.sst.dk/en/english/corona-eng/status-of-the-epidemic/covid-19-updates-statistics-and-charts,0.5333480079242792
Denmark,2021-09-04,80150524,80150524,0,40210699,39939825,0,0,40209487,39941037,0,0,40209487,39941037,0,0,0,https://www.sst.dk/en/english/corona-eng/status-of-the-epidemic/covid-19-updates-statistics-and-charts,0.5333480079242792
Denmark,2021-09-05,80150524,80150524,0,40210699,39939825,0,0,40209487,39941037,0,0,40209487,39941037,0,0,0,https://www.sst.dk/en/english/corona-eng/status-of-the-epidemic/covid-19-updates-statistics-and-charts,0.5333480079242792
Denmark,2021-09-06,80150524,80150524,0,40210699,39939825,0,0,40209487,39941037,0,0,40209487,39941037,0,0,0,https://www.sst.dk/en/english/corona-eng/status-of-the-epidemic/covid-19-updates-statistics-and-charts,0.5333480079242792
Denmark,2021-09-07,80150524,80150524,0,40210699,39939825,0,0,40209487,39941037,0,0,40209487,39941037,0,0,0,https://www.sst.dk/en/english/corona-eng/status-of-the-epidemic/covid-19-updates-statistics-and-charts,0.5333480079242792
Denmark,2021-09-08,80150524,80150524,0,40210699,39939825,0,0,40209487,39941037,0,0,40209487,39941037,0,0,0,https://www.sst.dk/en/english/corona-eng/status-of-the-epidemic/covid-19-updates-statistics-and-charts,0.5333480079242792
Denmark,2021-09-09,80150524,80150524,0,40210699,39939825,0,0,40209487,39941037,0,0,40209487,39941037,0,0,0,https://www.sst.dk/en/english/corona-eng/status-of-the-epidemic/covid-19-updates-statistics-and-charts,0.5333480079242792
Denmark,2021-09-10,80150524,80150524,0,40210699,39939825,0,0,40209487,39941037,0,0,40209487,39941037,0,0,0,https://www.sst.dk/en/english/corona-eng/status-of-the-epidemic/covid-19-updates-statistics-and-charts,0.5333480079242792
Denmark,2021-09-11,80150524,80150524,0,40210699,39939825,0,0,40209487,39941037,0,0,40209487,39941037,0,0,0,https://www.sst.dk/en/english/corona-eng/status-of-the-epidemic/covid-19-updates-statistics-and-charts,0.5333480079242792
Denmark,2021-09-12,80150524,80150524,0,40210699,39939825,0,0,40209487,39941037,0,0,40209487,39941037,0,0,0,https://www.sst.dk/en/english/corona-eng/status-of-the-epidemic/covid-19-updates-statistics-and-charts,0.5333480079242792
Denmark,2021-09-13,80150524,80150524,0,40210699,39939825,0,0,40209487,39941037,0,0,40209487,39941037,0,0,0,https://www.sst.dk/en/english/corona-eng/status-of-the-epidemic/covid-19-updates-statistics-and-charts,0.5333480079242792
Denmark,2021-09-14,80150524,80150524,0,40210699,39939825,0,0,40209487,39941037,0,0,40209487,39941037,0,0,0,https://www.sst.dk/en/english/corona-eng/status-of-the-epidemic/covid-19-updates-statistics-and-charts,0.5333480079242792
Denmark,2021-09-15,80150524,80150524,0,40210699,39939825,0,0,40209487,39941037,0,0,40209487,39941037,0,0,0,https://www.sst.dk/en/english/corona-eng/status-of-the-epidemic/covid-19-updates-statistics-and-charts,0.5333480079242792
Denmark,2021-09-16,80150524,80150524,0,40210699,39939825,0,0,40209487,39941037,0,0,40209487,39941037,0,0,0,https://www.sst.dk/en/english/corona-eng/status-of-the-epidemic/covid-19-updates-statistics-and-charts,0.5333480079242792
Denmark,2021-09-17,80150524,80150524,0,40210699,39939825,0,0,40209487,39941037,0,0,40209487,39941037,0,0,0,https://www.sst.dk/en/english/corona-eng/status-of-the-epidemic/covid-19-updates-statistics-and-charts,0.5333480079242792
Denmark,2021-09-18,80150524,80150524,0,40210699,39939825,0,0,40209487,39941037,0,0,40209487,39941037,0,0,0,https://www.sst.dk/en/english/corona-eng/status-of-the-epidemic/covid-19-updates-statistics-and-charts,0.5333480079242792
Denmark,2021-09-19,80150524,80150524,0,40210699,39939825,0,0,40209487,39941037,0,0,40209487,39941037,0,0,0,https://www.sst.dk/en/english/corona-eng/status-of-the-epidemic/covid-19-updates-statistics-and-charts,0.5333480079242792
Denmark,2021-09-20,80150524,80150524,0,40210699,39939825,0,0,40209487,39941037,0,0,40209487,39941037,0,0,0,https://www.sst.dk/en/english/corona-eng/status-of-the-epidemic/covid-19-updates-statistics-and-charts,0.5333480079242792
Denmark,2021-09-21,80150524,80150524,0,40210699,39939825,0,0,40209487,39941037,0,0,40209487,39941037,0,0,0,https://www.sst.dk/en/english/corona-eng/status-of-the-epidemic/covid-19-updates-statistics-and-charts,0.5333480079242792
Denmark,2021-09-22,80150524,80150524,0,40210699,39939825,0,0,40209487,39941037,0,0,40209487,39941037,0,0,0,https://www.sst.dk/en/english/corona-eng/status-of-the-epidemic/covid-19-updates-statistics-and-charts,0.5333480079242792
Denmark,2021-09-23,80150524,80150524,0,40210699,39939825,0,0,40209487,39941037,0,0,40209487,39941037,0,0,0,https://www.sst.dk/en/english/corona-eng/status-of-the-epidemic/covid-19-updates-statistics-and-charts,0.5333480079242792
Denmark,2021-09-24,80150524,80150524,0,40210699,39939825,0,0,40209487,39941037,0,0,40209487,39941037,0,0,0,https://www.sst.dk/en/english/corona-eng/status-of-the-epidemic/covid-19-updates-statistics-and-charts,0.5333480079242792
Denmark,2021-09-25,80150524,80150524,0,40210699,39939825,0,0,40209487,39941037,0,0,40209487,39941037,0,0,0,https://www.sst.dk/en/english/corona-eng/status-of-the-epidemic/covid-19-updates-statistics-and-charts,0.5333480079242792
Denmark,2021-09-26,80150524,80150524,0,40210699,39939825,0,0,40209487,39941037,0,0,40209487,39941037,0,0,0,https://www.sst.dk/en/english/corona-eng/status-of-the-epidemic/covid-19-updates-statistics-and-charts,0.5333480079242792
Denmark,2021-09-27,83437076,83437076,3286552,40210699,39939825,0,0,41743163,41693913,1533676,1752876,41743163,41693913,469507,219097,250411,https://www.sst.dk/en/english/corona-eng/status-of-the-epidemic/covid-19-updates-statistics-and-charts,0.5333480079242792
Denmark,2021-09-28,83437076,83437076,0,41852632,41584444,1641933,1644619,41743163,41693913,0,0,41743163,41693913,469507,219097,250411,https://www.sst.dk/en/english/corona-eng/status-of-the-epidemic/covid-19-updates-statistics-and-charts,0.5004086349462902
Denmark,2021-09-29,83583954,83583954,146878,41927792,41656162,75160,71718,41818323,41765631,75160,71718,41818323,41765631,490490,229834,260656,https://www.sst.dk/en/english/corona-eng/status-of-the-epidemic/covid-19-updates-statistics-and-charts,0.48828279252168466
Denmark,2021-09-30,83642334,83642334,58380,41956958,41685376,29166,29214,41847489,41794845,29166,29214,41847489,41794845,498830,234000,264830,https://www.sst.dk/en/english/corona-eng/status-of-the-epidemic/covid-19-updates-statistics-and-charts,0.5004110996916752
Denmark,2021-10-01,83728514,83728514,86180,42009048,41719466,52090,34090,41899579,41828935,52090,34090,41899579,41828935,511141,241442,269700,https://www.sst.dk/en/english/corona-eng/status-of-the-epidemic/covid-19-updates-statistics-and-charts,0.39556741703411463
Denmark,2021-10-02,83728514,83728514,0,42009048,41719466,0,0,41899579,41828935,0,0,41899579,41828935,511141,241442,269700,https://www.sst.dk/en/english/corona-eng/status-of-the-epidemic/covid-19-updates-statistics-and-charts,0.39556741703411463
Denmark,2021-10-03,83728514,83728514,0,42009048,41719466,0,0,41899579,41828935,0,0,41899579,41828935,511141,241442,269700,https://www.sst.dk/en/english/corona-eng/status-of-the-epidemic/covid-19-updates-statistics-and-charts,0.39556741703411463
Denmark,2021-10-04,83887085,83887085,158571,42103760,41783325,94712,63859,41994291,41892794,94712,63859,41994291,41892794,64287,35875,28412,https://www.sst.dk/en/english/corona-eng/status-of-the-epidemic/covid-19-updates-statistics-and-charts,0.4027155028346924
Denmark,2021-10-05,83955561,83955561,68476,42138428,41817133,34668,33808,42028959,41926602,34668,33808,42028959,41926602,74069,40828,33241,https://www.sst.dk/en/english/corona-eng/status-of-the-epidemic/covid-19-updates-statistics-and-charts,0.4937204275950698
Denmark,2021-10-06,84025465,84025465,69904,42177944,41847521,39516,30388,42068475,41956990,39516,30388,42068475,41956990,63073,35736,27337,https://www.sst.dk/en/english/corona-eng/status-of-the-epidemic/covid-19-updates-statistics-and-charts,0.4347104600595102
Denmark,2021-10-07,84097718,84097718,72253,42220386,41877332,42442,29811,42110917,41986801,42442,29811,42110917,41986801,65055,37633,27422,https://www.sst.dk/en/english/corona-eng/status-of-the-epidemic/covid-19-updates-statistics-and-charts,0.4125918646976596
Denmark,2021-10-08,84172224,84172224,74506,42261258,41910966,40872,33634,42151789,42020435,40872,33634,42151789,42020435,63387,36030,27357,https://www.sst.dk/en/english/corona-eng/status-of-the-epidemic/covid-19-updates-statistics-and-charts,0.4514267307330953
Denmark,2021-10-09,84172224,84172224,0,42261258,41910966,0,0,42151789,42020435,0,0,42151789,42020435,63387,36030,27357,https://www.sst.dk/en/english/corona-eng/status-of-the-epidemic/covid-19-updates-statistics-and-charts,0.4514267307330953
Denmark,2021-10-10,84172224,84172224,0,42261258,41910966,0,0,42151789,42020435,0,0,42151789,42020435,63387,36030,27357,https://www.sst.dk/en/english/corona-eng/status-of-the-epidemic/covid-19-updates-statistics-and-charts,0.4514267307330953
Denmark,2021-10-11,84172224,84172224,0,42261258,41910966,0,0,42151789,42020435,0,0,42151789,42020435,40734,22500,18234,https://www.sst.dk/en/english/corona-eng/status-of-the-epidemic/covid-19-updates-statistics-and-charts,0.4514267307330953
Denmark,2021-10-12,84172224,84172224,0,42419422,41979836,158164,68870,42151789,42020435,0,0,42151789,42020435,30952,17547,13405,https://www.sst.dk/en/english/corona-eng/status-of-the-epidemic/covid-19-updates-statistics-and-charts,0.30334663530572514
Denmark,2021-10-13,84399258,84399258,227034,42419422,41979836,0,0,42309953,42089305,158164,68870,42309953,42089305,53399,34497,18902,https://www.sst.dk/en/english/corona-eng/status-of-the-epidemic/covid-19-updates-statistics-and-charts,0.30334663530572514
Denmark,2021-10-14,84399258,84399258,0,42419422,41979836,0,0,42309953,42089305,0,0,42309953,42089305,43077,28434,14643,https://www.sst.dk/en/english/corona-eng/status-of-the-epidemic/covid-19-updates-statistics-and-charts,0.30334663530572514
Denmark,2021-10-15,84399258,84399258,0,42419422,41979836,0,0,42309953,42089305,0,0,42309953,42089305,32433,22595,9839,https://www.sst.dk/en/english/corona-eng/status-of-the-epidemic/covid-19-updates-statistics-and-charts,0.30334663530572514
Denmark,2021-10-16,84399258,84399258,0,42419422,41979836,0,0,42309953,42089305,0,0,42309953,42089305,32433,22595,9839,https://www.sst.dk/en/english/corona-eng/status-of-the-epidemic/covid-19-updates-statistics-and-charts,0.30334663530572514
Denmark,2021-10-17,84399258,84399258,0,42419422,41979836,0,0,42309953,42089305,0,0,42309953,42089305,32433,22595,9839,https://www.sst.dk/en/english/corona-eng/status-of-the-epidemic/covid-19-updates-statistics-and-charts,0.30334663530572514
Denmark,2021-10-18,84399258,84399258,0,42419422,41979836,0,0,42309953,42089305,0,0,42309953,42089305,32433,22595,9839,https://www.sst.dk/en/english/corona-eng/status-of-the-epidemic/covid-19-updates-statistics-and-charts,0.30334663530572514
Denmark,2021-10-19,84399258,84399258,0,42419422,41979836,0,0,42309953,42089305,0,0,42309953,42089305,32433,22595,9839,https://www.sst.dk/en/english/corona-eng/status-of-the-epidemic/covid-19-updates-statistics-and-charts,0.30334663530572514
Denmark,2021-10-20,84399258,84399258,0,42419422,41979836,0,0,42309953,42089305,0,0,42309953,42089305,0,0,0,https://www.sst.dk/en/english/corona-eng/status-of-the-epidemic/covid-19-updates-statistics-and-charts,0.30334663530572514
Denmark,2021-10-21,84399258,84399258,0,42419422,41979836,0,0,42309953,42089305,0,0,42309953,42089305,0,0,0,https://www.sst.dk/en/english/corona-eng/status-of-the-epidemic/covid-19-updates-statistics-and-charts,0.30334663530572514
Denmark,2021-10-22,84399258,84399258,0,42419422,41979836,0,0,42309953,42089305,0,0,42309953,42089305,0,0,0,https://www.sst.dk/en/english/corona-eng/status-of-the-epidemic/covid-19-updates-statistics-and-charts,0.30334663530572514
Denmark,2021-10-23,84399258,84399258,0,42419422,41979836,0,0,42309953,42089305,0,0,42309953,42089305,0,0,0,https://www.sst.dk/en/english/corona-eng/status-of-the-epidemic/covid-19-updates-statistics-and-charts,0.30334663530572514
Denmark,2021-10-24,84399258,84399258,0,42419422,41979836,0,0,42309953,42089305,0,0,42309953,42089305,0,0,0,https://www.sst.dk/en/english/corona-eng/status-of-the-epidemic/covid-19-updates-statistics-and-charts,0.30334663530572514
Denmark,2021-10-25,84399258,84399258,0,42419422,41979836,0,0,42309953,42089305,0,0,42309953,42089305,0,0,0,https://www.sst.dk/en/english/corona-eng/status-of-the-epidemic/covid-19-updates-statistics-and-charts,0.30334663530572514
Denmark,2021-10-26,84399258,84399258,0,42419422,41979836,0,0,42309953,42089305,0,0,42309953,42089305,0,0,0,https://www.sst.dk/en/english/corona-eng/status-of-the-epidemic/covid-19-updates-statistics-and-charts,0.30334663530572514
Denmark,2021-10-27,84399258,84399258,0,42419422,41979836,0,0,42309953,42089305,0,0,42309953,42089305,0,0,0,https://www.sst.dk/en/english/corona-eng/status-of-the-epidemic/covid-19-updates-statistics-and-charts,0.30334663530572514
Denmark,2021-10-28,84399258,84399258,0,42419422,41979836,0,0,42309953,42089305,0,0,42309953,42089305,0,0,0,https://www.sst.dk/en/english/corona-eng/status-of-the-epidemic/covid-19-updates-statistics-and-charts,0.30334663530572514
Denmark,2021-10-29,84399258,84399258,0,42419422,41979836,0,0,42309953,42089305,0,0,42309953,42089305,0,0,0,https://www.sst.dk/en/english/corona-eng/status-of-the-epidemic/covid-19-updates-statistics-and-charts,0.30334663530572514
Denmark,2021-10-30,84399258,84399258,0,42419422,41979836,0,0,42309953,42089305,0,0,42309953,42089305,0,0,0,https://www.sst.dk/en/english/corona-eng/status-of-the-epidemic/covid-19-updates-statistics-and-charts,0.30334663530572514
Denmark,2021-10-31,84399258,84399258,0,42419422,41979836,0,0,42309953,42089305,0,0,42309953,42089305,0,0,0,https://www.sst.dk/en/english/corona-eng/status-of-the-epidemic/covid-19-updates-statistics-and-charts,0.30334663530572514
Denmark,2021-11-01,84399258,84399258,0,42419422,41979836,0,0,42309953,42089305,0,0,42309953,42089305,0,0,0,https://www.sst.dk/en/english/corona-eng/status-of-the-epidemic/covid-19-updates-statistics-and-charts,0.30334663530572514
Denmark,2021-11-02,84399258,84399258,0,42419422,41979836,0,0,42309953,42089305,0,0,42309953,42089305,0,0,0,https://www.sst.dk/en/english/corona-eng/status-of-the-epidemic/covid-19-updates-statistics-and-charts,0.30334663530572514
Denmark,2021-11-03,84399258,84399258,0,42419422,41979836,0,0,42309953,42089305,0,0,42309953,42089305,0,0,0,https://www.sst.dk/en/english/corona-eng/status-of-the-epidemic/covid-19-updates-statistics-and-charts,0.30334663530572514
Denmark,2021-11-04,84399258,84399258,0,42419422,41979836,0,0,42309953,42089305,0,0,42309953,42089305,0,0,0,https://www.sst.dk/en/english/corona-eng/status-of-the-epidemic/covid-19-updates-statistics-and-charts,0.30334663530572514
Denmark,2021-11-05,84399258,84399258,0,42419422,41979836,0,0,42309953,42089305,0,0,42309953,42089305,0,0,0,https://www.sst.dk/en/english/corona-eng/status-of-the-epidemic/covid-19-updates-statistics-and-charts,0.30334663530572514
Denmark,2021-11-06,84399258,84399258,0,42419422,41979836,0,0,42309953,42089305,0,0,42309953,42089305,0,0,0,https://www.sst.dk/en/english/corona-eng/status-of-the-epidemic/covid-19-updates-statistics-and-charts,0.30334663530572514
Denmark,2021-11-07,84399258,84399258,0,42419422,41979836,0,0,42309953,42089305,0,0,42309953,42089305,0,0,0,https://www.sst.dk/en/english/corona-eng/status-of-the-epidemic/covid-19-updates-statistics-and-charts,0.30334663530572514
Denmark,2021-11-08,84399258,84399258,0,42419422,41979836,0,0,42309953,42089305,0,0,42309953,42089305,0,0,0,https://www.sst.dk/en/english/corona-eng/status-of-the-epidemic/covid-19-updates-statistics-and-charts,0.30334663530572514
Denmark,2021-11-09,84399258,84399258,0,42419422,41979836,0,0,42309953,42089305,0,0,42309953,42089305,0,0,0,https://www.sst.dk/en/english/corona-eng/status-of-the-epidemic/covid-19-updates-statistics-and-charts,0.30334663530572514
Denmark,2021-11-10,84399258,84399258,0,42419422,41979836,0,0,42309953,42089305,0,0,42309953,42089305,0,0,0,https://www.sst.dk/en/english/corona-eng/status-of-the-epidemic/covid-19-updates-statistics-and-charts,0.30334663530572514
Denmark,2021-11-11,84399258,84399258,0,42419422,41979836,0,0,42309953,42089305,0,0,42309953,42089305,0,0,0,https://www.sst.dk/en/english/corona-eng/status-of-the-epidemic/covid-19-updates-statistics-and-charts,0.30334663530572514
Denmark,2021-11-12,84399258,84399258,0,42419422,41979836,0,0,42309953,42089305,0,0,42309953,42089305,0,0,0,https://www.sst.dk/en/english/corona-eng/status-of-the-epidemic/covid-19-updates-statistics-and-charts,0.30334663530572514
Denmark,2021-11-13,84399258,84399258,0,42419422,41979836,0,0,42309953,42089305,0,0,42309953,42089305,0,0,0,https://www.sst.dk/en/english/corona-eng/status-of-the-epidemic/covid-19-updates-statistics-and-charts,0.30334663530572514
Denmark,2021-11-14,84399258,84399258,0,42419422,41979836,0,0,42309953,42089305,0,0,42309953,42089305,0,0,0,https://www.sst.dk/en/english/corona-eng/status-of-the-epidemic/covid-19-updates-statistics-and-charts,0.30334663530572514
Denmark,2021-11-15,84399258,84399258,0,42419422,41979836,0,0,42309953,42089305,0,0,42309953,42089305,0,0,0,https://www.sst.dk/en/english/corona-eng/status-of-the-epidemic/covid-19-updates-statistics-and-charts,0.30334663530572514
Denmark,2021-11-16,84399258,84399258,0,42419422,41979836,0,0,42309953,42089305,0,0,42309953,42089305,0,0,0,https://www.sst.dk/en/english/corona-eng/status-of-the-epidemic/covid-19-updates-statistics-and-charts,0.30334663530572514
Denmark,2021-11-17,84399258,84399258,0,42419422,41979836,0,0,42309953,42089305,0,0,42309953,42089305,0,0,0,https://www.sst.dk/en/english/corona-eng/status-of-the-epidemic/covid-19-updates-statistics-and-charts,0.30334663530572514
Denmark,2021-11-18,84399258,84399258,0,42419422,41979836,0,0,42309953,42089305,0,0,42309953,42089305,0,0,0,https://www.sst.dk/en/english/corona-eng/status-of-the-epidemic/covid-19-updates-statistics-and-charts,0.30334663530572514
Denmark,2021-11-19,84399258,84399258,0,42419422,41979836,0,0,42309953,42089305,0,0,42309953,42089305,0,0,0,https://www.sst.dk/en/english/corona-eng/status-of-the-epidemic/covid-19-updates-statistics-and-charts,0.30334663530572514
Denmark,2021-11-20,84399258,84399258,0,42419422,41979836,0,0,42309953,42089305,0,0,42309953,42089305,0,0,0,https://www.sst.dk/en/english/corona-eng/status-of-the-epidemic/covid-19-updates-statistics-and-charts,0.30334663530572514
Denmark,2021-11-21,84399258,84399258,0,42419422,41979836,0,0,42309953,42089305,0,0,42309953,42089305,0,0,0,https://www.sst.dk/en/english/corona-eng/status-of-the-epidemic/covid-19-updates-statistics-and-charts,0.30334663530572514
Denmark,2021-11-22,84399258,84399258,0,42419422,41979836,0,0,42309953,42089305,0,0,42309953,42089305,0,0,0,https://www.sst.dk/en/english/corona-eng/status-of-the-epidemic/covid-19-updates-statistics-and-charts,0.30334663530572514
Denmark,2021-11-23,84399258,84399258,0,42419422,41979836,0,0,42309953,42089305,0,0,42309953,42089305,0,0,0,https://www.sst.dk/en/english/corona-eng/status-of-the-epidemic/covid-19-updates-statistics-and-charts,0.30334663530572514
Denmark,2021-11-24,84399258,84399258,0,42419422,41979836,0,0,42309953,42089305,0,0,42309953,42089305,0,0,0,https://www.sst.dk/en/english/corona-eng/status-of-the-epidemic/covid-19-updates-statistics-and-charts,0.30334663530572514
Denmark,2021-11-25,84399258,84399258,0,42419422,41979836,0,0,42309953,42089305,0,0,42309953,42089305,0,0,0,https://www.sst.dk/en/english/corona-eng/status-of-the-epidemic/covid-19-updates-statistics-and-charts,0.30334663530572514
Denmark,2021-11-26,84399258,84399258,0,42419422,41979836,0,0,42309953,42089305,0,0,42309953,42089305,0,0,0,https://www.sst.dk/en/english/corona-eng/status-of-the-epidemic/covid-19-updates-statistics-and-charts,0.30334663530572514
Denmark,2021-11-27,84399258,84399258,0,42419422,41979836,0,0,42309953,42089305,0,0,42309953,42089305,0,0,0,https://www.sst.dk/en/english/corona-eng/status-of-the-epidemic/covid-19-updates-statistics-and-charts,0.30334663530572514
Denmark,2021-11-28,84399258,84399258,0,42419422,41979836,0,0,42309953,42089305,0,0,42309953,42089305,0,0,0,https://www.sst.dk/en/english/corona-eng/status-of-the-epidemic/covid-19-updates-statistics-and-charts,0.30334663530572514
Denmark,2021-11-29,84399258,84399258,0,42419422,41979836,0,0,42309953,42089305,0,0,42309953,42089305,0,0,0,https://www.sst.dk/en/english/corona-eng/status-of-the-epidemic/covid-19-updates-statistics-and-charts,0.30334663530572514
Denmark,2021-11-30,84399258,84399258,0,42419422,41979836,0,0,42309953,42089305,0,0,42309953,42089305,0,0,0,https://www.sst.dk/en/english/corona-eng/status-of-the-epidemic/covid-19-updates-statistics-and-charts,0.30334663530572514
Denmark,2021-12-01,84399258,84399258,0,42419422,41979836,0,0,42309953,42089305,0,0,42309953,42089305,0,0,0,https://www.sst.dk/en/english/corona-eng/status-of-the-epidemic/covid-19-updates-statistics-and-charts,0.30334663530572514
Denmark,2021-12-02,84399258,84399258,0,42419422,41979836,0,0,42309953,42089305,0,0,42309953,42089305,0,0,0,https://www.sst.dk/en/english/corona-eng/status-of-the-epidemic/covid-19-updates-statistics-and-charts,0.30334663530572514
Denmark,2021-12-03,84399258,84399258,0,42419422,41979836,0,0,42309953,42089305,0,0,42309953,42089305,0,0,0,https://www.sst.dk/en/english/corona-eng/status-of-the-epidemic/covid-19-updates-statistics-and-charts,0.30334663530572514
Denmark,2021-12-04,84399258,84399258,0,42419422,41979836,0,0,42309953,42089305,0,0,42309953,42089305,0,0,0,https://www.sst.dk/en/english/corona-eng/status-of-the-epidemic/covid-19-updates-statistics-and-charts,0.30334663530572514
Denmark,2021-12-05,84399258,84399258,0,42419422,41979836,0,0,42309953,42089305,0,0,42309953,42089305,0,0,0,https://www.sst.dk/en/english/corona-eng/status-of-the-epidemic/covid-19-updates-statistics-and-charts,0.30334663530572514
Denmark,2021-12-06,84399258,84399258,0,42419422,41979836,0,0,42309953,42089305,0,0,42309953,42089305,0,0,0,https://www.sst.dk/en/english/corona-eng/status-of-the-epidemic/covid-19-updates-statistics-and-charts,0.30334663530572514
Denmark,2021-12-07,84399258,84399258,0,42419422,41979836,0,0,42309953,42089305,0,0,42309953,42089305,0,0,0,https://www.sst.dk/en/english/corona-eng/status-of-the-epidemic/covid-19-updates-statistics-and-charts,0.30334663530572514
Denmark,2021-12-08,84399258,84399258,0,42419422,41979836,0,0,42309953,42089305,0,0,42309953,42089305,0,0,0,https://www.sst.dk/en/english/corona-eng/status-of-the-epidemic/covid-19-updates-statistics-and-charts,0.30334663530572514
Denmark,2021-12-09,84399258,84399258,0,42419422,41979836,0,0,42309953,42089305,0,0,42309953,42089305,0,0,0,https://www.sst.dk/en/english/corona-eng/status-of-the-epidemic/covid-19-updates-statistics-and-charts,0.30334663530572514
Denmark,2021-12-10,84399258,84399258,0,42419422,41979836,0,0,42309953,42089305,0,0,42309953,42089305,0,0,0,https://www.sst.dk/en/english/corona-eng/status-of-the-epidemic/covid-19-updates-statistics-and-charts,0.30334663530572514
Denmark,2021-12-11,84399258,84399258,0,42419422,41979836,0,0,42309953,42089305,0,0,42309953,42089305,0,0,0,https://www.sst.dk/en/english/corona-eng/status-of-the-epidemic/covid-19-updates-statistics-and-charts,0.30334663530572514
Denmark,2021-12-12,84399258,84399258,0,42419422,41979836,0,0,42309953,42089305,0,0,42309953,42089305,0,0,0,https://www.sst.dk/en/english/corona-eng/status-of-the-epidemic/covid-19-updates-statistics-and-charts,0.30334663530572514
Denmark,2021-12-13,84399258,84399258,0,42419422,41979836,0,0,42309953,42089305,0,0,42309953,42089305,0,0,0,https://www.sst.dk/en/english/corona-eng/status-of-the-epidemic/covid-19-updates-statistics-and-charts,0.30334663530572514
Denmark,2021-12-14,84399258,84399258,0,42419422,41979836,0,0,42309953,42089305,0,0,42309953,42089305,0,0,0,https://www.sst.dk/en/english/corona-eng/status-of-the-epidemic/covid-19-updates-statistics-and-charts,0.30334663530572514
Denmark,2021-12-15,84399258,84399258,0,42419422,41979836,0,0,42309953,42089305,0,0,42309953,42089305,0,0,0,https://www.sst.dk/en/english/corona-eng/status-of-the-epidemic/covid-19-updates-statistics-and-charts,0.30334663530572514
Denmark,2021-12-16,84399258,84399258,0,42419422,41979836,0,0,42309953,42089305,0,0,42309953,42089305,0,0,0,https://www.sst.dk/en/english/corona-eng/status-of-the-epidemic/covid-19-updates-statistics-and-charts,0.30334663530572514
Denmark,2021-12-17,84399258,84399258,0,42419422,41979836,0,0,42309953,42089305,0,0,42309953,42089305,0,0,0,https://www.sst.dk/en/english/corona-eng/status-of-the-epidemic/covid-19-updates-statistics-and-charts,0.30334663530572514
Denmark,2021-12-18,84399258,84399258,0,42419422,41979836,0,0,42309953,42089305,0,0,42309953,42089305,0,0,0,https://www.sst.dk/en/english/corona-eng/status-of-the-epidemic/covid-19-updates-statistics-and-charts,0.30334663530572514
Denmark,2021-12-19,84399258,84399258,0,42419422,41979836,0,0,42309953,42089305,0,0,42309953,42089305,0,0,0,https://www.sst.dk/en/english/corona-eng/status-of-the-epidemic/covid-19-updates-statistics-and-charts,0.30334663530572514
Denmark,2021-12-20,84399258,84399258,0,42419422,41979836,0,0,42309953,42089305,0,0,42309953,42089305,0,0,0,https://www.sst.dk/en/english/corona-eng/status-of-the-epidemic/covid-19-updates-statistics-and-charts,0.30334663530572514
Denmark,2021-12-21,84399258,84399258,0,42419422,41979836,0,0,42309953,42089305,0,0,42309953,42089305,0,0,0,https://www.sst.dk/en/english/corona-eng/status-of-the-epidemic/covid-19-updates-statistics-and-charts,0.30334663530572514
Denmark,2021-12-22,84399258,84399258,0,42419422,41979836,0,0,42309953,42089305,0,0,42309953,42089305,0,0,0,https://www.sst.dk/en/english/corona-eng/status-of-the-epidemic/covid-19-updates-statistics-and-charts,0.30334663530572514
Denmark,2021-12-23,84399258,84399258,0,42419422,41979836,0,0,42309953,42089305,0,0,42309953,42089305,0,0,0,https://www.sst.dk/en/english/corona-eng/status-of-the-epidemic/covid-19-updates-statistics-and-charts,0.30334663530572514
Denmark,2021-12-24,84399258,84399258,0,42419422,41979836,0,0,42309953,42089305,0,0,42309953,42089305,0,0,0,https://www.sst.dk/en/english/corona-eng/status-of-the-epidemic/covid-19-updates-statistics-and-charts,0.30334663530572514
Denmark,2021-12-25,84399258,84399258,0,42419422,41979836,0,0,42309953,42089305,0,0,42309953,42089305,0,0,0,https://www.sst.dk/en/english/corona-eng/status-of-the-epidemic/covid-19-updates-statistics-and-charts,0.30334663530572514
Denmark,2021-12-26,84399258,84399258,0,42419422,41979836,0,0,42309953,42089305,0,0,42309953,42089305,0,0,0,https://www.sst.dk/en/english/corona-eng/status-of-the-epidemic/covid-19-updates-statistics-and-charts,0.30334663530572514
Denmark,2021-12-27,105287999,105287999,20888741,42419422,41979836,0,0,56862165,48425834,14552212,6336529,56862165,48425834,2984106,2078887,905218,https://www.sst.dk/en/english/corona-eng/status-of-the-epidemic/covid-19-updates-statistics-and-charts,0.30334663530572514
Denmark,2021-12-28,105287999,105287999,0,42419422,41979836,0,0,56862165,48425834,0,0,56862165,48425834,2984106,2078887,905218,https://www.sst.dk/en/english/corona-eng/status-of-the-epidemic/covid-19-updates-statistics-and-charts,0.30334663530572514
Denmark,2021-12-29,105287999,105287999,0,42419422,41979836,0,0,56862165,48425834,0,0,56862165,48425834,2984106,2078887,905218,https://www.sst.dk/en/english/corona-eng/status-of-the-epidemic/covid-19-updates-statistics-and-charts,0.30334663530572514
Denmark,2021-12-30,106452714,106452714,1164715,42419422,41979836,0,0,57673568,48779146,811403,353312,57673568,48779146,3150494,2194802,955692,https://www.sst.dk/en/english/corona-eng/status-of-the-epidemic/covid-19-updates-statistics-and-charts,0.30334663530572514
Denmark,2021-12-31,106452714,106452714,0,42419422,41979836,0,0,57673568,48779146,0,0,57673568,48779146,3150494,2194802,955692,https://www.sst.dk/en/english/corona-eng/status-of-the-epidemic/covid-19-updates-statistics-and-charts,0.30334663530572514
Denmark,2022-01-01,106452714,106452714,0,42419422,41979836,0,0,57673568,48779146,0,0,57673568,48779146,3150494,2194802,955692,https://www.sst.dk/en/english/corona-eng/status-of-the-epidemic/covid-19-updates-statistics-and-charts,0.30334663530572514
Denmark,2022-01-02,106452714,106452714,0,42419422,41979836,0,0,57673568,48779146,0,0,57673568,48779146,3150494,2194802,955692,https://www.sst.dk/en/english/corona-eng/status-of-the-epidemic/covid-19-updates-statistics-and-charts,0.30334663530572514
Denmark,2022-01-03,106452714,106452714,0,42419422,41979836,0,0,57673568,48779146,0,0,57673568,48779146,166388,115915,50473,https://www.sst.dk/en/english/corona-eng/status-of-the-epidemic/covid-19-updates-statistics-and-charts,0.30334663530572514
Denmark,2022-01-04,106452714,106452714,0,42419422,41979836,0,0,57673568,48779146,0,0,57673568,48779146,166388,115915,50473,https://www.sst.dk/en/english/corona-eng/status-of-the-epidemic/covid-19-updates-statistics-and-charts,0.30334663530572514
Denmark,2022-01-05,106452714,106452714,0,42419422,41979836,0,0,57673568,48779146,0,0,57673568,48779146,166388,115915,50473,https://www.sst.dk/en/english/corona-eng/status-of-the-epidemic/covid-19-updates-statistics-and-charts,0.30334663530572514
Denmark,2022-01-06,106452714,106452714,0,42419422,41979836,0,0,57673568,48779146,0,0,57673568,48779146,0,0,0,https://www.sst.dk/en/english/corona-eng/status-of-the-epidemic/covid-19-updates-statistics-and-charts,0.30334663530572514
Denmark,2022-01-07,106452714,106452714,0,42419422,41979836,0,0,57673568,48779146,0,0,57673568,48779146,0,0,0,https://www.sst.dk/en/english/corona-eng/status-of-the-epidemic/covid-19-updates-statistics-and-charts,0.30334663530572514
Denmark,2022-01-08,106452714,106452714,0,42419422,41979836,0,0,57673568,48779146,0,0,57673568,48779146,0,0,0,https://www.sst.dk/en/english/corona-eng/status-of-the-epidemic/covid-19-updates-statistics-and-charts,0.30334663530572514
Denmark,2022-01-09,106452714,106452714,0,42419422,41979836,0,0,57673568,48779146,0,0,57673568,48779146,0,0,0,https://www.sst.dk/en/english/corona-eng/status-of-the-epidemic/covid-19-updates-statistics-and-charts,0.30334663530572514
Denmark,2022-01-10,106452714,106452714,0,42419422,41979836,0,0,57673568,48779146,0,0,57673568,48779146,0,0,0,https://www.sst.dk/en/english/corona-eng/status-of-the-epidemic/covid-19-updates-statistics-and-charts,0.30334663530572514
Denmark,2022-01-11,106452714,106452714,0,42419422,41979836,0,0,57673568,48779146,0,0,57673568,48779146,0,0,0,https://www.sst.dk/en/english/corona-eng/status-of-the-epidemic/covid-19-updates-statistics-and-charts,0.30334663530572514
Denmark,2022-01-12,106452714,106452714,0,42419422,41979836,0,0,57673568,48779146,0,0,57673568,48779146,0,0,0,https://www.sst.dk/en/english/corona-eng/status-of-the-epidemic/covid-19-updates-statistics-and-charts,0.30334663530572514
Denmark,2022-01-13,106452714,106452714,0,42419422,41979836,0,0,57673568,48779146,0,0,57673568,48779146,0,0,0,https://www.sst.dk/en/english/corona-eng/status-of-the-epidemic/covid-19-updates-statistics-and-charts,0.30334663530572514
Denmark,2022-01-14,106452714,106452714,0,42419422,41979836,0,0,57673568,48779146,0,0,57673568,48779146,0,0,0,https://www.sst.dk/en/english/corona-eng/status-of-the-epidemic/covid-19-updates-statistics-and-charts,0.30334663530572514
Denmark,2022-01-15,106452714,106452714,0,42419422,41979836,0,0,57673568,48779146,0,0,57673568,48779146,0,0,0,https://www.sst.dk/en/english/corona-eng/status-of-the-epidemic/covid-19-updates-statistics-and-charts,0.30334663530572514
Denmark,2022-01-16,106452714,106452714,0,42419422,41979836,0,0,57673568,48779146,0,0,57673568,48779146,0,0,0,https://www.sst.dk/en/english/corona-eng/status-of-the-epidemic/covid-19-updates-statistics-and-charts,0.30334663530572514
Denmark,2022-01-17,106452714,106452714,0,42419422,41979836,0,0,57673568,48779146,0,0,57673568,48779146,0,0,0,https://www.sst.dk/en/english/corona-eng/status-of-the-epidemic/covid-19-updates-statistics-and-charts,0.30334663530572514
Denmark,2022-01-18,106452714,106452714,0,42419422,41979836,0,0,57673568,48779146,0,0,57673568,48779146,0,0,0,https://www.sst.dk/en/english/corona-eng/status-of-the-epidemic/covid-19-updates-statistics-and-charts,0.30334663530572514
Denmark,2022-01-19,106452714,106452714,0,42419422,41979836,0,0,57673568,48779146,0,0,57673568,48779146,0,0,0,https://www.sst.dk/en/english/corona-eng/status-of-the-epidemic/covid-19-updates-statistics-and-charts,0.30334663530572514
Denmark,2022-01-20,106452714,106452714,0,42419422,41979836,0,0,57673568,48779146,0,0,57673568,48779146,0,0,0,https://www.sst.dk/en/english/corona-eng/status-of-the-epidemic/covid-19-updates-statistics-and-charts,0.30334663530572514
Denmark,2022-01-21,106452714,106452714,0,42419422,41979836,0,0,57673568,48779146,0,0,57673568,48779146,0,0,0,https://www.sst.dk/en/english/corona-eng/status-of-the-epidemic/covid-19-updates-statistics-and-charts,0.30334663530572514
Denmark,2022-01-22,106452714,106452714,0,42419422,41979836,0,0,57673568,48779146,0,0,57673568,48779146,0,0,0,https://www.sst.dk/en/english/corona-eng/status-of-the-epidemic/covid-19-updates-statistics-and-charts,0.30334663530572514
Denmark,2022-01-23,106452714,106452714,0,42419422,41979836,0,0,57673568,48779146,0,0,57673568,48779146,0,0,0,https://www.sst.dk/en/english/corona-eng/status-of-the-epidemic/covid-19-updates-statistics-and-charts,0.30334663530572514
Denmark,2022-01-24,106452714,106452714,0,42419422,41979836,0,0,57673568,48779146,0,0,57673568,48779146,0,0,0,https://www.sst.dk/en/english/corona-eng/status-of-the-epidemic/covid-19-updates-statistics-and-charts,0.30334663530572514
Denmark,2022-01-25,106452714,106452714,0,42419422,41979836,0,0,57673568,48779146,0,0,57673568,48779146,0,0,0,https://www.sst.dk/en/english/corona-eng/status-of-the-epidemic/covid-19-updates-statistics-and-charts,0.30334663530572514
Denmark,2022-01-26,106452714,106452714,0,42419422,41979836,0,0,57673568,48779146,0,0,57673568,48779146,0,0,0,https://www.sst.dk/en/english/corona-eng/status-of-the-epidemic/covid-19-updates-statistics-and-charts,0.30334663530572514
Denmark,2022-01-27,106452714,106452714,0,42419422,41979836,0,0,57673568,48779146,0,0,57673568,48779146,0,0,0,https://www.sst.dk/en/english/corona-eng/status-of-the-epidemic/covid-19-updates-statistics-and-charts,0.30334663530572514
Denmark,2022-01-28,106452714,106452714,0,42419422,41979836,0,0,57673568,48779146,0,0,57673568,48779146,0,0,0,https://www.sst.dk/en/english/corona-eng/status-of-the-epidemic/covid-19-updates-statistics-and-charts,0.30334663530572514
Denmark,2022-01-29,106452714,106452714,0,42419422,41979836,0,0,57673568,48779146,0,0,57673568,48779146,0,0,0,https://www.sst.dk/en/english/corona-eng/status-of-the-epidemic/covid-19-updates-statistics-and-charts,0.30334663530572514
Denmark,2022-01-30,106452714,106452714,0,42419422,41979836,0,0,57673568,48779146,0,0,57673568,48779146,0,0,0,https://www.sst.dk/en/english/corona-eng/status-of-the-epidemic/covid-19-updates-statistics-and-charts,0.30334663530572514
Denmark,2022-01-31,106452714,106452714,0,42419422,41979836,0,0,57673568,48779146,0,0,57673568,48779146,0,0,0,https://www.sst.dk/en/english/corona-eng/status-of-the-epidemic/covid-19-updates-statistics-and-charts,0.30334663530572514
Denmark,2022-02-01,106452714,106452714,0,42419422,41979836,0,0,57673568,48779146,0,0,57673568,48779146,0,0,0,https://www.sst.dk/en/english/corona-eng/status-of-the-epidemic/covid-19-updates-statistics-and-charts,0.30334663530572514
Denmark,2022-02-02,106452714,106452714,0,42419422,41979836,0,0,57673568,48779146,0,0,57673568,48779146,0,0,0,https://www.sst.dk/en/english/corona-eng/status-of-the-epidemic/covid-19-updates-statistics-and-charts,0.30334663530572514
Denmark,2022-02-03,106452714,106452714,0,42419422,41979836,0,0,57673568,48779146,0,0,57673568,48779146,0,0,0,https://www.sst.dk/en/english/corona-eng/status-of-the-epidemic/covid-19-updates-statistics-and-charts,0.30334663530572514
Denmark,2022-02-04,106452714,106452714,0,42419422,41979836,0,0,57673568,48779146,0,0,57673568,48779146,0,0,0,https://www.sst.dk/en/english/corona-eng/status-of-the-epidemic/covid-19-updates-statistics-and-charts,0.30334663530572514
Denmark,2022-02-05,106452714,106452714,0,42419422,41979836,0,0,57673568,48779146,0,0,57673568,48779146,0,0,0,https://www.sst.dk/en/english/corona-eng/status-of-the-epidemic/covid-19-updates-statistics-and-charts,0.30334663530572514
Denmark,2022-02-06,106452714,106452714,0,42419422,41979836,0,0,57673568,48779146,0,0,57673568,48779146,0,0,0,https://www.sst.dk/en/english/corona-eng/status-of-the-epidemic/covid-19-updates-statistics-and-charts,0.30334663530572514
Denmark,2022-02-07,106452714,106452714,0,42419422,41979836,0,0,57673568,48779146,0,0,57673568,48779146,0,0,0,https://www.sst.dk/en/english/corona-eng/status-of-the-epidemic/covid-19-updates-statistics-and-charts,0.30334663530572514
Denmark,2022-02-08,106452714,106452714,0,42419422,41979836,0,0,57673568,48779146,0,0,57673568,48779146,0,0,0,https://www.sst.dk/en/english/corona-eng/status-of-the-epidemic/covid-19-updates-statistics-and-charts,0.30334663530572514
Denmark,2022-02-09,106452714,106452714,0,42419422,41979836,0,0,57673568,48779146,0,0,57673568,48779146,0,0,0,https://www.sst.dk/en/english/corona-eng/status-of-the-epidemic/covid-19-updates-statistics-and-charts,0.30334663530572514
Denmark,2022-02-10,106452714,106452714,0,42419422,41979836,0,0,57673568,48779146,0,0,57673568,48779146,0,0,0,https://www.sst.dk/en/english/corona-eng/status-of-the-epidemic/covid-19-updates-statistics-and-charts,0.30334663530572514
Denmark,2022-02-11,106452714,106452714,0,42419422,41979836,0,0,57673568,48779146,0,0,57673568,48779146,0,0,0,https://www.sst.dk/en/english/corona-eng/status-of-the-epidemic/covid-19-updates-statistics-and-charts,0.30334663530572514
Denmark,2022-02-12,106452714,106452714,0,42419422,41979836,0,0,57673568,48779146,0,0,57673568,48779146,0,0,0,https://www.sst.dk/en/english/corona-eng/status-of-the-epidemic/covid-19-updates-statistics-and-charts,0.30334663530572514
Denmark,2022-02-13,106452714,106452714,0,42419422,41979836,0,0,57673568,48779146,0,0,57673568,48779146,0,0,0,https://www.sst.dk/en/english/corona-eng/status-of-the-epidemic/covid-19-updates-statistics-and-charts,0.30334663530572514
Denmark,2022-02-14,106452714,106452714,0,42419422,41979836,0,0,57673568,48779146,0,0,57673568,48779146,0,0,0,https://www.sst.dk/en/english/corona-eng/status-of-the-epidemic/covid-19-updates-statistics-and-charts,0.30334663530572514
Denmark,2022-02-15,106452714,106452714,0,42419422,41979836,0,0,57673568,48779146,0,0,57673568,48779146,0,0,0,https://www.sst.dk/en/english/corona-eng/status-of-the-epidemic/covid-19-updates-statistics-and-charts,0.30334663530572514
Denmark,2022-02-16,106452714,106452714,0,42419422,41979836,0,0,57673568,48779146,0,0,57673568,48779146,0,0,0,https://www.sst.dk/en/english/corona-eng/status-of-the-epidemic/covid-19-updates-statistics-and-charts,0.30334663530572514
Denmark,2022-02-17,106452714,106452714,0,42419422,41979836,0,0,57673568,48779146,0,0,57673568,48779146,0,0,0,https://www.sst.dk/en/english/corona-eng/status-of-the-epidemic/covid-19-updates-statistics-and-charts,0.30334663530572514
Denmark,2022-02-18,106452714,106452714,0,42419422,41979836,0,0,57673568,48779146,0,0,57673568,48779146,0,0,0,https://www.sst.dk/en/english/corona-eng/status-of-the-epidemic/covid-19-updates-statistics-and-charts,0.30334663530572514
Denmark,2022-02-19,106452714,106452714,0,42419422,41979836,0,0,57673568,48779146,0,0,57673568,48779146,0,0,0,https://www.sst.dk/en/english/corona-eng/status-of-the-epidemic/covid-19-updates-statistics-and-charts,0.30334663530572514
Denmark,2022-02-20,106452714,106452714,0,42419422,41979836,0,0,57673568,48779146,0,0,57673568,48779146,0,0,0,https://www.sst.dk/en/english/corona-eng/status-of-the-epidemic/covid-19-updates-statistics-and-charts,0.30334663530572514
Denmark,2022-02-21,106452714,106452714,0,42419422,41979836,0,0,57673568,48779146,0,0,57673568,48779146,0,0,0,https://www.sst.dk/en/english/corona-eng/status-of-the-epidemic/covid-19-updates-statistics-and-charts,0.30334663530572514
Denmark,2022-02-22,106452714,106452714,0,42419422,41979836,0,0,57673568,48779146,0,0,57673568,48779146,0,0,0,https://www.sst.dk/en/english/corona-eng/status-of-the-epidemic/covid-19-updates-statistics-and-charts,0.30334663530572514
Denmark,2022-02-23,106452714,106452714,0,42419422,41979836,0,0,57673568,48779146,0,0,57673568,48779146,0,0,0,https://www.sst.dk/en/english/corona-eng/status-of-the-epidemic/covid-19-updates-statistics-and-charts,0.30334663530572514
Denmark,2022-02-24,106452714,106452714,0,42419422,41979836,0,0,57673568,48779146,0,0,57673568,48779146,0,0,0,https://www.sst.dk/en/english/corona-eng/status-of-the-epidemic/covid-19-updates-statistics-and-charts,0.30334663530572514
Denmark,2022-02-25,106452714,106452714,0,42419422,41979836,0,0,57673568,48779146,0,0,57673568,48779146,0,0,0,https://www.sst.dk/en/english/corona-eng/status-of-the-epidemic/covid-19-updates-statistics-and-charts,0.30334663530572514
Denmark,2022-02-26,106452714,106452714,0,42419422,41979836,0,0,57673568,48779146,0,0,57673568,48779146,0,0,0,https://www.sst.dk/en/english/corona-eng/status-of-the-epidemic/covid-19-updates-statistics-and-charts,0.30334663530572514
Denmark,2022-02-27,106452714,106452714,0,42419422,41979836,0,0,57673568,48779146,0,0,57673568,48779146,0,0,0,https://www.sst.dk/en/english/corona-eng/status-of-the-epidemic/covid-19-updates-statistics-and-charts,0.30334663530572514
Denmark,2022-02-28,106452714,106452714,0,42419422,41979836,0,0,57673568,48779146,0,0,57673568,48779146,0,0,0,https://www.sst.dk/en/english/corona-eng/status-of-the-epidemic/covid-19-updates-statistics-and-charts,0.30334663530572514
Denmark,2022-03-01,106452714,106452714,0,42419422,41979836,0,0,57673568,48779146,0,0,57673568,48779146,0,0,0,https://www.sst.dk/en/english/corona-eng/status-of-the-epidemic/covid-19-updates-statistics-and-charts,0.30334663530572514
Denmark,2022-03-02,106452714,106452714,0,42419422,41979836,0,0,57673568,48779146,0,0,57673568,48779146,0,0,0,https://www.sst.dk/en/english/corona-eng/status-of-the-epidemic/covid-19-updates-statistics-and-charts,0.30334663530572514
Denmark,2022-03-03,106452714,106452714,0,42419422,41979836,0,0,57673568,48779146,0,0,57673568,48779146,0,0,0,https://www.sst.dk/en/english/corona-eng/status-of-the-epidemic/covid-19-updates-statistics-and-charts,0.30334663530572514
Denmark,2022-03-04,106452714,106452714,0,42419422,41979836,0,0,57673568,48779146,0,0,57673568,48779146,0,0,0,https://www.sst.dk/en/english/corona-eng/status-of-the-epidemic/covid-19-updates-statistics-and-charts,0.30334663530572514
Denmark,2022-03-05,106452714,106452714,0,42419422,41979836,0,0,57673568,48779146,0,0,57673568,48779146,0,0,0,https://www.sst.dk/en/english/corona-eng/status-of-the-epidemic/covid-19-updates-statistics-and-charts,0.30334663530572514
Denmark,2022-03-06,106452714,106452714,0,42419422,41979836,0,0,57673568,48779146,0,0,57673568,48779146,0,0,0,https://www.sst.dk/en/english/corona-eng/status-of-the-epidemic/covid-19-updates-statistics-and-charts,0.30334663530572514
Denmark,2022-03-07,106452714,106452714,0,42419422,41979836,0,0,57673568,48779146,0,0,57673568,48779146,0,0,0,https://www.sst.dk/en/english/corona-eng/status-of-the-epidemic/covid-19-updates-statistics-and-charts,0.30334663530572514
Denmark,2022-03-08,106452714,106452714,0,42419422,41979836,0,0,57673568,48779146,0,0,57673568,48779146,0,0,0,https://www.sst.dk/en/english/corona-eng/status-of-the-epidemic/covid-19-updates-statistics-and-charts,0.30334663530572514
Denmark,2022-03-09,106452714,106452714,0,42419422,41979836,0,0,57673568,48779146,0,0,57673568,48779146,0,0,0,https://www.sst.dk/en/english/corona-eng/status-of-the-epidemic/covid-19-updates-statistics-and-charts,0.30334663530572514
Denmark,2022-03-10,106452714,106452714,0,42419422,41979836,0,0,57673568,48779146,0,0,57673568,48779146,0,0,0,https://www.sst.dk/en/english/corona-eng/status-of-the-epidemic/covid-19-updates-statistics-and-charts,0.30334663530572514
Denmark,2022-03-11,106452714,106452714,0,42419422,41979836,0,0,57673568,48779146,0,0,57673568,48779146,0,0,0,https://www.sst.dk/en/english/corona-eng/status-of-the-epidemic/covid-19-updates-statistics-and-charts,0.30334663530572514
Denmark,2022-03-12,106452714,106452714,0,42419422,41979836,0,0,57673568,48779146,0,0,57673568,48779146,0,0,0,https://www.sst.dk/en/english/corona-eng/status-of-the-epidemic/covid-19-updates-statistics-and-charts,0.30334663530572514
Denmark,2022-03-13,106452714,106452714,0,42419422,41979836,0,0,57673568,48779146,0,0,57673568,48779146,0,0,0,https://www.sst.dk/en/english/corona-eng/status-of-the-epidemic/covid-19-updates-statistics-and-charts,0.30334663530572514
Denmark,2022-03-14,106452714,106452714,0,42419422,41979836,0,0,57673568,48779146,0,0,57673568,48779146,0,0,0,https://www.sst.dk/en/english/corona-eng/status-of-the-epidemic/covid-19-updates-statistics-and-charts,0.30334663530572514
Denmark,2022-03-15,106452714,106452714,0,42419422,41979836,0,0,57673568,48779146,0,0,57673568,48779146,0,0,0,https://www.sst.dk/en/english/corona-eng/status-of-the-epidemic/covid-19-updates-statistics-and-charts,0.30334663530572514
Denmark,2022-03-16,106452714,106452714,0,42419422,41979836,0,0,57673568,48779146,0,0,57673568,48779146,0,0,0,https://www.sst.dk/en/english/corona-eng/status-of-the-epidemic/covid-19-updates-statistics-and-charts,0.30334663530572514
Denmark,2022-03-17,106452714,106452714,0,42419422,41979836,0,0,57673568,48779146,0,0,57673568,48779146,0,0,0,https://www.sst.dk/en/english/corona-eng/status-of-the-epidemic/covid-19-updates-statistics-and-charts,0.30334663530572514
Denmark,2022-03-18,126399266,126399266,19946552,65047470,61351796,22628048,19371960,68420031,57979235,10746463,9200089,68420031,57979235,2849507,1535209,1314298,https://www.sst.dk/en/english/corona-eng/status-of-the-epidemic/covid-19-updates-statistics-and-charts,0.4612370550024657
Indonesia,2021-05-28,16483519,16483519,110682,14496867,1986652,53372,57310,14496867,1986652,53372,57310,14496867,1986652,NA,NA,NA,https://covid19.go.id/peta-sebaran,0.5177897038362155
Indonesia,2021-05-29,16589465,16589465,105946,14550421,2039044,53554,52392,14550421,2039044,53554,52392,14550421,2039044,NA,NA,NA,https://covid19.go.id/peta-sebaran,0.49451607422649274
Indonesia,2021-05-30,16660482,16660482,71017,14590381,2070101,39960,31057,14590381,2070101,39960,31057,14590381,2070101,NA,NA,NA,https://covid19.go.id/peta-sebaran,0.437317825309433
Indonesia,2021-05-31,16728343,16728343,67861,14623238,2105105,32857,35004,14623238,2105105,32857,35004,14623238,2105105,NA,NA,NA,https://covid19.go.id/peta-sebaran,0.5158191008090066
Indonesia,2021-06-01,16804288,16804288,75945,14662830,2141458,39592,36353,14662830,2141458,39592,36353,14662830,2141458,NA,NA,NA,https://covid19.go.id/peta-sebaran,0.4786753571663704
Indonesia,2021-06-02,16869118,16869118,64830,14692548,2176570,29718,35112,14692548,2176570,29718,35112,14692548,2176570,NA,NA,NA,https://covid19.go.id/peta-sebaran,0.5416011105969458
Indonesia,2021-06-03,16964318,16964318,95200,14752636,2211682,60088,35112,14752636,2211682,60088,35112,14752636,2211682,84497,44163,40334,https://covid19.go.id/peta-sebaran,0.3688235294117647
Indonesia,2021-06-04,16964318,16964318,0,14752636,2211682,0,0,14752636,2211682,0,0,14752636,2211682,68686,36538,32147,https://covid19.go.id/peta-sebaran,0.3688235294117647
Indonesia,2021-06-05,17171338,17171338,207020,14867470,2303868,114834,92186,14867470,2303868,114834,92186,14867470,2303868,83125,45293,37832,https://covid19.go.id/peta-sebaran,0.445299971017293
Indonesia,2021-06-06,17235561,17235561,64223,14905006,2330555,37536,26687,14905006,2330555,37536,26687,14905006,2330555,82154,44946,37208,https://covid19.go.id/peta-sebaran,0.41553649004250814
Indonesia,2021-06-07,17299617,17299617,64056,14938098,2361519,33092,30964,14938098,2361519,33092,30964,14938098,2361519,81611,44980,36631,https://covid19.go.id/peta-sebaran,0.4833895341576121
Indonesia,2021-06-08,17401548,17401548,101931,14993704,2407844,55606,46325,14993704,2407844,55606,46325,14993704,2407844,85323,47268,38055,https://covid19.go.id/peta-sebaran,0.4544741050318353
Indonesia,2021-06-09,17509373,17509373,107825,15055117,2454256,61413,46412,15055117,2454256,61413,46412,15055117,2454256,91465,51796,39669,https://covid19.go.id/peta-sebaran,0.4304382100626014
Indonesia,2021-06-10,17619996,17619996,110623,15119217,2500779,64100,46523,15119217,2500779,64100,46523,15119217,2500779,93668,52369,41300,https://covid19.go.id/peta-sebaran,0.4205544959004909
Indonesia,2021-06-11,17735758,17735758,115762,15181737,2554021,62520,53242,15181737,2554021,62520,53242,15181737,2554021,110206,61300,48906,https://covid19.go.id/peta-sebaran,0.459926400718716
Indonesia,2021-06-12,17833717,17833717,97959,15237192,2596525,55455,42504,15237192,2596525,55455,42504,15237192,2596525,94626,52817,41808,https://covid19.go.id/peta-sebaran,0.4338958135546504
Indonesia,2021-06-13,17904185,17904185,70468,15282617,2621568,45425,25043,15282617,2621568,45425,25043,15282617,2621568,95518,53944,41573,https://covid19.go.id/peta-sebaran,0.35538116591928254
Indonesia,2021-06-14,17973499,17973499,69314,15319220,2654279,36603,32711,15319220,2654279,36603,32711,15319220,2654279,96269,54446,41823,https://covid19.go.id/peta-sebaran,0.4719248636639063
Indonesia,2021-06-15,16704989,17973499,0,14565682,2139307,-753538,-514972,15319220,2654279,0,0,15319220,2654279,81707,46502,35205,https://covid19.go.id/peta-sebaran,0.40596605466255686
Indonesia,2021-06-16,18174981,18174981,201482,15452879,2722102,887197,582795,15440822,2734159,121602,79880,15440822,2734159,95087,55101,39986,https://covid19.go.id/peta-sebaran,0.3964613412862111
Indonesia,2021-06-17,18305810,18305810,130829,15528844,2776966,75965,54864,15516787,2789023,75965,54864,15516787,2789023,97973,56796,41178,https://covid19.go.id/peta-sebaran,0.4193565646760275
Indonesia,2021-06-18,18438025,18438025,132215,15606477,2831548,77633,54582,15594420,2843605,77633,54582,15594420,2843605,100324,58955,41369,https://covid19.go.id/peta-sebaran,0.4128275914230609
Indonesia,2021-06-19,18560435,18560435,122410,15679613,2880822,73136,49274,15667556,2892879,73136,49274,15667556,2892879,103817,61481,42336,https://covid19.go.id/peta-sebaran,0.4025324728371865
Indonesia,2021-06-20,18649618,18649618,89183,15735333,2914285,55720,33463,15723276,2926342,55720,33463,15723276,2926342,106490,62951,43539,https://covid19.go.id/peta-sebaran,0.37521724992431293
Indonesia,2021-06-21,18734036,18734036,84418,15783090,2950946,47757,36661,15771033,2963003,47757,36661,15771033,2963003,108648,64545,44103,https://covid19.go.id/peta-sebaran,0.43427941908123857
Indonesia,2021-06-22,18864666,18864666,130630,15859150,3005516,76060,54570,15847093,3017573,76060,54570,15847093,3017573,127310,75410,51899,https://covid19.go.id/peta-sebaran,0.41774477531960497
Indonesia,2021-06-23,19005853,19005853,141187,15947439,3058414,88289,52898,15935382,3070471,88289,52898,15935382,3070471,118696,70651,48045,https://covid19.go.id/peta-sebaran,0.374666222810882
Indonesia,2021-06-24,19142749,19142749,136896,16030869,3111880,83430,53466,16018812,3123937,83430,53466,16018812,3123937,119563,71718,47845,https://covid19.go.id/peta-sebaran,0.3905592566619916
Indonesia,2021-06-25,19283664,19283664,140915,16118700,3164964,87831,53084,16106643,3177021,87831,53084,16106643,3177021,120806,73175,47631,https://covid19.go.id/peta-sebaran,0.3767093638008729
Indonesia,2021-06-26,19419298,19419298,135634,16203773,3215525,85073,50561,16191716,3227582,85073,50561,16191716,3227582,122695,74880,47815,https://covid19.go.id/peta-sebaran,0.37277526283970097
Indonesia,2021-06-27,19518202,19518202,98904,16267011,3251191,63238,35666,16254954,3263248,63238,35666,16254954,3263248,124083,75954,48129,https://covid19.go.id/peta-sebaran,0.36061231092776835
Indonesia,2021-06-28,19616389,19616389,98187,16326119,3290270,59108,39079,16314062,3302327,59108,39079,16314062,3302327,126050,77576,48475,https://covid19.go.id/peta-sebaran,0.39800584598775807
Indonesia,2021-06-29,19760346,19760346,143957,16412932,3347414,86813,57144,16400875,3359471,86813,57144,16400875,3359471,127954,79112,48843,https://covid19.go.id/peta-sebaran,0.39695186757156653
Indonesia,2021-06-30,19903077,19903077,142731,16497987,3405090,85055,57676,16485930,3417147,85055,57676,16485930,3417147,128175,78650,49525,https://covid19.go.id/peta-sebaran,0.4040888104196005
Indonesia,2021-07-01,20058268,20058268,155191,16596629,3461639,98642,56549,16584572,3473696,98642,56549,16584572,3473696,130788,80823,49966,https://covid19.go.id/peta-sebaran,0.36438324387367826
Indonesia,2021-07-02,20211876,20211876,153608,16690268,3521608,93639,59969,16678211,3533665,93639,59969,16678211,3533665,132602,81653,50949,https://covid19.go.id/peta-sebaran,0.39040284360189575
Indonesia,2021-07-03,20369103,20369103,157227,16794048,3575055,103780,53447,16781991,3587112,103780,53447,16781991,3587112,135686,84325,51361,https://covid19.go.id/peta-sebaran,0.3399352528509734
Indonesia,2021-07-04,20489937,20489937,120834,16875347,3614590,81299,39535,16863290,3626647,81299,39535,16863290,3626647,138819,86905,51914,https://covid19.go.id/peta-sebaran,0.32718440174123176
Indonesia,2021-07-05,20600052,20600052,110115,16947492,3652560,72145,37970,16935435,3664617,72145,37970,16935435,3664617,140523,88768,51756,https://covid19.go.id/peta-sebaran,0.34482132316214864
Indonesia,2021-07-06,20783105,20783105,183053,17066516,3716589,119024,64029,17054459,3728646,119024,64029,17054459,3728646,146108,93369,52739,https://covid19.go.id/peta-sebaran,0.34978394235549265
Indonesia,2021-07-07,20982248,20982248,199143,17200095,3782153,133579,65564,17188038,3794210,133579,65564,17188038,3794210,154167,100301,53866,https://covid19.go.id/peta-sebaran,0.3292307537799471
Indonesia,2021-07-08,21182629,21182629,200381,17334669,3847960,134574,65807,17322612,3860017,134574,65807,17322612,3860017,160623,105434,55189,https://covid19.go.id/peta-sebaran,0.32840938013085075
Indonesia,2021-07-09,21402544,21402544,219915,17487494,3915050,152825,67090,17475437,3927107,152825,67090,17475437,3927107,170095,113889,56206,https://covid19.go.id/peta-sebaran,0.30507241434190485
Indonesia,2021-07-10,21597103,21597103,194559,17610356,3986747,122862,71697,17598299,3998804,122862,71697,17598299,3998804,175429,116615,58813,https://covid19.go.id/peta-sebaran,0.36851032334664546
Indonesia,2021-07-11,21756322,21756322,159219,17711786,4044536,101430,57789,17699729,4056593,101430,57789,17699729,4056593,180912,119491,61421,https://covid19.go.id/peta-sebaran,0.3629529139110282
Indonesia,2021-07-12,21906066,21906066,149744,17810718,4095348,98932,50812,17798661,4107405,98932,50812,17798661,4107405,186573,123318,63255,https://covid19.go.id/peta-sebaran,0.3393257826690886
Indonesia,2021-07-13,22133149,22133149,227083,17962084,4171065,151366,75717,17950027,4183122,151366,75717,17950027,4183122,192863,127938,64925,https://covid19.go.id/peta-sebaran,0.3334331499936147
Indonesia,2021-07-14,22373873,22373873,240724,18129868,4244005,167784,72940,18117811,4256062,167784,72940,18117811,4256062,198804,132825,65979,https://covid19.go.id/peta-sebaran,0.30300260879679636
Indonesia,2021-07-15,22622932,22622932,249059,18300359,4322573,170491,78568,18288302,4334630,170491,78568,18288302,4334630,205758,137956,67802,https://covid19.go.id/peta-sebaran,0.3154593891407257
Indonesia,2021-07-16,22881464,22881464,258532,18466229,4415235,165870,92662,18454172,4427292,165870,92662,18454172,4427292,211274,139819,71455,https://covid19.go.id/peta-sebaran,0.3584159794532205
Indonesia,2021-07-17,23132856,23132856,251392,18618081,4514775,151852,99540,18606024,4526832,151852,99540,18606024,4526832,219393,143961,75433,https://covid19.go.id/peta-sebaran,0.39595532077393075
Indonesia,2021-07-18,23325774,23325774,192918,18744047,4581727,125966,66952,18731990,4593784,125966,66952,18731990,4593784,224207,147466,76742,https://covid19.go.id/peta-sebaran,0.3470490052768534
Indonesia,2021-07-19,23486979,23486979,161205,18836867,4650112,92820,68385,18824810,4662169,92820,68385,18824810,4662169,225845,146593,79252,https://covid19.go.id/peta-sebaran,0.4242114078347446
Indonesia,2021-07-20,23666254,23666254,179275,18959730,4706524,122863,56412,18947673,4718581,122863,56412,18947673,4718581,219015,142521,76494,https://covid19.go.id/peta-sebaran,0.31466741040301216
Indonesia,2021-07-21,23819584,23819584,153330,19052340,4767244,92610,60720,19040283,4779301,92610,60720,19040283,4779301,206530,131782,74748,https://covid19.go.id/peta-sebaran,0.3960086088828018
Indonesia,2021-07-22,24114054,24114054,294470,19212660,4901394,160320,134150,19200603,4913451,160320,134150,19200603,4913451,213017,130329,82689,https://covid19.go.id/peta-sebaran,0.455564234047611
Indonesia,2021-07-23,24388300,24388300,274246,19372685,5015615,160025,114221,19360628,5027672,160025,114221,19360628,5027672,215262,129494,85769,https://covid19.go.id/peta-sebaran,0.416491033597573
Indonesia,2021-07-24,24640996,24640996,252696,19517126,5123870,144441,108255,19505069,5135927,144441,108255,19505069,5135927,215449,128435,87014,https://covid19.go.id/peta-sebaran,0.42840013296609364
Indonesia,2021-07-25,24814468,24814468,173472,19626739,5187729,109613,63859,19614682,5199786,109613,63859,19614682,5199786,212671,126099,86572,https://covid19.go.id/peta-sebaran,0.3681228094447519
Indonesia,2021-07-26,24975057,24975057,160589,19705766,5269291,79027,81562,19693709,5281348,79027,81562,19693709,5281348,212583,124128,88454,https://covid19.go.id/peta-sebaran,0.5078928195580021
Indonesia,2021-07-27,25245491,25245491,270434,19847285,5398206,141519,128915,19835228,5410263,141519,128915,19835228,5410263,225605,126794,98812,https://covid19.go.id/peta-sebaran,0.4766967171287634
Indonesia,2021-07-28,25523300,25523300,277809,19998984,5524316,151699,126110,19986927,5536373,151699,126110,19986927,5536373,243388,135235,108153,https://covid19.go.id/peta-sebaran,0.4539449765846319
Indonesia,2021-07-29,25786254,25786254,262954,20138274,5647980,139290,123664,20126217,5660037,139290,123664,20126217,5660037,238886,132231,106655,https://covid19.go.id/peta-sebaran,0.4702875788160667
Indonesia,2021-07-30,26038438,26038438,252184,20270905,5767533,132631,119553,20258848,5779590,132631,119553,20258848,5779590,235734,128317,107417,https://covid19.go.id/peta-sebaran,0.4740705199378232
Indonesia,2021-07-31,26280203,26280203,241765,20399603,5880600,128698,113067,20387546,5892657,128698,113067,20387546,5892657,234172,126068,108104,https://covid19.go.id/peta-sebaran,0.4676731536822948
Indonesia,2021-08-01,26458578,26458578,178375,20497668,5960910,98065,80310,20485611,5972967,98065,80310,20485611,5972967,234873,124418,110454,https://covid19.go.id/peta-sebaran,0.4502312543798178
Indonesia,2021-08-02,26609794,26609794,151216,20568323,6041471,70655,80561,20556266,6053528,70655,80561,20556266,6053528,233534,123222,110311,https://covid19.go.id/peta-sebaran,0.5327544704264099
Indonesia,2021-08-03,26858020,26858020,248226,20693960,6164060,125637,122589,20681903,6176117,125637,122589,20681903,6176117,230361,120954,109408,https://covid19.go.id/peta-sebaran,0.49386043363708876
Indonesia,2021-08-04,27100348,27100348,242328,20822509,6277839,128549,113779,20810452,6289896,128549,113779,20810452,6289896,225293,117646,107646,https://covid19.go.id/peta-sebaran,0.4695247763362055
Indonesia,2021-08-05,27348904,27348904,248556,20951340,6397564,128831,119725,20939283,6409621,128831,119725,20939283,6409621,223236,116152,107083,https://covid19.go.id/peta-sebaran,0.48168219636621123
Indonesia,2021-08-06,27586460,27586460,237556,21074562,6511898,123222,114334,21062505,6523955,123222,114334,21062505,6523955,221146,114808,106338,https://covid19.go.id/peta-sebaran,0.48129283200592704
Indonesia,2021-08-07,27822427,27822427,235967,21194105,6628322,119543,116424,21182048,6640379,119543,116424,21182048,6640379,220318,113500,106817,https://covid19.go.id/peta-sebaran,0.4933910250162099
Indonesia,2021-08-08,27989191,27989191,166764,21284138,6705053,90033,76731,21272081,6717110,90033,76731,21272081,6717110,218659,112353,106306,https://covid19.go.id/peta-sebaran,0.46011729150176295
Indonesia,2021-08-09,28134393,28134393,145202,21349294,6785099,65156,80046,21337237,6797156,65156,80046,21337237,6797156,217800,111567,106233,https://covid19.go.id/peta-sebaran,0.551273398438038
Indonesia,2021-08-10,28134393,28134393,0,21349294,6785099,0,0,21337237,6797156,0,0,21337237,6797156,182339,93619,88720,https://covid19.go.id/peta-sebaran,0.551273398438038
Indonesia,2021-08-11,28586360,28586360,451967,21588910,6997450,239616,212351,21576853,7009507,239616,212351,21576853,7009507,212287,109486,102802,https://covid19.go.id/peta-sebaran,0.46983739963315907
Indonesia,2021-08-12,28740077,28740077,153717,21663300,7076777,74390,79327,21651243,7088834,74390,79327,21651243,7088834,198739,101709,97030,https://covid19.go.id/peta-sebaran,0.5160587313049305
Indonesia,2021-08-13,28966108,28966108,226031,21778501,7187607,115201,110830,21766444,7199664,115201,110830,21766444,7199664,197093,100563,96530,https://covid19.go.id/peta-sebaran,0.4903309723002597
Indonesia,2021-08-14,29188690,29188690,222582,21891198,7297492,112697,109885,21879141,7309549,112697,109885,21879141,7309549,195180,99585,95596,https://covid19.go.id/peta-sebaran,0.4936832268557206
Indonesia,2021-08-15,29347868,29347868,159178,21976134,7371734,84936,74242,21964077,7383791,84936,74242,21964077,7383791,194097,98857,95240,https://covid19.go.id/peta-sebaran,0.46640867456558066
Indonesia,2021-08-16,29476878,29476878,129010,22031409,7445469,55275,73735,22019352,7457526,55275,73735,22019352,7457526,191784,97445,94339,https://covid19.go.id/peta-sebaran,0.5715448414851562
Indonesia,2021-08-17,29659094,29659094,182216,22129280,7529814,97871,84345,22117223,7541871,97871,84345,22117223,7541871,217814,111427,106388,https://covid19.go.id/peta-sebaran,0.4628847082583308
Indonesia,2021-08-18,29796276,29796276,137182,22192363,7603913,63083,74099,22180306,7615970,63083,74099,22180306,7615970,172845,86208,86638,https://covid19.go.id/peta-sebaran,0.5401510402239361
Indonesia,2021-08-19,30010686,30010686,214410,22295526,7715160,103163,111247,22283469,7727217,103163,111247,22283469,7727217,181516,90318,91198,https://covid19.go.id/peta-sebaran,0.5188517326617229
Indonesia,2021-08-20,30010686,30010686,0,22295526,7715160,0,0,22283469,7727217,0,0,22283469,7727217,149225,73861,75365,https://covid19.go.id/peta-sebaran,0.5188517326617229
Indonesia,2021-08-21,30010686,30010686,0,22492196,7921224,196670,206064,22283469,7727217,0,0,22283469,7727217,117428,57761,59667,https://covid19.go.id/peta-sebaran,0.5116627848654447
Indonesia,2021-08-22,30561830,30561830,551144,22568938,7992892,76742,71668,22568463,7993367,284994,266150,22568463,7993367,173423,86341,87082,https://covid19.go.id/peta-sebaran,0.4829054645913348
Indonesia,2021-08-23,30684567,30684567,122737,22618857,8065710,49919,72818,22618382,8066185,49919,72818,22618382,8066185,172527,85576,86951,https://covid19.go.id/peta-sebaran,0.5932848285358123
Indonesia,2021-08-24,30870419,30870419,185852,22713301,8157118,94444,91408,22712826,8157593,94444,91408,22712826,8157593,173046,85086,87960,https://covid19.go.id/peta-sebaran,0.4918322105761574
Indonesia,2021-08-25,31119684,31119684,249265,22810376,8309308,97075,152190,22809901,8309783,97075,152190,22809901,8309783,189058,89942,99116,https://covid19.go.id/peta-sebaran,0.6105550317934728
Indonesia,2021-08-26,31325458,31325458,205774,22900603,8424855,90227,115547,22900128,8425330,90227,115547,22900128,8425330,187825,88094,99730,https://covid19.go.id/peta-sebaran,0.5615238076724951
Indonesia,2021-08-27,31509573,31509573,184115,22988922,8520651,88319,95796,22988447,8521126,88319,95796,22988447,8521126,214127,100711,113416,https://covid19.go.id/peta-sebaran,0.5203052440051055
Indonesia,2021-08-28,31691247,31691247,181674,23074075,8617172,85153,96521,23073600,8617647,85153,96521,23073600,8617647,240080,112876,127204,https://covid19.go.id/peta-sebaran,0.5312868104406795
Indonesia,2021-08-29,31845407,31845407,154160,23144992,8700415,70917,83243,23144517,8700890,70917,83243,23144517,8700890,183368,82293,101075,https://covid19.go.id/peta-sebaran,0.5399779449922159
Indonesia,2021-08-30,31970830,31970830,125423,23190932,8779898,45940,79483,23190457,8780373,45940,79483,23190457,8780373,183752,81725,102027,https://covid19.go.id/peta-sebaran,0.6337194932348931
Indonesia,2021-08-31,32195072,32195072,224242,23286944,8908128,96012,128230,23286469,8908603,96012,128230,23286469,8908603,189236,81949,107287,https://covid19.go.id/peta-sebaran,0.5718375683413455
Indonesia,2021-09-01,32415133,32415133,220061,23376319,9038814,89375,130686,23375844,9039289,89375,130686,23375844,9039289,185064,80849,104215,https://covid19.go.id/peta-sebaran,0.5938626108215449
Indonesia,2021-09-02,32415133,32415133,0,23376319,9038814,0,0,23375844,9039289,0,0,23375844,9039289,155668,67959,87708,https://covid19.go.id/peta-sebaran,0.5938626108215449
Indonesia,2021-09-03,32833137,32833137,418004,23541905,9291232,165586,252418,23541430,9291707,165586,252418,23541430,9291707,189081,78998,110083,https://covid19.go.id/peta-sebaran,0.6038650347843562
Indonesia,2021-09-04,33043568,33043568,210431,23626973,9416595,85068,125363,23626498,9417070,85068,125363,23626498,9417070,193189,78985,114203,https://covid19.go.id/peta-sebaran,0.5957439730838137
Indonesia,2021-09-05,33215453,33215453,171885,23700088,9515365,73115,98770,23699613,9515840,73115,98770,23699613,9515840,195721,79299,116421,https://covid19.go.id/peta-sebaran,0.574628385257585
Indonesia,2021-09-06,33368395,33368395,152942,23744725,9623670,44637,108305,23744250,9624145,44637,108305,23744250,9624145,199652,79113,120539,https://covid19.go.id/peta-sebaran,0.7081442638385793
Indonesia,2021-09-07,33620034,33620034,251639,23834769,9785265,90044,161595,23834294,9785740,90044,161595,23834294,9785740,203566,78261,125305,https://covid19.go.id/peta-sebaran,0.6421699339132646
Indonesia,2021-09-08,33852336,33852336,232302,23919674,9932662,84905,147397,23919199,9933137,84905,147397,23919199,9933137,205315,77622,127693,https://covid19.go.id/peta-sebaran,0.6345059448476552
Indonesia,2021-09-09,34083614,34083614,231278,24001695,10081919,82021,149257,24001220,10082394,82021,149257,24001220,10082394,238354,89339,149015,https://covid19.go.id/peta-sebaran,0.6453575350876435
Indonesia,2021-09-10,34319295,34319295,235681,24086033,10233262,84338,151343,24085558,10233737,84338,151343,24085558,10233737,212308,77733,134576,https://covid19.go.id/peta-sebaran,0.6421518917519868
Indonesia,2021-09-11,34550865,34550865,231570,24173185,10377680,87152,144418,24172710,10378155,87152,144418,24172710,10378155,215328,78030,137298,https://covid19.go.id/peta-sebaran,0.6236472772811676
Indonesia,2021-09-12,34748917,34748917,198052,24251448,10497469,78263,119789,24250973,10497944,78263,119789,24250973,10497944,219066,78766,140301,https://covid19.go.id/peta-sebaran,0.6048361036495465
Indonesia,2021-09-13,34926151,34926151,177234,24297429,10628722,45981,131253,24296954,10629197,45981,131253,24296954,10629197,222537,78958,143579,https://covid19.go.id/peta-sebaran,0.7405633230644233
Indonesia,2021-09-14,35204831,35204831,278680,24382949,10821882,85520,193160,24382474,10822357,85520,193160,24382474,10822357,226400,78311,148088,https://covid19.go.id/peta-sebaran,0.6931247308741209
Indonesia,2021-09-15,35437272,35437272,232441,24469032,10968240,86083,146358,24468557,10968715,86083,146358,24468557,10968715,226419,78480,147940,https://covid19.go.id/peta-sebaran,0.6296565580082688
Indonesia,2021-09-16,35536402,35536402,99130,24551856,10984546,82824,16306,24551381,10985021,82824,16306,24551381,10985021,207541,78594,128947,https://covid19.go.id/peta-sebaran,0.1644910723292646
Indonesia,2021-09-17,35924694,35924694,388292,24631921,11292773,80065,308227,24631446,11293248,80065,308227,24631446,11293248,229343,77984,151359,https://covid19.go.id/peta-sebaran,0.7938020870890979
Indonesia,2021-09-18,36200788,36200788,276094,24715125,11485663,83204,192890,24714650,11486138,83204,192890,24714650,11486138,235703,77420,158283,https://covid19.go.id/peta-sebaran,0.6986388693705767
Indonesia,2021-09-19,36393201,36393201,192413,24789036,11604165,73911,118502,24788561,11604640,73911,118502,24788561,11604640,234898,76798,158099,https://covid19.go.id/peta-sebaran,0.6158731478642295
Indonesia,2021-09-20,36595996,36595996,202795,24834712,11761284,45676,157119,24834237,11761759,45676,157119,24834237,11761759,238549,76755,161795,https://covid19.go.id/peta-sebaran,0.7747676224758993
Indonesia,2021-09-21,36844653,36844653,248657,24916694,11927959,81982,166675,24916219,11928434,81982,166675,24916219,11928434,234260,76249,158011,https://covid19.go.id/peta-sebaran,0.6703008561995037
Indonesia,2021-09-22,37100816,37100816,256163,24999553,12101263,82859,173304,24999078,12101738,82859,173304,24999078,12101738,237649,75789,161860,https://covid19.go.id/peta-sebaran,0.6765379855794943
Indonesia,2021-09-23,37348941,37348941,248125,25075478,12273463,75925,172200,25075003,12273938,75925,172200,25075003,12273938,258934,74803,184131,https://covid19.go.id/peta-sebaran,0.6940050377833753
Indonesia,2021-09-24,37601537,37601537,252596,25153527,12448010,78049,174547,25153052,12448485,78049,174547,25153052,12448485,239549,74515,165034,https://covid19.go.id/peta-sebaran,0.6910125259307353
Indonesia,2021-09-25,37859340,37859340,257803,25234620,12624720,81093,176710,25234145,12625195,81093,176710,25234145,12625195,236936,74214,162722,https://covid19.go.id/peta-sebaran,0.6854458637021291
Indonesia,2021-09-26,38076424,38076424,217084,25310450,12765974,75830,141254,25309975,12766449,75830,141254,25309975,12766449,240460,74488,165973,https://covid19.go.id/peta-sebaran,0.6506882128576956
Indonesia,2021-09-27,38291015,38291015,214591,25356473,12934542,46023,168568,25355998,12935017,46023,168568,25355998,12935017,242146,74537,167608,https://covid19.go.id/peta-sebaran,0.7855315460573836
Indonesia,2021-09-28,38566783,38566783,275768,25435980,13130803,79507,196261,25435505,13131278,79507,196261,25435505,13131278,246019,74184,171835,https://covid19.go.id/peta-sebaran,0.7116888108845116
Indonesia,2021-09-29,38845350,38845350,278567,25520502,13324848,84522,194045,25520027,13325323,84522,194045,25520027,13325323,249219,74421,174798,https://covid19.go.id/peta-sebaran,0.6965828687532981
Indonesia,2021-09-30,39121485,39121485,276135,25601325,13520160,80823,195312,25600850,13520635,80823,195312,25600850,13520635,253221,75121,178100,https://covid19.go.id/peta-sebaran,0.7073062089195502
Indonesia,2021-10-01,39372853,39372853,251368,25681386,13691467,80061,171307,25680911,13691942,80061,171307,25680911,13691942,253045,75408,177637,https://covid19.go.id/peta-sebaran,0.6814988383565131
Indonesia,2021-10-02,39609506,39609506,236653,25765163,13844343,83777,152876,25764688,13844818,83777,152876,25764688,13844818,250024,75792,174232,https://covid19.go.id/peta-sebaran,0.6459922333543204
Indonesia,2021-10-03,39847564,39847564,238058,25848079,13999485,82916,155142,25847604,13999960,82916,155142,25847604,13999960,253020,76804,176216,https://covid19.go.id/peta-sebaran,0.6516983256181267
Indonesia,2021-10-04,40059078,40059078,211514,25902430,14156648,54351,157163,25901955,14157123,54351,157163,25901955,14157123,252580,77994,174587,https://covid19.go.id/peta-sebaran,0.7430382858817856
Indonesia,2021-10-05,40314564,40314564,255486,25988951,14325613,86521,168965,25988476,14326088,86521,168965,25988476,14326088,249683,78996,170687,https://covid19.go.id/peta-sebaran,0.6613473928121306
Indonesia,2021-10-06,40589003,40589003,274439,26079683,14509320,90732,183707,26079208,14509795,90732,183707,26079208,14509795,249093,79883,169210,https://covid19.go.id/peta-sebaran,0.6693910122103637
Indonesia,2021-10-07,40848558,40848558,259555,26163981,14684577,84298,175257,26163506,14685052,84298,175257,26163506,14685052,246725,80379,166345,https://covid19.go.id/peta-sebaran,0.6752210514149217
Indonesia,2021-10-08,41116704,41116704,268146,26250511,14866193,86530,181616,26250036,14866668,86530,181616,26250036,14866668,249122,81304,167818,https://covid19.go.id/peta-sebaran,0.677302663474376
Indonesia,2021-10-09,41383754,41383754,267050,26338371,15045383,87860,179190,26337896,15045858,87860,179190,26337896,15045858,253464,81887,171577,https://covid19.go.id/peta-sebaran,0.6709979404605879
Indonesia,2021-10-10,41603403,41603403,219649,26419453,15183950,81082,138567,26418978,15184425,81082,138567,26418978,15184425,250834,81625,169209,https://covid19.go.id/peta-sebaran,0.6308565028750416
Indonesia,2021-10-11,41828486,41828486,225083,26472413,15356073,52960,172123,26471938,15356548,52960,172123,26471938,15356548,252773,81426,171346,https://covid19.go.id/peta-sebaran,0.7647090184509714
Indonesia,2021-10-12,42104849,42104849,276363,26561777,15543072,89364,186999,26561302,15543547,89364,186999,26561302,15543547,255755,81832,173923,https://covid19.go.id/peta-sebaran,0.6766426764798471
Indonesia,2021-10-13,42366580,42366580,261731,26647726,15718854,85949,175782,26647251,15719329,85949,175782,26647251,15719329,253940,81149,172791,https://covid19.go.id/peta-sebaran,0.6716132212080342
Indonesia,2021-10-14,42625525,42625525,258945,26734602,15890923,86876,172069,26734127,15891398,86876,172069,26734127,15891398,253852,81517,172335,https://covid19.go.id/peta-sebaran,0.6645001834366371
Indonesia,2021-10-15,42892863,42892863,267338,26826441,16066422,91839,175499,26825966,16066897,91839,175499,26825966,16066897,253737,82276,171461,https://covid19.go.id/peta-sebaran,0.6564685903238597
Indonesia,2021-10-16,43163674,43163674,270811,26919279,16244395,92838,177973,26918804,16244870,92838,177973,26918804,16244870,254274,82987,171287,https://covid19.go.id/peta-sebaran,0.6571852694314485
Indonesia,2021-10-17,43387603,43387603,223929,27002693,16384910,83414,140515,27002218,16385385,83414,140515,27002218,16385385,254886,83320,171566,https://covid19.go.id/peta-sebaran,0.627498001598721
Indonesia,2021-10-18,43602816,43602816,215213,27056217,16546599,53524,161689,27055742,16547074,53524,161689,27055742,16547074,253476,83401,170075,https://covid19.go.id/peta-sebaran,0.7512975517278231
Indonesia,2021-10-19,43863159,43863159,260343,27137262,16725897,81045,179298,27136787,16726372,81045,179298,27136787,16726372,251187,82212,168975,https://covid19.go.id/peta-sebaran,0.6886991392125005
Indonesia,2021-10-20,44111272,44111272,248113,27238717,16872555,101455,146658,27238242,16873030,101455,146658,27238242,16873030,249242,84427,164814,https://covid19.go.id/peta-sebaran,0.5910935742988074
Indonesia,2021-10-21,44329671,44329671,218399,27314065,17015606,75348,143051,27313590,17016081,75348,143051,27313590,17016081,243449,82780,160669,https://covid19.go.id/peta-sebaran,0.6549984203224374
Indonesia,2021-10-22,44580411,44580411,250740,27410872,17169539,96807,153933,27410397,17170014,96807,153933,27410397,17170014,241078,83490,157588,https://covid19.go.id/peta-sebaran,0.6139148121560182
Indonesia,2021-10-23,44830998,44830998,250587,27515362,17315636,104490,146097,27514887,17316111,104490,146097,27514887,17316111,238189,85155,153034,https://covid19.go.id/peta-sebaran,0.5830190712207737
Indonesia,2021-10-24,45045743,45045743,214745,27620573,17425170,105211,109534,27620098,17425645,105211,109534,27620098,17425645,236877,88269,148609,https://covid19.go.id/peta-sebaran,0.5100654264360055
Indonesia,2021-10-25,45261565,45261565,215822,27691781,17569784,71208,144614,27691306,17570259,71208,144614,27691306,17570259,236964,90795,146169,https://covid19.go.id/peta-sebaran,0.6700614395196041
Indonesia,2021-10-26,45520629,45520629,259064,27794838,17725791,103057,156007,27794363,17726266,103057,156007,27794363,17726266,236781,93939,142842,https://covid19.go.id/peta-sebaran,0.6021948244449248
Indonesia,2021-10-27,45781080,45781080,260451,27903698,17877382,108860,151591,27903223,17877857,108860,151591,27903223,17877857,238544,94997,143547,https://covid19.go.id/peta-sebaran,0.5820327048081981
Indonesia,2021-10-28,46040621,46040621,259541,28012264,18028357,108566,150975,28011789,18028832,108566,150975,28011789,18028832,244421,99743,144679,https://covid19.go.id/peta-sebaran,0.5817000011558867
Indonesia,2021-10-29,46285013,46285013,244392,28117645,18167368,105381,139011,28117170,18167843,105381,139011,28117170,18167843,243515,100968,142547,https://covid19.go.id/peta-sebaran,0.5688033978198959
Indonesia,2021-10-30,46524399,46524399,239386,28228848,18295551,111203,128183,28228373,18296026,111203,128183,28228373,18296026,241914,101927,139988,https://covid19.go.id/peta-sebaran,0.5354657331673531
Indonesia,2021-10-31,46726472,46726472,202073,28332613,18393859,103765,98308,28332138,18394334,103765,98308,28332138,18394334,240104,101720,138384,https://covid19.go.id/peta-sebaran,0.48649745389042576
Indonesia,2021-11-01,46930288,46930288,203816,28404375,18525913,71762,132054,28403900,18526388,71762,132054,28403900,18526388,238389,101799,136590,https://covid19.go.id/peta-sebaran,0.6479079169446952
Indonesia,2021-11-02,47185852,47185852,255564,28510213,18675639,105838,149726,28509738,18676114,105838,149726,28509738,18676114,237889,102196,135693,https://covid19.go.id/peta-sebaran,0.5858649888090655
Indonesia,2021-11-03,47438975,47438975,253123,28613659,18825316,103446,149677,28613184,18825791,103446,149677,28613184,18825791,236842,101423,135419,https://covid19.go.id/peta-sebaran,0.5913212153775043
Indonesia,2021-11-04,47688215,47688215,249240,28694399,18993816,80740,168500,28693924,18994291,80740,168500,28693924,18994291,235371,97448,137923,https://covid19.go.id/peta-sebaran,0.6760552078318087
Indonesia,2021-11-05,47904816,47904816,216601,28765095,19139721,70696,145905,28764620,19140196,70696,145905,28764620,19140196,231400,92493,138908,https://covid19.go.id/peta-sebaran,0.6736118485140881
Indonesia,2021-11-06,48160848,48160848,256032,28829858,19330990,64763,191269,28829383,19331465,64763,191269,28829383,19331465,233778,85859,147920,https://covid19.go.id/peta-sebaran,0.747051149856268
Indonesia,2021-11-07,48380805,48380805,219957,28887696,19493109,57838,162119,28887221,19493584,57838,162119,28887221,19493584,236333,79298,157036,https://covid19.go.id/peta-sebaran,0.7370486049546048
Indonesia,2021-11-08,48569402,48569402,188597,28925490,19643912,37794,150803,28925015,19644387,37794,150803,28925015,19644387,234159,74445,159714,https://covid19.go.id/peta-sebaran,0.7996044475786995
Indonesia,2021-11-09,48817417,48817417,248015,28989220,19828197,63730,184285,28988745,19828672,63730,184285,28988745,19828672,233081,68430,164651,https://covid19.go.id/peta-sebaran,0.743039735499869
Indonesia,2021-11-10,49117017,49117017,299600,29053383,20063634,64163,235437,29052908,20064109,64163,235437,29052908,20064109,239720,62818,176903,https://covid19.go.id/peta-sebaran,0.7858377837116155
Indonesia,2021-11-11,49379045,49379045,262028,29115546,20263499,62163,199865,29115071,20263974,62163,199865,29115071,20263974,241547,60164,181383,https://covid19.go.id/peta-sebaran,0.7627619949013082
Indonesia,2021-11-12,49638862,49638862,259817,29170178,20468684,54632,205185,29169703,20469159,54632,205185,29169703,20469159,247721,57869,189852,https://covid19.go.id/peta-sebaran,0.7897289245892302
Indonesia,2021-11-13,49905837,49905837,266975,29229565,20676272,59387,207588,29229090,20676747,59387,207588,29229090,20676747,249284,57101,192183,https://covid19.go.id/peta-sebaran,0.7775559509317351
Indonesia,2021-11-14,50139036,50139036,233199,29282113,20856923,52548,180651,29281638,20857398,52548,180651,29281638,20857398,251176,56345,194831,https://covid19.go.id/peta-sebaran,0.7746645568806041
Indonesia,2021-11-15,50382458,50382458,243422,29317490,21064968,35377,208045,29317015,21065443,35377,208045,29317015,21065443,259008,56000,203008,https://covid19.go.id/peta-sebaran,0.8546680250757943
Indonesia,2021-11-16,50661473,50661473,279015,29378853,21282620,61363,217652,29378378,21283095,61363,217652,29378378,21283095,263437,55662,207775,https://covid19.go.id/peta-sebaran,0.7800727559450209
Indonesia,2021-11-17,50940689,50940689,279216,29443668,21497021,64815,214401,29443193,21497496,64815,214401,29443193,21497496,260525,55755,204770,https://covid19.go.id/peta-sebaran,0.767867887227093
Indonesia,2021-11-18,51210917,51210917,270228,29499578,21711339,55910,214318,29499103,21711814,55910,214318,29499103,21711814,261696,54862,206834,https://covid19.go.id/peta-sebaran,0.793100640940243
Indonesia,2021-11-19,51483621,51483621,272704,29553780,21929841,54202,218502,29553305,21930316,54202,218502,29553305,21930316,263537,54800,208737,https://covid19.go.id/peta-sebaran,0.8012423726824689
Indonesia,2021-11-20,51758593,51758593,274972,29607101,22151492,53321,221651,29606626,22151967,53321,221651,29606626,22151967,264679,53934,210746,https://covid19.go.id/peta-sebaran,0.8060857105450737
Indonesia,2021-11-21,51997773,51997773,239180,29654030,22343743,46929,192251,29653555,22344218,46929,192251,29653555,22344218,265534,53131,212403,https://covid19.go.id/peta-sebaran,0.8037921230872147
Indonesia,2021-11-22,52249638,52249638,251865,29692043,22557595,38013,213852,29691568,22558070,38013,213852,29691568,22558070,266740,53508,213232,https://covid19.go.id/peta-sebaran,0.8490739086415342
Indonesia,2021-11-23,52531079,52531079,281441,29749802,22781277,57759,223682,29749327,22781752,57759,223682,29749327,22781752,267087,52993,214094,https://covid19.go.id/peta-sebaran,0.7947740378978188
Indonesia,2021-11-24,52819945,52819945,288866,29808540,23011405,58738,230128,29808065,23011880,58738,230128,29808065,23011880,268465,52125,216341,https://covid19.go.id/peta-sebaran,0.7966600430649505
Indonesia,2021-11-25,53105367,53105367,285422,29863834,23241533,55294,230128,29863359,23242008,55294,230128,29863359,23242008,270636,52037,218599,https://covid19.go.id/peta-sebaran,0.806272817091885
Indonesia,2021-11-26,53393987,53393987,288620,29921314,23472673,57480,231140,29920839,23473148,57480,231140,29920839,23473148,272909,52505,220405,https://covid19.go.id/peta-sebaran,0.8008454022590257
Indonesia,2021-11-27,53681387,53681387,287400,29975173,23706214,53859,233541,29974698,23706689,53859,233541,29974698,23706689,274685,52582,222103,https://covid19.go.id/peta-sebaran,0.8125991649269311
Indonesia,2021-11-28,53926386,53926386,244999,30021399,23904987,46226,198773,30020924,23905462,46226,198773,30020924,23905462,275516,52481,223035,https://covid19.go.id/peta-sebaran,0.8113216788639953
Indonesia,2021-11-29,54160249,54160249,233863,30056489,24103760,35090,198773,30056014,24104235,35090,198773,30056014,24104235,272944,52064,220881,https://covid19.go.id/peta-sebaran,0.8499548881182573
Indonesia,2021-11-30,54454474,54454474,294225,30111920,24342554,55431,238794,30111445,24343029,55431,238794,30111445,24343029,274771,51731,223040,https://covid19.go.id/peta-sebaran,0.8116033647718582
Indonesia,2021-12-01,54746617,54746617,292143,30167518,24579099,55598,236545,30167043,24579574,55598,236545,30167043,24579574,275239,51283,223956,https://covid19.go.id/peta-sebaran,0.8096890906165816
Indonesia,2021-12-02,55038077,55038077,291460,30222991,24815086,55473,235987,30222516,24815561,55473,235987,30222516,24815561,276101,51308,224793,https://covid19.go.id/peta-sebaran,0.8096719961572771
Indonesia,2021-12-03,55321140,55321140,283063,30275395,25045745,52404,230659,30274920,25046220,52404,230659,30274920,25046220,275308,50583,224725,https://covid19.go.id/peta-sebaran,0.8148680682392259
Indonesia,2021-12-04,55613822,55613822,292682,30327281,25286541,51886,240796,30326806,25287016,51886,240796,30326806,25287016,276062,50301,225761,https://covid19.go.id/peta-sebaran,0.8227222719538612
Indonesia,2021-12-05,55863036,55863036,249214,30372990,25490046,45709,203505,30372515,25490521,45709,203505,30372515,25490521,276664,50227,226437,https://covid19.go.id/peta-sebaran,0.8165873506303819
Indonesia,2021-12-06,56152356,56152356,289320,30405269,25747087,32279,257041,30404794,25747562,32279,257041,30404794,25747562,284587,49826,234761,https://covid19.go.id/peta-sebaran,0.8884314945389189
Indonesia,2021-12-07,56528234,56528234,375878,30455710,26072524,50441,325437,30455235,26072999,50441,325437,30455235,26072999,296251,49113,247139,https://covid19.go.id/peta-sebaran,0.8658048622159318
Indonesia,2021-12-08,56906431,56906431,378197,30508170,26398261,52460,325737,30507695,26398736,52460,325737,30507695,26398736,308545,48665,259880,https://covid19.go.id/peta-sebaran,0.8612892222836247
Indonesia,2021-12-09,57266941,57266941,360510,30559346,26707595,51176,309334,30558871,26708070,51176,309334,30558871,26708070,318409,48051,270358,https://covid19.go.id/peta-sebaran,0.8580455465867799
Indonesia,2021-12-10,57596611,57596611,329670,30610686,26985925,51340,278330,30610211,26986400,51340,278330,30610211,26986400,325067,47899,277169,https://covid19.go.id/peta-sebaran,0.8442685109351776
Indonesia,2021-12-11,57900609,57900609,303998,30661388,27239221,50702,253296,30660913,27239696,50702,253296,30660913,27239696,326684,47730,278954,https://covid19.go.id/peta-sebaran,0.8332160080000526
Indonesia,2021-12-12,58162340,58162340,261731,30707252,27455088,45864,215867,30706777,27455563,45864,215867,30706777,27455563,328472,47752,280720,https://covid19.go.id/peta-sebaran,0.824766649728156
Indonesia,2021-12-13,58431254,58431254,268914,30740162,27691092,32910,236004,30739687,27691567,32910,236004,30739687,27691567,325557,47842,277715,https://covid19.go.id/peta-sebaran,0.8776188669983712
Indonesia,2021-12-14,58730148,58730148,298894,30792751,27937397,52589,246305,30792276,27937872,52589,246305,30792276,27937872,314559,48149,266410,https://covid19.go.id/peta-sebaran,0.8240546815928055
Indonesia,2021-12-15,59039281,59039281,309133,30843988,28195293,51237,257896,30843513,28195768,51237,257896,30843513,28195768,304693,47974,256719,https://covid19.go.id/peta-sebaran,0.8342558057535107
Indonesia,2021-12-16,59343891,59343891,304610,30898701,28445190,54713,249897,30898226,28445665,54713,249897,30898226,28445665,296707,48479,248228,https://covid19.go.id/peta-sebaran,0.8203834411214339
Indonesia,2021-12-17,59652804,59652804,308913,30953256,28699548,54555,254358,30952781,28700023,54555,254358,30952781,28700023,293742,48939,244803,https://covid19.go.id/peta-sebaran,0.8233968787328471
Indonesia,2021-12-18,59964823,59964823,312019,31006424,28958399,53168,258851,31005949,28958874,53168,258851,31005949,28958874,294888,49291,245597,https://covid19.go.id/peta-sebaran,0.829600120505482
Indonesia,2021-12-19,60204039,60204039,239216,31052970,29151069,46546,192670,31052495,29151544,46546,192670,31052495,29151544,291671,49388,242283,https://covid19.go.id/peta-sebaran,0.8054227141997191
Indonesia,2021-12-20,60470151,60470151,266112,31088160,29381991,35190,230922,31087685,29382466,35190,230922,31087685,29382466,291271,49714,241557,https://covid19.go.id/peta-sebaran,0.8677624458874459
Indonesia,2021-12-21,60784337,60784337,314186,31143691,29640646,55531,258655,31143216,29641121,55531,258655,31143216,29641121,293456,50134,243321,https://covid19.go.id/peta-sebaran,0.8232543779799227
Indonesia,2021-12-22,61083259,61083259,298922,31197567,29885692,53876,245046,31197092,29886167,53876,245046,31197092,29886167,291997,50511,241486,https://covid19.go.id/peta-sebaran,0.8197656913843745
Indonesia,2021-12-23,61372344,61372344,289085,31248417,30123927,50850,238235,31247942,30124402,50850,238235,31247942,30124402,289779,49959,239820,https://covid19.go.id/peta-sebaran,0.8241001781482955
Indonesia,2021-12-24,61632313,61632313,259969,31293715,30338598,45298,214671,31293240,30339073,45298,214671,31293240,30339073,282787,48637,234150,https://covid19.go.id/peta-sebaran,0.8257561478483973
Indonesia,2021-12-25,61840900,61840900,208587,31336809,30504091,43094,165493,31336334,30504566,43094,165493,31336334,30504566,268011,47198,220813,https://covid19.go.id/peta-sebaran,0.793400355726867
Indonesia,2021-12-26,61840900,61840900,0,31336809,30504091,0,0,31336334,30504566,0,0,31336334,30504566,233837,40548,193289,https://covid19.go.id/peta-sebaran,0.793400355726867
Indonesia,2021-12-27,62247607,62247607,406707,31396889,30850718,60080,346627,31396414,30851193,60080,346627,31396414,30851193,253922,44104,209818,https://covid19.go.id/peta-sebaran,0.8522769463028667
Indonesia,2021-12-28,62494654,62494654,247047,31442874,31051780,45985,201062,31442399,31052255,45985,201062,31442399,31052255,244331,42740,201591,https://covid19.go.id/peta-sebaran,0.8138613300303181
Indonesia,2021-12-29,62726434,62726434,231780,31484527,31241907,41653,190127,31484052,31242382,41653,190127,31484052,31242382,234739,40994,193745,https://covid19.go.id/peta-sebaran,0.8202907929933557
Indonesia,2021-12-30,62956193,62956193,229759,31522064,31434129,37537,192222,31521589,31434604,37537,192222,31521589,31434604,226264,39092,187172,https://covid19.go.id/peta-sebaran,0.8366244630242994
Indonesia,2021-12-31,63166543,63166543,210350,31558897,31607646,36833,173517,31558422,31608121,36833,173517,31558422,31608121,219176,37883,181293,https://covid19.go.id/peta-sebaran,0.8248966009032564
Indonesia,2022-01-01,63343702,63343702,177159,31595574,31748128,36677,140482,31595099,31748603,36677,140482,31595099,31748603,214686,36966,177720,https://covid19.go.id/peta-sebaran,0.7929712856812242
Indonesia,2022-01-02,63545184,63545184,201482,31624148,31921036,28574,172908,31623673,31921511,28574,172908,31623673,31921511,243469,41048,202421,https://covid19.go.id/peta-sebaran,0.8581808796815596
Indonesia,2022-01-03,63829597,63829597,284413,31656828,32172769,32680,251733,31656353,32173244,32680,251733,31656353,32173244,225999,37134,188864,https://covid19.go.id/peta-sebaran,0.8850966727962505
Indonesia,2022-01-04,64137224,64137224,307627,31708822,32428402,51994,255633,31708347,32428877,51994,255633,31708347,32428877,234653,37993,196660,https://covid19.go.id/peta-sebaran,0.8309836262746768
Indonesia,2022-01-05,64422368,64422368,285144,31761384,32660984,52562,232582,31760909,32661459,52562,232582,31760909,32661459,242276,39551,202725,https://covid19.go.id/peta-sebaran,0.8156650674746795
Indonesia,2022-01-06,64697095,64697095,274727,31806635,32890460,45251,229476,31806160,32890935,45251,229476,31806160,32890935,248700,40653,208047,https://covid19.go.id/peta-sebaran,0.8352873943951632
Indonesia,2022-01-07,64980357,64980357,283262,31855721,33124636,49086,234176,31855246,33125111,49086,234176,31855246,33125111,259116,42403,216713,https://covid19.go.id/peta-sebaran,0.8267116662312629
Indonesia,2022-01-08,65259045,65259045,278688,31907717,33351328,51996,226692,31907242,33351803,51996,226692,31907242,33351803,273620,44592,229029,https://covid19.go.id/peta-sebaran,0.8134257664485015
Indonesia,2022-01-09,65514927,65514927,255882,31952944,33561983,45227,210655,31952469,33562458,45227,210655,31952469,33562458,281392,46971,234421,https://covid19.go.id/peta-sebaran,0.8232505608053712
Indonesia,2022-01-10,65774472,65774472,259545,31986914,33787558,33970,225575,31986439,33788033,33970,225575,31986439,33788033,277839,47155,230684,https://covid19.go.id/peta-sebaran,0.8691171087865303
Indonesia,2022-01-11,66062939,66062939,288467,32035574,34027365,48660,239807,32035099,34027840,48660,239807,32035099,34027840,275102,46679,228423,https://covid19.go.id/peta-sebaran,0.8313151937656647
Indonesia,2022-01-12,66336745,66336745,273806,32081149,34255596,45575,228231,32080674,34256071,45575,228231,32080674,34256071,273482,45681,227802,https://covid19.go.id/peta-sebaran,0.833550031774322
Indonesia,2022-01-13,66615011,66615011,278266,32131554,34483457,50405,227861,32131079,34483932,50405,227861,32131079,34483932,273988,46417,227571,https://covid19.go.id/peta-sebaran,0.8188603710119094
Indonesia,2022-01-14,66895574,66895574,280563,32182253,34713321,50699,229864,32181778,34713796,50699,229864,32181778,34713796,273602,46647,226955,https://covid19.go.id/peta-sebaran,0.8192954880009125
Indonesia,2022-01-15,67173430,67173430,277856,32231089,34942341,48836,229020,32230614,34942816,48836,229020,32230614,34942816,273484,46196,227288,https://covid19.go.id/peta-sebaran,0.8242398940458366
Indonesia,2022-01-16,67424918,67424918,251488,32277113,35147805,46024,205464,32276638,35148280,46024,205464,32276638,35148280,272856,46310,226546,https://covid19.go.id/peta-sebaran,0.816993256139458
Indonesia,2022-01-17,67694431,67694431,269513,32310147,35384284,33034,236479,32309672,35384759,33034,236479,32309672,35384759,274280,46176,228104,https://covid19.go.id/peta-sebaran,0.8774307732836635
Indonesia,2022-01-18,67973358,67973358,278927,32360414,35612944,50267,228660,32359939,35613419,50267,228660,32359939,35613419,272917,46406,226511,https://covid19.go.id/peta-sebaran,0.8197843880298429
Indonesia,2022-01-19,68201218,68201218,227860,32414093,35787125,53679,174181,32413618,35787600,53679,174181,32413618,35787600,266353,47563,218790,https://covid19.go.id/peta-sebaran,0.7644211357851313
Indonesia,2022-01-20,68527332,68527332,326114,32469897,36057435,55804,270310,32469422,36057910,55804,270310,32469422,36057910,273189,48335,224854,https://covid19.go.id/peta-sebaran,0.8288819247257094
Indonesia,2022-01-21,68819737,68819737,292405,32525423,36294314,55526,236879,32524948,36294789,55526,236879,32524948,36294789,274880,49024,225856,https://covid19.go.id/peta-sebaran,0.8101058463432568
Indonesia,2022-01-22,69100898,69100898,281161,32582688,36518210,57265,223896,32582213,36518685,57265,223896,32582213,36518685,275353,50228,225124,https://covid19.go.id/peta-sebaran,0.7963266598141279
Indonesia,2022-01-23,69352805,69352805,251907,32635451,36717354,52763,199144,32634976,36717829,52763,199144,32634976,36717829,275412,51191,224221,https://covid19.go.id/peta-sebaran,0.7905457172686745
Indonesia,2022-01-24,69611597,69611597,258792,32680432,36931165,44981,213811,32679957,36931640,44981,213811,32679957,36931640,273881,52898,220983,https://covid19.go.id/peta-sebaran,0.8261885993384649
Indonesia,2022-01-25,69871272,69871272,259675,32747827,37123445,67395,192280,32747352,37123920,67395,192280,32747352,37123920,271131,55345,215786,https://covid19.go.id/peta-sebaran,0.7404640415904497
Indonesia,2022-01-26,70220313,70220313,349041,32822882,37397431,75055,273986,32822407,37397906,75055,273986,32822407,37397906,288442,58398,230044,https://covid19.go.id/peta-sebaran,0.7849679550539908
Indonesia,2022-01-27,70567046,70567046,346733,32905033,37662013,82151,264582,32904558,37662488,82151,264582,32904558,37662488,291388,62162,229225,https://covid19.go.id/peta-sebaran,0.7630712969345289
Indonesia,2022-01-28,70939930,70939930,372884,32988819,37951111,83786,289098,32988344,37951586,83786,289098,32988344,37951586,302885,66199,236685,https://covid19.go.id/peta-sebaran,0.7753027751257764
Indonesia,2022-01-29,71323331,71323331,383401,33084221,38239110,95402,287999,33083746,38239585,95402,287999,33083746,38239585,317490,71648,245843,https://covid19.go.id/peta-sebaran,0.7511691414472054
Indonesia,2022-01-30,71637728,71637728,314397,33169891,38467837,85670,228727,33169416,38468312,85670,228727,33169416,38468312,326418,76349,250069,https://covid19.go.id/peta-sebaran,0.7275101225520599
Indonesia,2022-01-31,71637728,71637728,0,33169891,38467837,0,0,33169416,38468312,0,0,33169416,38468312,289447,69923,219525,https://covid19.go.id/peta-sebaran,0.7275101225520599
Indonesia,2022-02-01,71637728,71637728,0,33169891,38467837,0,0,33169416,38468312,0,0,33169416,38468312,252351,60295,192056,https://covid19.go.id/peta-sebaran,0.7275101225520599
Indonesia,2022-02-02,71637728,71637728,0,33169891,38467837,0,0,33169416,38468312,0,0,33169416,38468312,202488,49573,152915,https://covid19.go.id/peta-sebaran,0.7275101225520599
Indonesia,2022-02-03,71637728,71637728,0,33169891,38467837,0,0,33169416,38468312,0,0,33169416,38468312,152955,37837,115118,https://covid19.go.id/peta-sebaran,0.7275101225520599
Indonesia,2022-02-04,71637728,71637728,0,33169891,38467837,0,0,33169416,38468312,0,0,33169416,38468312,99685,25867,73818,https://covid19.go.id/peta-sebaran,0.7275101225520599
Indonesia,2022-02-05,71637728,71637728,0,33169891,38467837,0,0,33169416,38468312,0,0,33169416,38468312,44914,12239,32675,https://covid19.go.id/peta-sebaran,0.7275101225520599
Indonesia,2022-02-06,71637728,71637728,0,34024875,40561282,854984,2093445,33169416,38468312,0,0,33169416,38468312,0,0,0,https://covid19.go.id/peta-sebaran,0.7100204888772971
Indonesia,2022-02-07,74586157,74586157,2948429,34024875,40561282,0,0,34024400,40561757,854984,2093445,34024400,40561757,421204,122141,299064,https://covid19.go.id/peta-sebaran,0.7100204888772971
Indonesia,2022-02-08,75280587,75280587,694430,34282553,40998034,257678,436752,34282078,40998509,257678,436752,34282078,40998509,520408,158952,361457,https://covid19.go.id/peta-sebaran,0.6289359618680068
Indonesia,2022-02-09,75685093,75685093,404506,34454637,41230456,172084,232422,34454162,41230931,172084,232422,34454162,41230931,578195,183535,394660,https://covid19.go.id/peta-sebaran,0.5745823300519646
Indonesia,2022-02-10,76071156,76071156,386063,34608498,41462658,153861,232202,34608023,41463133,153861,232202,34608023,41463133,633347,205515,427832,https://covid19.go.id/peta-sebaran,0.601461419509251
Indonesia,2022-02-11,76434721,76434721,363565,34748931,41685790,140433,223132,34748456,41686265,140433,223132,34748456,41686265,685285,225577,459708,https://covid19.go.id/peta-sebaran,0.6137334451886183
Indonesia,2022-02-12,76964762,76964762,530041,34951163,42013599,202232,327809,34950688,42014074,202232,327809,34950688,42014074,761005,254467,506537,https://covid19.go.id/peta-sebaran,0.6184597040606292
Indonesia,2022-02-13,77415802,77415802,451040,35119333,42296469,168170,282870,35118858,42296944,168170,282870,35118858,42296944,825439,278492,546947,https://covid19.go.id/peta-sebaran,0.6271505853139411
Indonesia,2022-02-14,77856000,77856000,440198,35238842,42617158,119509,320689,35238367,42617633,119509,320689,35238367,42617633,467120,173424,293697,https://covid19.go.id/peta-sebaran,0.7285108065007111
Indonesia,2022-02-15,78438828,78438828,582828,35418869,43019959,180027,402801,35418394,43020434,180027,402801,35418394,43020434,451177,162331,288846,https://covid19.go.id/peta-sebaran,0.6911147027939633
Indonesia,2022-02-16,79004878,79004878,566050,35613424,43391454,194555,371495,35612949,43391929,194555,371495,35612949,43391929,474255,165541,308714,https://covid19.go.id/peta-sebaran,0.6562936136383711
Indonesia,2022-02-17,79577733,79577733,572855,35817968,43759765,204544,368311,35817493,43760240,204544,368311,35817493,43760240,500940,172781,328158,https://covid19.go.id/peta-sebaran,0.6429393127405714
Indonesia,2022-02-18,80079360,80079360,501627,36009814,44069546,191846,309781,36009339,44070021,191846,309781,36009339,44070021,520663,180126,340537,https://covid19.go.id/peta-sebaran,0.61755248421636
Indonesia,2022-02-19,80569140,80569140,489780,36186495,44382645,176681,313099,36186020,44383120,176681,313099,36186020,44383120,514911,176476,338435,https://covid19.go.id/peta-sebaran,0.6392645677651191
Indonesia,2022-02-20,81003675,81003675,434535,36354102,44649573,167607,266928,36353627,44650048,167607,266928,36353627,44650048,512553,176396,336158,https://covid19.go.id/peta-sebaran,0.6142842348717594
Indonesia,2022-02-21,81396235,81396235,392560,36467061,44929174,112959,279601,36466586,44929649,112959,279601,36466586,44929649,505748,175460,330288,https://covid19.go.id/peta-sebaran,0.7122503566333809
Indonesia,2022-02-22,81933316,81933316,537081,36646579,45286737,179518,357563,36646104,45287212,179518,357563,36646104,45287212,499213,175387,323825,https://covid19.go.id/peta-sebaran,0.665752465642985
Indonesia,2022-02-23,82452848,82452848,519532,36823640,45629208,177061,342471,36823165,45629683,177061,342471,36823165,45629683,492567,172888,319679,https://covid19.go.id/peta-sebaran,0.6591913491373005
Indonesia,2022-02-24,82958238,82958238,505390,36990185,45968053,166545,338845,36989710,45968528,166545,338845,36989710,45968528,482929,167460,315470,https://covid19.go.id/peta-sebaran,0.6704624151645264
Indonesia,2022-02-25,83442770,83442770,484532,37148527,46294243,158342,326190,37148052,46294718,158342,326190,37148052,46294718,480487,162673,317814,https://covid19.go.id/peta-sebaran,0.673206310419126
Indonesia,2022-02-26,83933900,83933900,491130,37299568,46634332,151041,340089,37299093,46634807,151041,340089,37299093,46634807,480680,159010,321670,https://covid19.go.id/peta-sebaran,0.6924622808625007
Indonesia,2022-02-27,84304512,84304512,370612,37429838,46874674,130270,240342,37429363,46875149,130270,240342,37429363,46875149,471548,153677,317872,https://covid19.go.id/peta-sebaran,0.6485003183922808
Indonesia,2022-02-28,84580727,84580727,276215,37519370,47061357,89532,186683,37518895,47061832,89532,186683,37518895,47061832,454927,150330,304598,https://covid19.go.id/peta-sebaran,0.67586119508354
Indonesia,2022-03-01,85019478,85019478,438751,37619932,47399546,100562,338189,37619457,47400021,100562,338189,37619457,47400021,440880,139050,301830,https://covid19.go.id/peta-sebaran,0.7707993827934295
Indonesia,2022-03-02,85620930,85620930,601452,37767541,47853389,147609,453843,37767066,47853864,147609,453843,37767066,47853864,452583,134843,317740,https://covid19.go.id/peta-sebaran,0.7545789190159813
Indonesia,2022-03-03,86008226,86008226,387296,37905042,48103184,137501,249795,37904567,48103659,137501,249795,37904567,48103659,435713,130694,305019,https://covid19.go.id/peta-sebaran,0.6449718045112782
Indonesia,2022-03-04,86349857,86349857,341631,37991707,48358150,86665,254966,37991232,48358625,86665,254966,37991232,48358625,415298,120454,294844,https://covid19.go.id/peta-sebaran,0.7463198597316988
Indonesia,2022-03-05,86750007,86750007,400150,38109985,48640022,118278,281872,38109510,48640497,118278,281872,38109510,48640497,402301,115774,286527,https://covid19.go.id/peta-sebaran,0.7044158440584781
Indonesia,2022-03-06,87107018,87107018,357011,38219451,48887567,109466,247545,38218976,48888042,109466,247545,38218976,48888042,400358,112802,287556,https://covid19.go.id/peta-sebaran,0.6933819966331569
Indonesia,2022-03-07,87481657,87481657,374639,38295839,49185818,76388,298251,38295364,49186293,76388,298251,38295364,49186293,414419,110924,303494,https://covid19.go.id/peta-sebaran,0.7961023812256599
Indonesia,2022-03-08,87892223,87892223,410566,38412716,49479507,116877,293689,38412241,49479982,116877,293689,38412241,49479982,410392,113255,297137,https://covid19.go.id/peta-sebaran,0.7153271337616851
Indonesia,2022-03-09,88218970,88218970,326747,38521110,49697860,108394,218353,38520635,49698335,108394,218353,38520635,49698335,371149,107653,263496,https://covid19.go.id/peta-sebaran,0.668263212822153
Indonesia,2022-03-10,88476967,88476967,257997,38611618,49865349,90508,167489,38611143,49865824,90508,167489,38611143,49865824,352677,100939,251738,https://covid19.go.id/peta-sebaran,0.6491897192603014
Indonesia,2022-03-11,88699468,88699468,222501,38689331,50010137,77713,144788,38688856,50010612,77713,144788,38688856,50010612,335659,99661,235998,https://covid19.go.id/peta-sebaran,0.6507296596419792
Indonesia,2022-03-12,88910570,88910570,211102,38760049,50150521,70718,140384,38759574,50150996,70718,140384,38759574,50150996,308652,92866,215786,https://covid19.go.id/peta-sebaran,0.6650055423444591
Indonesia,2022-03-13,89081410,89081410,170840,38825342,50256068,65293,105547,38824867,50256543,65293,105547,38824867,50256543,282056,86556,195500,https://covid19.go.id/peta-sebaran,0.6178119878248653
Indonesia,2022-03-14,89276639,89276639,195229,38874830,50401809,49488,145741,38874355,50402284,49488,145741,38874355,50402284,256426,82713,173713,https://covid19.go.id/peta-sebaran,0.7465130692673732
Indonesia,2022-03-15,89512643,89512643,236004,38950560,50562083,75730,160274,38950085,50562558,75730,160274,38950085,50562558,231489,76835,154654,https://covid19.go.id/peta-sebaran,0.6791156082100304
Indonesia,2022-03-16,89718792,89718792,206149,39016025,50702767,65465,140684,39015550,50703242,65465,140684,39015550,50703242,214260,70702,143558,https://covid19.go.id/peta-sebaran,0.6824384304556413
Indonesia,2022-03-17,89912818,89912818,194026,39077659,50835159,61634,132392,39077184,50835634,61634,132392,39077184,50835634,205122,66577,138544,https://covid19.go.id/peta-sebaran,0.6823415418552152
Indonesia,2022-03-18,90088638,90088638,175820,39132984,50955654,55325,120495,39132509,50956129,55325,120495,39132509,50956129,198453,63379,135074,https://covid19.go.id/peta-sebaran,0.6853315891252417
Italy,2021-06-03,66717978,66717978,97633,49557296,17160682,62025,35608,49557296,17160682,62025,35608,49557296,17160682,NA,NA,NA,https://raw.githubusercontent.com/pcm-dpc/COVID-19/master/dati-json/dpc-covid19-ita-andamento-nazionale-latest.json,0.3647127508117132
Italy,2021-06-04,66938917,66938917,220939,49661208,17277709,103912,117027,49661208,17277709,103912,117027,49661208,17277709,NA,NA,NA,https://raw.githubusercontent.com/pcm-dpc/COVID-19/master/dati-json/dpc-covid19-ita-andamento-nazionale-latest.json,0.5296801379566306
Italy,2021-06-05,67177549,67177549,238632,49774399,17403150,113191,125441,49774399,17403150,113191,125441,49774399,17403150,NA,NA,NA,https://raw.githubusercontent.com/pcm-dpc/COVID-19/master/dati-json/dpc-covid19-ita-andamento-nazionale-latest.json,0.5256671360085823
Italy,2021-06-06,67327507,67327507,149958,49862425,17465082,88026,61932,49862425,17465082,88026,61932,49862425,17465082,NA,NA,NA,https://raw.githubusercontent.com/pcm-dpc/COVID-19/master/dati-json/dpc-covid19-ita-andamento-nazionale-latest.json,0.4129956387788581
Italy,2021-06-07,67412074,67412074,84567,49912181,17499893,49756,34811,49912181,17499893,49756,34811,49912181,17499893,NA,NA,NA,https://raw.githubusercontent.com/pcm-dpc/COVID-19/master/dati-json/dpc-covid19-ita-andamento-nazionale-latest.json,0.4116381094280275
Italy,2021-06-08,67632991,67632991,220917,50013870,17619121,101689,119228,50013870,17619121,101689,119228,50013870,17619121,NA,NA,NA,https://raw.githubusercontent.com/pcm-dpc/COVID-19/master/dati-json/dpc-covid19-ita-andamento-nazionale-latest.json,0.5396959038915068
Italy,2021-06-09,67851729,67851729,218738,50136828,17714901,122958,95780,50136828,17714901,122958,95780,50136828,17714901,175912,91651,84261,https://raw.githubusercontent.com/pcm-dpc/COVID-19/master/dati-json/dpc-covid19-ita-andamento-nazionale-latest.json,0.4378754491674972
Italy,2021-06-10,68057064,68057064,205335,50244071,17812993,107243,98092,50244071,17812993,107243,98092,50244071,17812993,191298,98111,93187,https://raw.githubusercontent.com/pcm-dpc/COVID-19/master/dati-json/dpc-covid19-ita-andamento-nazionale-latest.json,0.4777169016485256
Italy,2021-06-11,68257459,68257459,200395,50341628,17915831,97557,102838,50341628,17915831,97557,102838,50341628,17915831,188363,97203,91160,https://raw.githubusercontent.com/pcm-dpc/COVID-19/master/dati-json/dpc-covid19-ita-andamento-nazionale-latest.json,0.5131764764589934
Italy,2021-06-12,68470425,68470425,212966,50436753,18033672,95125,117841,50436753,18033672,95125,117841,50436753,18033672,184697,94622,90075,https://raw.githubusercontent.com/pcm-dpc/COVID-19/master/dati-json/dpc-covid19-ita-andamento-nazionale-latest.json,0.5533324568240939
Italy,2021-06-13,68604561,68604561,134136,50510527,18094034,73774,60362,50510527,18094034,73774,60362,50510527,18094034,182436,92586,89850,https://raw.githubusercontent.com/pcm-dpc/COVID-19/master/dati-json/dpc-covid19-ita-andamento-nazionale-latest.json,0.45000596409614124
Italy,2021-06-14,68684085,68684085,79524,50555019,18129066,44492,35032,50555019,18129066,44492,35032,50555019,18129066,181716,91834,89882,https://raw.githubusercontent.com/pcm-dpc/COVID-19/master/dati-json/dpc-covid19-ita-andamento-nazionale-latest.json,0.44052110054826216
Italy,2021-06-15,68896197,68896197,212112,50656352,18239845,101333,110779,50656352,18239845,101333,110779,50656352,18239845,180458,91783,88675,https://raw.githubusercontent.com/pcm-dpc/COVID-19/master/dati-json/dpc-covid19-ita-andamento-nazionale-latest.json,0.5222665384325262
Italy,2021-06-16,69099370,69099370,203173,50764084,18335286,107732,95441,50764084,18335286,107732,95441,50764084,18335286,178234,89608,88626,https://raw.githubusercontent.com/pcm-dpc/COVID-19/master/dati-json/dpc-covid19-ita-andamento-nazionale-latest.json,0.46975237851486173
Italy,2021-06-17,69299685,69299685,200315,50864061,18435624,99977,100338,50864061,18435624,99977,100338,50864061,18435624,177517,88570,88947,https://raw.githubusercontent.com/pcm-dpc/COVID-19/master/dati-json/dpc-covid19-ita-andamento-nazionale-latest.json,0.5009010807977435
Italy,2021-06-18,69515711,69515711,216026,50952072,18563639,88011,128015,50952072,18563639,88011,128015,50952072,18563639,179750,87206,92544,https://raw.githubusercontent.com/pcm-dpc/COVID-19/master/dati-json/dpc-covid19-ita-andamento-nazionale-latest.json,0.5925907066741967
Italy,2021-06-19,69765699,69765699,249988,51042709,18722990,90637,159351,51042709,18722990,90637,159351,51042709,18722990,185039,86565,98474,https://raw.githubusercontent.com/pcm-dpc/COVID-19/master/dati-json/dpc-covid19-ita-andamento-nazionale-latest.json,0.6374345968606493
Italy,2021-06-20,69916221,69916221,150522,51109726,18806495,67017,83505,51109726,18806495,67017,83505,51109726,18806495,187380,85600,101780,https://raw.githubusercontent.com/pcm-dpc/COVID-19/master/dati-json/dpc-covid19-ita-andamento-nazionale-latest.json,0.5547694024793718
Italy,2021-06-21,69997973,69997973,81752,51149035,18848938,39309,42443,51149035,18848938,39309,42443,51149035,18848938,187698,84859,102839,https://raw.githubusercontent.com/pcm-dpc/COVID-19/master/dati-json/dpc-covid19-ita-andamento-nazionale-latest.json,0.5191677267834426
Italy,2021-06-22,70190855,70190855,192882,51242092,18948763,93057,99825,51242092,18948763,93057,99825,51242092,18948763,184951,83677,101274,https://raw.githubusercontent.com/pcm-dpc/COVID-19/master/dati-json/dpc-covid19-ita-andamento-nazionale-latest.json,0.51754440538775
Italy,2021-06-23,70388886,70388886,198031,51346290,19042596,104198,93833,51346290,19042596,104198,93833,51346290,19042596,184217,83172,101044,https://raw.githubusercontent.com/pcm-dpc/COVID-19/master/dati-json/dpc-covid19-ita-andamento-nazionale-latest.json,0.47382985492170415
Italy,2021-06-24,70577077,70577077,188191,51428966,19148111,82676,105515,51428966,19148111,82676,105515,51428966,19148111,182485,80701,101784,https://raw.githubusercontent.com/pcm-dpc/COVID-19/master/dati-json/dpc-covid19-ita-andamento-nazionale-latest.json,0.5606803726001774
Italy,2021-06-25,70769618,70769618,192541,51505508,19264110,76542,115999,51505508,19264110,76542,115999,51505508,19264110,179130,79062,100067,https://raw.githubusercontent.com/pcm-dpc/COVID-19/master/dati-json/dpc-covid19-ita-andamento-nazionale-latest.json,0.6024638908076722
Italy,2021-06-26,70994111,70994111,224493,51585935,19408176,80427,144066,51585935,19408176,80427,144066,51585935,19408176,175487,77604,97884,https://raw.githubusercontent.com/pcm-dpc/COVID-19/master/dati-json/dpc-covid19-ita-andamento-nazionale-latest.json,0.6417393860833077
Italy,2021-06-27,71132502,71132502,138391,51648557,19483945,62622,75769,51648557,19483945,62622,75769,51648557,19483945,173754,76976,96779,https://raw.githubusercontent.com/pcm-dpc/COVID-19/master/dati-json/dpc-covid19-ita-andamento-nazionale-latest.json,0.5474994761220021
Italy,2021-06-28,71207555,71207555,75053,51686201,19521354,37644,37409,51686201,19521354,37644,37409,51686201,19521354,172797,76738,96059,https://raw.githubusercontent.com/pcm-dpc/COVID-19/master/dati-json/dpc-covid19-ita-andamento-nazionale-latest.json,0.4984344396626384
Italy,2021-06-29,71398190,71398190,190635,51772454,19625736,86253,104382,51772454,19625736,86253,104382,51772454,19625736,172476,75766,96710,https://raw.githubusercontent.com/pcm-dpc/COVID-19/master/dati-json/dpc-covid19-ita-andamento-nazionale-latest.json,0.5475489810370604
Italy,2021-06-30,71583206,71583206,185016,51864808,19718398,92354,92662,51864808,19718398,92354,92662,51864808,19718398,170617,74074,96543,https://raw.githubusercontent.com/pcm-dpc/COVID-19/master/dati-json/dpc-covid19-ita-andamento-nazionale-latest.json,0.5008323604445021
Italy,2021-07-01,71771680,71771680,188474,51953621,19818059,88813,99661,51953621,19818059,88813,99661,51953621,19818059,170658,74951,95707,https://raw.githubusercontent.com/pcm-dpc/COVID-19/master/dati-json/dpc-covid19-ita-andamento-nazionale-latest.json,0.5287785052580197
Italy,2021-07-02,71970918,71970918,199238,52036180,19934738,82559,116679,52036180,19934738,82559,116679,52036180,19934738,171614,75810,95804,https://raw.githubusercontent.com/pcm-dpc/COVID-19/master/dati-json/dpc-covid19-ita-andamento-nazionale-latest.json,0.5856262359590038
Italy,2021-07-03,72199045,72199045,228127,52121065,20077980,84885,143242,52121065,20077980,84885,143242,52121065,20077980,172133,76447,95686,https://raw.githubusercontent.com/pcm-dpc/COVID-19/master/dati-json/dpc-covid19-ita-andamento-nazionale-latest.json,0.6279046320689792
Italy,2021-07-04,72340685,72340685,141640,52185355,20155330,64290,77350,52185355,20155330,64290,77350,52185355,20155330,172598,76685,95912,https://raw.githubusercontent.com/pcm-dpc/COVID-19/master/dati-json/dpc-covid19-ita-andamento-nazionale-latest.json,0.5461027958203897
Italy,2021-07-05,72415334,72415334,74649,52219735,20195599,34380,40269,52219735,20195599,34380,40269,52219735,20195599,172540,76219,96321,https://raw.githubusercontent.com/pcm-dpc/COVID-19/master/dati-json/dpc-covid19-ita-andamento-nazionale-latest.json,0.5394446007314231
Italy,2021-07-06,72607758,72607758,192424,52306087,20301671,86352,106072,52306087,20301671,86352,106072,52306087,20301671,172795,76233,96562,https://raw.githubusercontent.com/pcm-dpc/COVID-19/master/dati-json/dpc-covid19-ita-andamento-nazionale-latest.json,0.5512410094374922
Italy,2021-07-07,72785735,72785735,177977,52395134,20390601,89047,88930,52395134,20390601,89047,88930,52395134,20390601,171790,75761,96029,https://raw.githubusercontent.com/pcm-dpc/COVID-19/master/dati-json/dpc-covid19-ita-andamento-nazionale-latest.json,0.4996713058428898
Italy,2021-07-08,72960587,72960587,174852,52481505,20479082,86371,88481,52481505,20479082,86371,88481,52481505,20479082,169844,75412,94432,https://raw.githubusercontent.com/pcm-dpc/COVID-19/master/dati-json/dpc-covid19-ita-andamento-nazionale-latest.json,0.5060336741930318
Italy,2021-07-09,73157509,73157509,196922,52563607,20593902,82102,114820,52563607,20593902,82102,114820,52563607,20593902,169513,75347,94166,https://raw.githubusercontent.com/pcm-dpc/COVID-19/master/dati-json/dpc-covid19-ita-andamento-nazionale-latest.json,0.5830735011832096
Italy,2021-07-10,73365928,73365928,208419,52642946,20722982,79339,129080,52642946,20722982,79339,129080,52642946,20722982,166698,74554,92143,https://raw.githubusercontent.com/pcm-dpc/COVID-19/master/dati-json/dpc-covid19-ita-andamento-nazionale-latest.json,0.6193293317787726
Italy,2021-07-11,73509260,73509260,143332,52708153,20801107,65207,78125,52708153,20801107,65207,78125,52708153,20801107,166939,74685,92254,https://raw.githubusercontent.com/pcm-dpc/COVID-19/master/dati-json/dpc-covid19-ita-andamento-nazionale-latest.json,0.5450632098903245
Italy,2021-07-12,73582831,73582831,73571,52745243,20837588,37090,36481,52745243,20837588,37090,36481,52745243,20837588,166785,75073,91713,https://raw.githubusercontent.com/pcm-dpc/COVID-19/master/dati-json/dpc-covid19-ita-andamento-nazionale-latest.json,0.49586114093868505
Italy,2021-07-13,73775374,73775374,192543,52831764,20943610,86521,106022,52831764,20943610,86521,106022,52831764,20943610,166802,75097,91706,https://raw.githubusercontent.com/pcm-dpc/COVID-19/master/dati-json/dpc-covid19-ita-andamento-nazionale-latest.json,0.5506406361176465
Italy,2021-07-14,73985973,73985973,210599,52933366,21052607,101602,108997,52933366,21052607,101602,108997,52933366,21052607,171463,76890,94572,https://raw.githubusercontent.com/pcm-dpc/COVID-19/master/dati-json/dpc-covid19-ita-andamento-nazionale-latest.json,0.5175570634238529
Italy,2021-07-15,74176895,74176895,190922,53025450,21151445,92084,98838,53025450,21151445,92084,98838,53025450,21151445,173758,77706,96052,https://raw.githubusercontent.com/pcm-dpc/COVID-19/master/dati-json/dpc-covid19-ita-andamento-nazionale-latest.json,0.5176878515833692
Italy,2021-07-16,74382497,74382497,205602,53116943,21265554,91493,114109,53116943,21265554,91493,114109,53116943,21265554,174998,79048,95950,https://raw.githubusercontent.com/pcm-dpc/COVID-19/master/dati-json/dpc-covid19-ita-andamento-nazionale-latest.json,0.5549994649857491
Italy,2021-07-17,74627294,74627294,244797,53205793,21421501,88850,155947,53205793,21421501,88850,155947,53205793,21421501,180195,80407,99788,https://raw.githubusercontent.com/pcm-dpc/COVID-19/master/dati-json/dpc-covid19-ita-andamento-nazionale-latest.json,0.637046205631605
Italy,2021-07-18,74792563,74792563,165269,53280157,21512406,74364,90905,53280157,21512406,74364,90905,53280157,21512406,183329,81715,101614,https://raw.githubusercontent.com/pcm-dpc/COVID-19/master/dati-json/dpc-covid19-ita-andamento-nazionale-latest.json,0.5500426577277046
Italy,2021-07-19,74881652,74881652,89089,53327382,21554270,47225,41864,53327382,21554270,47225,41864,53327382,21554270,185546,83163,102383,https://raw.githubusercontent.com/pcm-dpc/COVID-19/master/dati-json/dpc-covid19-ita-andamento-nazionale-latest.json,0.46991211036154856
Italy,2021-07-20,75100357,75100357,218705,53421858,21678499,94476,124229,53421858,21678499,94476,124229,53421858,21678499,189283,84299,104984,https://raw.githubusercontent.com/pcm-dpc/COVID-19/master/dati-json/dpc-covid19-ita-andamento-nazionale-latest.json,0.5680208500034293
Italy,2021-07-21,75335454,75335454,235097,53537923,21797531,116065,119032,53537923,21797531,116065,119032,53537923,21797531,192783,86365,106418,https://raw.githubusercontent.com/pcm-dpc/COVID-19/master/dati-json/dpc-covid19-ita-andamento-nazionale-latest.json,0.5063101613376606
Italy,2021-07-22,75555232,75555232,219778,53639886,21915346,101963,117815,53639886,21915346,101963,117815,53639886,21915346,196905,87777,109129,https://raw.githubusercontent.com/pcm-dpc/COVID-19/master/dati-json/dpc-covid19-ita-andamento-nazionale-latest.json,0.5360636642430089
Italy,2021-07-23,75792867,75792867,237635,53739841,22053026,99955,137680,53739841,22053026,99955,137680,53739841,22053026,201481,88985,112496,https://raw.githubusercontent.com/pcm-dpc/COVID-19/master/dati-json/dpc-covid19-ita-andamento-nazionale-latest.json,0.5793759336798031
Italy,2021-07-24,76051796,76051796,258929,53838808,22212988,98967,159962,53838808,22212988,98967,159962,53838808,22212988,203500,90431,113070,https://raw.githubusercontent.com/pcm-dpc/COVID-19/master/dati-json/dpc-covid19-ita-andamento-nazionale-latest.json,0.6177832533242703
Italy,2021-07-25,76228449,76228449,176653,53914872,22313577,76064,100589,53914872,22313577,76064,100589,53914872,22313577,205127,90674,114453,https://raw.githubusercontent.com/pcm-dpc/COVID-19/master/dati-json/dpc-covid19-ita-andamento-nazionale-latest.json,0.5694157472559198
Italy,2021-07-26,76316696,76316696,88247,53963263,22353433,48391,39856,53963263,22353433,48391,39856,53963263,22353433,205006,90840,114166,https://raw.githubusercontent.com/pcm-dpc/COVID-19/master/dati-json/dpc-covid19-ita-andamento-nazionale-latest.json,0.4516414155722008
Italy,2021-07-27,76558586,76558586,241890,54064580,22494006,101317,140573,54064580,22494006,101317,140573,54064580,22494006,208318,91817,116501,https://raw.githubusercontent.com/pcm-dpc/COVID-19/master/dati-json/dpc-covid19-ita-andamento-nazionale-latest.json,0.5811443217991649
Italy,2021-07-28,76807058,76807058,248472,54187112,22619946,122532,125940,54187112,22619946,122532,125940,54187112,22619946,210229,92741,117488,https://raw.githubusercontent.com/pcm-dpc/COVID-19/master/dati-json/dpc-covid19-ita-andamento-nazionale-latest.json,0.5068579155800251
Italy,2021-07-29,77031848,77031848,224790,54294154,22737694,107042,117748,54294154,22737694,107042,117748,54294154,22737694,210945,93467,117478,https://raw.githubusercontent.com/pcm-dpc/COVID-19/master/dati-json/dpc-covid19-ita-andamento-nazionale-latest.json,0.5238133368922105
Italy,2021-07-30,77279334,77279334,247486,54404275,22875059,110121,137365,54404275,22875059,110121,137365,54404275,22875059,212352,94919,117433,https://raw.githubusercontent.com/pcm-dpc/COVID-19/master/dati-json/dpc-covid19-ita-andamento-nazionale-latest.json,0.5550414972968168
Italy,2021-07-31,77544194,77544194,264860,54497272,23046922,92997,171863,54497272,23046922,92997,171863,54497272,23046922,213200,94066,119133,https://raw.githubusercontent.com/pcm-dpc/COVID-19/master/dati-json/dpc-covid19-ita-andamento-nazionale-latest.json,0.6488824284527674
Italy,2021-08-01,77711955,77711955,167761,54569773,23142182,72501,95260,54569773,23142182,72501,95260,54569773,23142182,211929,93557,118372,https://raw.githubusercontent.com/pcm-dpc/COVID-19/master/dati-json/dpc-covid19-ita-andamento-nazionale-latest.json,0.5678316175988459
Italy,2021-08-02,77795178,77795178,83223,54612288,23182890,42515,40708,54612288,23182890,42515,40708,54612288,23182890,211212,92718,118494,https://raw.githubusercontent.com/pcm-dpc/COVID-19/master/dati-json/dpc-covid19-ita-andamento-nazionale-latest.json,0.48914362616103724
Italy,2021-08-03,78004897,78004897,209719,54704552,23300345,92264,117455,54704552,23300345,92264,117455,54704552,23300345,206616,91425,115191,https://raw.githubusercontent.com/pcm-dpc/COVID-19/master/dati-json/dpc-covid19-ita-andamento-nazionale-latest.json,0.5600589360048446
Italy,2021-08-04,78220645,78220645,215748,54812163,23408482,107611,108137,54812163,23408482,107611,108137,54812163,23408482,201941,89293,112648,https://raw.githubusercontent.com/pcm-dpc/COVID-19/master/dati-json/dpc-covid19-ita-andamento-nazionale-latest.json,0.5012190147764986
Italy,2021-08-05,78432872,78432872,212227,54910966,23521906,98803,113424,54910966,23521906,98803,113424,54910966,23521906,200146,88116,112030,https://raw.githubusercontent.com/pcm-dpc/COVID-19/master/dati-json/dpc-covid19-ita-andamento-nazionale-latest.json,0.5344466066994303
Italy,2021-08-06,78677529,78677529,244657,55012203,23665326,101237,143420,55012203,23665326,101237,143420,55012203,23665326,199742,86847,112895,https://raw.githubusercontent.com/pcm-dpc/COVID-19/master/dati-json/dpc-covid19-ita-andamento-nazionale-latest.json,0.5862084469277397
Italy,2021-08-07,78971392,78971392,293863,55108789,23862603,96586,197277,55108789,23862603,96586,197277,55108789,23862603,203885,87360,116526,https://raw.githubusercontent.com/pcm-dpc/COVID-19/master/dati-json/dpc-covid19-ita-andamento-nazionale-latest.json,0.671323031480656
Italy,2021-08-08,79174903,79174903,203511,55182257,23992646,73468,130043,55182257,23992646,73468,130043,55182257,23992646,208993,87498,121495,https://raw.githubusercontent.com/pcm-dpc/COVID-19/master/dati-json/dpc-covid19-ita-andamento-nazionale-latest.json,0.6389974006319069
Italy,2021-08-09,79277767,79277767,102864,55225285,24052482,43028,59836,55225285,24052482,43028,59836,55225285,24052482,211798,87571,124227,https://raw.githubusercontent.com/pcm-dpc/COVID-19/master/dati-json/dpc-covid19-ita-andamento-nazionale-latest.json,0.5817001088816302
Italy,2021-08-10,79277767,79277767,0,55225285,24052482,0,0,55225285,24052482,0,0,55225285,24052482,181839,74390,107448,https://raw.githubusercontent.com/pcm-dpc/COVID-19/master/dati-json/dpc-covid19-ita-andamento-nazionale-latest.json,0.5817001088816302
Italy,2021-08-11,79749572,79749572,471805,55419637,24329935,194352,277453,55419637,24329935,194352,277453,55419637,24329935,218418,86782,131636,https://raw.githubusercontent.com/pcm-dpc/COVID-19/master/dati-json/dpc-covid19-ita-andamento-nazionale-latest.json,0.5880671039942349
Italy,2021-08-12,79966541,79966541,216969,55513139,24453402,93502,123467,55513139,24453402,93502,123467,55513139,24453402,219096,86025,133071,https://raw.githubusercontent.com/pcm-dpc/COVID-19/master/dati-json/dpc-covid19-ita-andamento-nazionale-latest.json,0.5690536436080731
Italy,2021-08-13,80192027,80192027,225486,55608773,24583254,95634,129852,55608773,24583254,95634,129852,55608773,24583254,216357,85224,131133,https://raw.githubusercontent.com/pcm-dpc/COVID-19/master/dati-json/dpc-covid19-ita-andamento-nazionale-latest.json,0.5758761076075677
Italy,2021-08-14,80446033,80446033,254006,55698982,24747051,90209,163797,55698982,24747051,90209,163797,55698982,24747051,210663,84313,126350,https://raw.githubusercontent.com/pcm-dpc/COVID-19/master/dati-json/dpc-covid19-ita-andamento-nazionale-latest.json,0.6448548459485209
Italy,2021-08-15,80606903,80606903,160870,55763772,24843131,64790,96080,55763772,24843131,64790,96080,55763772,24843131,204571,83074,121498,https://raw.githubusercontent.com/pcm-dpc/COVID-19/master/dati-json/dpc-covid19-ita-andamento-nazionale-latest.json,0.5972524398582707
Italy,2021-08-16,80680924,80680924,74021,55801186,24879738,37414,36607,55801186,24879738,37414,36607,55801186,24879738,200451,82272,118179,https://raw.githubusercontent.com/pcm-dpc/COVID-19/master/dati-json/dpc-covid19-ita-andamento-nazionale-latest.json,0.49454884424690293
Italy,2021-08-17,80918997,80918997,238073,55887829,25031168,86643,151430,55887829,25031168,86643,151430,55887829,25031168,234461,94649,139812,https://raw.githubusercontent.com/pcm-dpc/COVID-19/master/dati-json/dpc-covid19-ita-andamento-nazionale-latest.json,0.6360654085091547
Italy,2021-08-18,81145420,81145420,226423,55987914,25157506,100085,126338,55987914,25157506,100085,126338,55987914,25157506,199407,81182,118224,https://raw.githubusercontent.com/pcm-dpc/COVID-19/master/dati-json/dpc-covid19-ita-andamento-nazionale-latest.json,0.5579733507638358
Italy,2021-08-19,81351951,81351951,206531,56076867,25275084,88953,117578,56076867,25275084,88953,117578,56076867,25275084,197916,80533,117383,https://raw.githubusercontent.com/pcm-dpc/COVID-19/master/dati-json/dpc-covid19-ita-andamento-nazionale-latest.json,0.5692995240423956
Italy,2021-08-20,81572607,81572607,220656,56162599,25410008,85732,134924,56162599,25410008,85732,134924,56162599,25410008,197226,79118,118108,https://raw.githubusercontent.com/pcm-dpc/COVID-19/master/dati-json/dpc-covid19-ita-andamento-nazionale-latest.json,0.6114676238126314
Italy,2021-08-21,81827825,81827825,255218,56252852,25574973,90253,164965,56252852,25574973,90253,164965,56252852,25574973,197399,79124,118275,https://raw.githubusercontent.com/pcm-dpc/COVID-19/master/dati-json/dpc-covid19-ita-andamento-nazionale-latest.json,0.6463689865134904
Italy,2021-08-22,82003364,82003364,175539,56322084,25681280,69232,106307,56322084,25681280,69232,106307,56322084,25681280,199494,79759,119736,https://raw.githubusercontent.com/pcm-dpc/COVID-19/master/dati-json/dpc-covid19-ita-andamento-nazionale-latest.json,0.605603313223842
Italy,2021-08-23,82104705,82104705,101341,56364064,25740641,41980,59361,56364064,25740641,41980,59361,56364064,25740641,203397,80411,122986,https://raw.githubusercontent.com/pcm-dpc/COVID-19/master/dati-json/dpc-covid19-ita-andamento-nazionale-latest.json,0.5857550251132315
Italy,2021-08-24,82370951,82370951,266246,56461924,25909027,97860,168386,56461924,25909027,97860,168386,56461924,25909027,207422,82014,125408,https://raw.githubusercontent.com/pcm-dpc/COVID-19/master/dati-json/dpc-covid19-ita-andamento-nazionale-latest.json,0.6324451822750389
Italy,2021-08-25,82615371,82615371,244420,56574161,26041210,112237,132183,56574161,26041210,112237,132183,56574161,26041210,209993,83750,126243,https://raw.githubusercontent.com/pcm-dpc/COVID-19/master/dati-json/dpc-covid19-ita-andamento-nazionale-latest.json,0.5408027166352999
Italy,2021-08-26,82836243,82836243,220872,56670393,26165850,96232,124640,56670393,26165850,96232,124640,56670393,26165850,212042,84789,127252,https://raw.githubusercontent.com/pcm-dpc/COVID-19/master/dati-json/dpc-covid19-ita-andamento-nazionale-latest.json,0.5643087399036546
Italy,2021-08-27,83101723,83101723,265480,56770912,26330811,100519,164961,56770912,26330811,100519,164961,56770912,26330811,218445,86902,131543,https://raw.githubusercontent.com/pcm-dpc/COVID-19/master/dati-json/dpc-covid19-ita-andamento-nazionale-latest.json,0.6213688413439807
Italy,2021-08-28,83395187,83395187,293464,56866439,26528748,95527,197937,56866439,26528748,95527,197937,56866439,26528748,223909,87655,136254,https://raw.githubusercontent.com/pcm-dpc/COVID-19/master/dati-json/dpc-covid19-ita-andamento-nazionale-latest.json,0.6744847749638797
Italy,2021-08-29,83618273,83618273,223086,56947693,26670580,81254,141832,56947693,26670580,81254,141832,56947693,26670580,230701,89373,141329,https://raw.githubusercontent.com/pcm-dpc/COVID-19/master/dati-json/dpc-covid19-ita-andamento-nazionale-latest.json,0.6357727513156362
Italy,2021-08-30,83728076,83728076,109803,56997959,26730117,50266,59537,56997959,26730117,50266,59537,56997959,26730117,231910,90556,141354,https://raw.githubusercontent.com/pcm-dpc/COVID-19/master/dati-json/dpc-covid19-ita-andamento-nazionale-latest.json,0.5422165150314654
Italy,2021-08-31,84035719,84035719,307643,57111626,26924093,113667,193976,57111626,26924093,113667,193976,57111626,26924093,237824,92815,145009,https://raw.githubusercontent.com/pcm-dpc/COVID-19/master/dati-json/dpc-covid19-ita-andamento-nazionale-latest.json,0.6305230413173711
Italy,2021-09-01,84339436,84339436,303717,57232920,27106516,121294,182423,57232920,27106516,121294,182423,57232920,27106516,246295,94108,152187,https://raw.githubusercontent.com/pcm-dpc/COVID-19/master/dati-json/dpc-covid19-ita-andamento-nazionale-latest.json,0.6006348014763744
Italy,2021-09-02,84632503,84632503,293067,57350136,27282367,117216,175851,57350136,27282367,117216,175851,57350136,27282367,256609,97106,159502,https://raw.githubusercontent.com/pcm-dpc/COVID-19/master/dati-json/dpc-covid19-ita-andamento-nazionale-latest.json,0.6000368516414335
Italy,2021-09-03,84928897,84928897,296394,57475534,27453363,125398,170996,57475534,27453363,125398,170996,57475534,27453363,261025,100660,160365,https://raw.githubusercontent.com/pcm-dpc/COVID-19/master/dati-json/dpc-covid19-ita-andamento-nazionale-latest.json,0.5769212602144443
Italy,2021-09-04,85260247,85260247,331350,57568980,27691267,93446,237904,57568980,27691267,93446,237904,57568980,27691267,266437,100363,166074,https://raw.githubusercontent.com/pcm-dpc/COVID-19/master/dati-json/dpc-covid19-ita-andamento-nazionale-latest.json,0.7179840048287309
Italy,2021-09-05,85520003,85520003,259756,57647826,27872177,78846,180910,57647826,27872177,78846,180910,57647826,27872177,271676,100019,171657,https://raw.githubusercontent.com/pcm-dpc/COVID-19/master/dati-json/dpc-covid19-ita-andamento-nazionale-latest.json,0.6964612944455566
Italy,2021-09-06,85654396,85654396,134393,57696131,27958265,48305,86088,57696131,27958265,48305,86088,57696131,27958265,275189,99739,175450,https://raw.githubusercontent.com/pcm-dpc/COVID-19/master/dati-json/dpc-covid19-ita-andamento-nazionale-latest.json,0.6405690772584882
Italy,2021-09-07,85973261,85973261,318865,57802636,28170625,106505,212360,57802636,28170625,106505,212360,57802636,28170625,276792,98716,178076,https://raw.githubusercontent.com/pcm-dpc/COVID-19/master/dati-json/dpc-covid19-ita-andamento-nazionale-latest.json,0.6659871732551393
Italy,2021-09-08,86275241,86275241,301980,57934218,28341023,131582,170398,57934218,28341023,131582,170398,57934218,28341023,276544,100185,176358,https://raw.githubusercontent.com/pcm-dpc/COVID-19/master/dati-json/dpc-covid19-ita-andamento-nazionale-latest.json,0.5642691568978078
Italy,2021-09-09,86566709,86566709,291468,58047899,28518810,113681,177787,58047899,28518810,113681,177787,58047899,28518810,276315,99680,176635,https://raw.githubusercontent.com/pcm-dpc/COVID-19/master/dati-json/dpc-covid19-ita-andamento-nazionale-latest.json,0.6099709058970453
Italy,2021-09-10,86852737,86852737,286028,58154366,28698371,106467,179561,58154366,28698371,106467,179561,58154366,28698371,274834,96976,177858,https://raw.githubusercontent.com/pcm-dpc/COVID-19/master/dati-json/dpc-covid19-ita-andamento-nazionale-latest.json,0.6277742039240913
Italy,2021-09-11,87186478,87186478,333741,58258247,28928231,103881,229860,58258247,28928231,103881,229860,58258247,28928231,275176,98467,176709,https://raw.githubusercontent.com/pcm-dpc/COVID-19/master/dati-json/dpc-covid19-ita-andamento-nazionale-latest.json,0.6887376738249121
Italy,2021-09-12,87453836,87453836,267358,58348470,29105366,90223,177135,58348470,29105366,90223,177135,58348470,29105366,276262,100092,176170,https://raw.githubusercontent.com/pcm-dpc/COVID-19/master/dati-json/dpc-covid19-ita-andamento-nazionale-latest.json,0.6625386186311987
Italy,2021-09-13,87573881,87573881,120045,58398719,29175162,50249,69796,58398719,29175162,50249,69796,58398719,29175162,274212,100370,173842,https://raw.githubusercontent.com/pcm-dpc/COVID-19/master/dati-json/dpc-covid19-ita-andamento-nazionale-latest.json,0.5814153025948603
Italy,2021-09-14,87892474,87892474,318593,58507212,29385262,108493,210100,58507212,29385262,108493,210100,58507212,29385262,274173,100654,173520,https://raw.githubusercontent.com/pcm-dpc/COVID-19/master/dati-json/dpc-covid19-ita-andamento-nazionale-latest.json,0.6594620722991403
Italy,2021-09-15,88210140,88210140,317666,58633294,29576846,126082,191584,58633294,29576846,126082,191584,58633294,29576846,276414,99868,176546,https://raw.githubusercontent.com/pcm-dpc/COVID-19/master/dati-json/dpc-covid19-ita-andamento-nazionale-latest.json,0.6030988522536249
Italy,2021-09-16,88516407,88516407,306267,58745788,29770619,112494,193773,58745788,29770619,112494,193773,58745788,29770619,278528,99698,178830,https://raw.githubusercontent.com/pcm-dpc/COVID-19/master/dati-json/dpc-covid19-ita-andamento-nazionale-latest.json,0.6326930423454045
Italy,2021-09-17,88800986,88800986,284579,58845032,29955954,99244,185335,58845032,29955954,99244,185335,58845032,29955954,278321,98667,179655,https://raw.githubusercontent.com/pcm-dpc/COVID-19/master/dati-json/dpc-covid19-ita-andamento-nazionale-latest.json,0.6512602827334413
Italy,2021-09-18,89156919,89156919,355933,58960530,30196389,115498,240435,58960530,30196389,115498,240435,58960530,30196389,281492,100326,181165,https://raw.githubusercontent.com/pcm-dpc/COVID-19/master/dati-json/dpc-covid19-ita-andamento-nazionale-latest.json,0.6755063452953224
Italy,2021-09-19,89420490,89420490,263571,59041923,30378567,81393,182178,59041923,30378567,81393,182178,59041923,30378567,280951,99065,181886,https://raw.githubusercontent.com/pcm-dpc/COVID-19/master/dati-json/dpc-covid19-ita-andamento-nazionale-latest.json,0.6911913677908419
Italy,2021-09-20,89542931,89542931,122441,59091430,30451501,49507,72934,59091430,30451501,49507,72934,59091430,30451501,281293,98959,182334,https://raw.githubusercontent.com/pcm-dpc/COVID-19/master/dati-json/dpc-covid19-ita-andamento-nazionale-latest.json,0.5956664842658913
Italy,2021-09-21,89873206,89873206,330275,59203516,30669690,112086,218189,59203516,30669690,112086,218189,59203516,30669690,282962,99472,183490,https://raw.githubusercontent.com/pcm-dpc/COVID-19/master/dati-json/dpc-covid19-ita-andamento-nazionale-latest.json,0.6606282643251835
Italy,2021-09-22,90166078,90166078,292872,59327279,30838799,123763,169109,59327279,30838799,123763,169109,59327279,30838799,279420,99141,180279,https://raw.githubusercontent.com/pcm-dpc/COVID-19/master/dati-json/dpc-covid19-ita-andamento-nazionale-latest.json,0.5774160725504658
Italy,2021-09-23,90487632,90487632,321554,59450226,31037406,122947,198607,59450226,31037406,122947,198607,59450226,31037406,281604,100634,180970,https://raw.githubusercontent.com/pcm-dpc/COVID-19/master/dati-json/dpc-covid19-ita-andamento-nazionale-latest.json,0.6176474246938306
Italy,2021-09-24,90765140,90765140,277508,59546939,31218201,96713,180795,59546939,31218201,96713,180795,59546939,31218201,280593,100272,180321,https://raw.githubusercontent.com/pcm-dpc/COVID-19/master/dati-json/dpc-covid19-ita-andamento-nazionale-latest.json,0.6514947316834109
Italy,2021-09-25,91122631,91122631,357491,59652090,31470541,105151,252340,59652090,31470541,105151,252340,59652090,31470541,280816,98794,182022,https://raw.githubusercontent.com/pcm-dpc/COVID-19/master/dati-json/dpc-covid19-ita-andamento-nazionale-latest.json,0.7058639238470339
Italy,2021-09-26,91398852,91398852,276221,59739534,31659318,87444,188777,59739534,31659318,87444,188777,59739534,31659318,282623,99659,182964,https://raw.githubusercontent.com/pcm-dpc/COVID-19/master/dati-json/dpc-covid19-ita-andamento-nazionale-latest.json,0.6834274005234938
Italy,2021-09-27,91522929,91522929,124077,59787712,31735217,48178,75899,59787712,31735217,48178,75899,59787712,31735217,282857,99469,183388,https://raw.githubusercontent.com/pcm-dpc/COVID-19/master/dati-json/dpc-covid19-ita-andamento-nazionale-latest.json,0.6117088582090153
Italy,2021-09-28,91861354,91861354,338425,59905325,31956029,117613,220812,59905325,31956029,117613,220812,59905325,31956029,284021,100258,183763,https://raw.githubusercontent.com/pcm-dpc/COVID-19/master/dati-json/dpc-covid19-ita-andamento-nazionale-latest.json,0.6524695279604048
Italy,2021-09-29,92156806,92156806,295452,60028656,32128150,123331,172121,60028656,32128150,123331,172121,60028656,32128150,284390,100197,184193,https://raw.githubusercontent.com/pcm-dpc/COVID-19/master/dati-json/dpc-covid19-ita-andamento-nazionale-latest.json,0.582568403666247
Italy,2021-09-30,92465642,92465642,308836,60150908,32314734,122252,186584,60150908,32314734,122252,186584,60150908,32314734,282573,100097,182475,https://raw.githubusercontent.com/pcm-dpc/COVID-19/master/dati-json/dpc-covid19-ita-andamento-nazionale-latest.json,0.6041523656568535
Italy,2021-10-01,92759111,92759111,293469,60259807,32499304,108899,184570,60259807,32499304,108899,184570,60259807,32499304,284853,101838,183015,https://raw.githubusercontent.com/pcm-dpc/COVID-19/master/dati-json/dpc-covid19-ita-andamento-nazionale-latest.json,0.6289250312639495
Italy,2021-10-02,93115007,93115007,355896,60372560,32742447,112753,243143,60372560,32742447,112753,243143,60372560,32742447,284625,102924,181701,https://raw.githubusercontent.com/pcm-dpc/COVID-19/master/dati-json/dpc-covid19-ita-andamento-nazionale-latest.json,0.6831855373479893
Italy,2021-10-03,93400967,93400967,285960,60459617,32941350,87057,198903,60459617,32941350,87057,198903,60459617,32941350,286016,102869,183147,https://raw.githubusercontent.com/pcm-dpc/COVID-19/master/dati-json/dpc-covid19-ita-andamento-nazionale-latest.json,0.6955623164078892
Italy,2021-10-04,93523181,93523181,122214,60510390,33012791,50773,71441,60510390,33012791,50773,71441,60510390,33012791,285750,103240,182511,https://raw.githubusercontent.com/pcm-dpc/COVID-19/master/dati-json/dpc-covid19-ita-andamento-nazionale-latest.json,0.584556597443828
Italy,2021-10-05,93845463,93845463,322282,60615507,33229956,105117,217165,60615507,33229956,105117,217165,60615507,33229956,283444,101455,181990,https://raw.githubusercontent.com/pcm-dpc/COVID-19/master/dati-json/dpc-covid19-ita-andamento-nazionale-latest.json,0.6738353367547676
Italy,2021-10-06,94147236,94147236,301773,60748686,33398550,133179,168594,60748686,33398550,133179,168594,60748686,33398550,284347,102861,181486,https://raw.githubusercontent.com/pcm-dpc/COVID-19/master/dati-json/dpc-covid19-ita-andamento-nazionale-latest.json,0.5586782117684485
Italy,2021-10-07,94444592,94444592,297356,60863483,33581109,114797,182559,60863483,33581109,114797,182559,60863483,33581109,282707,101796,180911,https://raw.githubusercontent.com/pcm-dpc/COVID-19/master/dati-json/dpc-covid19-ita-andamento-nazionale-latest.json,0.6139408654945587
Italy,2021-10-08,94716158,94716158,271566,60971361,33744797,107878,163688,60971361,33744797,107878,163688,60971361,33744797,279578,101651,177928,https://raw.githubusercontent.com/pcm-dpc/COVID-19/master/dati-json/dpc-covid19-ita-andamento-nazionale-latest.json,0.6027558678185045
Italy,2021-10-09,95061127,95061127,344969,61075375,33985752,104014,240955,61075375,33985752,104014,240955,61075375,33985752,278017,100402,177615,https://raw.githubusercontent.com/pcm-dpc/COVID-19/master/dati-json/dpc-covid19-ita-andamento-nazionale-latest.json,0.6984830521003337
Italy,2021-10-10,95331171,95331171,270044,61154936,34176235,79561,190483,61154936,34176235,79561,190483,61154936,34176235,275743,99331,176412,https://raw.githubusercontent.com/pcm-dpc/COVID-19/master/dati-json/dpc-covid19-ita-andamento-nazionale-latest.json,0.705377642162018
Italy,2021-10-11,95445947,95445947,114776,61203810,34242137,48874,65902,61203810,34242137,48874,65902,61203810,34242137,274681,99060,175621,https://raw.githubusercontent.com/pcm-dpc/COVID-19/master/dati-json/dpc-covid19-ita-andamento-nazionale-latest.json,0.57417927092772
Italy,2021-10-12,95761232,95761232,315285,61308451,34452781,104641,210644,61308451,34452781,104641,210644,61308451,34452781,273681,98992,174689,https://raw.githubusercontent.com/pcm-dpc/COVID-19/master/dati-json/dpc-covid19-ita-andamento-nazionale-latest.json,0.6681066336806382
Italy,2021-10-13,96040177,96040177,278945,61428982,34611195,120531,158414,61428982,34611195,120531,158414,61428982,34611195,270420,97185,173235,https://raw.githubusercontent.com/pcm-dpc/COVID-19/master/dati-json/dpc-covid19-ita-andamento-nazionale-latest.json,0.5679040671100037
Italy,2021-10-14,96364791,96364791,324614,61540896,34823895,111914,212700,61540896,34823895,111914,212700,61540896,34823895,274314,96773,177541,https://raw.githubusercontent.com/pcm-dpc/COVID-19/master/dati-json/dpc-covid19-ita-andamento-nazionale-latest.json,0.6552397616861872
Italy,2021-10-15,96870834,96870834,506043,61650555,35220279,109659,396384,61650555,35220279,109659,396384,61650555,35220279,307811,97028,210783,https://raw.githubusercontent.com/pcm-dpc/COVID-19/master/dati-json/dpc-covid19-ita-andamento-nazionale-latest.json,0.7833010238260385
Italy,2021-10-16,97343369,97343369,472535,61765276,35578093,114721,357814,61765276,35578093,114721,357814,61765276,35578093,326035,98557,227477,https://raw.githubusercontent.com/pcm-dpc/COVID-19/master/dati-json/dpc-covid19-ita-andamento-nazionale-latest.json,0.7572222163437629
Italy,2021-10-17,97724420,97724420,381051,61844834,35879586,79558,301493,61844834,35879586,79558,301493,61844834,35879586,341893,98557,243336,https://raw.githubusercontent.com/pcm-dpc/COVID-19/master/dati-json/dpc-covid19-ita-andamento-nazionale-latest.json,0.7912142993982433
Italy,2021-10-18,97944298,97944298,219878,61889258,36055040,44424,175454,61889258,36055040,44424,175454,61889258,36055040,356907,97921,258986,https://raw.githubusercontent.com/pcm-dpc/COVID-19/master/dati-json/dpc-covid19-ita-andamento-nazionale-latest.json,0.7979606872902246
Italy,2021-10-19,98606298,98606298,662000,62002436,36603862,113178,548822,62002436,36603862,113178,548822,62002436,36603862,406438,99141,307297,https://raw.githubusercontent.com/pcm-dpc/COVID-19/master/dati-json/dpc-covid19-ita-andamento-nazionale-latest.json,0.8290362537764351
Italy,2021-10-20,99091911,99091911,485613,62124122,36967789,121686,363927,62124122,36967789,121686,363927,62124122,36967789,435962,99306,336656,https://raw.githubusercontent.com/pcm-dpc/COVID-19/master/dati-json/dpc-covid19-ita-andamento-nazionale-latest.json,0.7494177462300227
Italy,2021-10-21,99666582,99666582,574671,62238970,37427612,114848,459823,62238970,37427612,114848,459823,62238970,37427612,471684,99725,371960,https://raw.githubusercontent.com/pcm-dpc/COVID-19/master/dati-json/dpc-covid19-ita-andamento-nazionale-latest.json,0.800149998868918
Italy,2021-10-22,100153800,100153800,487218,62351624,37802176,112654,374564,62351624,37802176,112654,374564,62351624,37802176,468995,100153,368842,https://raw.githubusercontent.com/pcm-dpc/COVID-19/master/dati-json/dpc-covid19-ita-andamento-nazionale-latest.json,0.7687811205661531
Italy,2021-10-23,100645374,100645374,491574,62457189,38188185,105565,386009,62457189,38188185,105565,386009,62457189,38188185,471715,98845,372870,https://raw.githubusercontent.com/pcm-dpc/COVID-19/master/dati-json/dpc-covid19-ita-andamento-nazionale-latest.json,0.785251050706506
Italy,2021-10-24,101049089,101049089,403715,62540445,38508644,83256,320459,62540445,38508644,83256,320459,62540445,38508644,474953,99373,375580,https://raw.githubusercontent.com/pcm-dpc/COVID-19/master/dati-json/dpc-covid19-ita-andamento-nazionale-latest.json,0.7937753117917342
Italy,2021-10-25,101271474,101271474,222385,62589472,38682002,49027,173358,62589472,38682002,49027,173358,62589472,38682002,475311,100031,375280,https://raw.githubusercontent.com/pcm-dpc/COVID-19/master/dati-json/dpc-covid19-ita-andamento-nazionale-latest.json,0.7795399869595522
Italy,2021-10-26,101911219,101911219,639745,62702807,39208412,113335,526410,62702807,39208412,113335,526410,62702807,39208412,472132,100053,372079,https://raw.githubusercontent.com/pcm-dpc/COVID-19/master/dati-json/dpc-covid19-ita-andamento-nazionale-latest.json,0.8228434766977467
Italy,2021-10-27,102379323,102379323,468104,62828246,39551077,125439,342665,62828246,39551077,125439,342665,62828246,39551077,469630,100589,369041,https://raw.githubusercontent.com/pcm-dpc/COVID-19/master/dati-json/dpc-covid19-ita-andamento-nazionale-latest.json,0.7320274981628014
Italy,2021-10-28,102949658,102949658,570335,62951716,39997942,123470,446865,62951716,39997942,123470,446865,62951716,39997942,469011,101821,367190,https://raw.githubusercontent.com/pcm-dpc/COVID-19/master/dati-json/dpc-covid19-ita-andamento-nazionale-latest.json,0.7835131983834063
Italy,2021-10-29,103424436,103424436,474778,63079137,40345299,127421,347357,63079137,40345299,127421,347357,63079137,40345299,467234,103930,363303,https://raw.githubusercontent.com/pcm-dpc/COVID-19/master/dati-json/dpc-covid19-ita-andamento-nazionale-latest.json,0.7316198307419468
Italy,2021-10-30,103901788,103901788,477352,63187420,40714368,108283,369069,63187420,40714368,108283,369069,63187420,40714368,465202,104319,360883,https://raw.githubusercontent.com/pcm-dpc/COVID-19/master/dati-json/dpc-covid19-ita-andamento-nazionale-latest.json,0.7731590105414872
Italy,2021-10-31,104251958,104251958,350170,63271453,40980505,84033,266137,63271453,40980505,84033,266137,63271453,40980505,457553,104430,353123,https://raw.githubusercontent.com/pcm-dpc/COVID-19/master/dati-json/dpc-covid19-ita-andamento-nazionale-latest.json,0.7600222748950509
Italy,2021-11-01,104398683,104398683,146725,63316846,41081837,45393,101332,63316846,41081837,45393,101332,63316846,41081837,446744,103911,342834,https://raw.githubusercontent.com/pcm-dpc/COVID-19/master/dati-json/dpc-covid19-ita-andamento-nazionale-latest.json,0.6906253194752088
Italy,2021-11-02,104637037,104637037,238354,63378327,41258710,61481,176873,63378327,41258710,61481,176873,63378327,41258710,389403,96503,292900,https://raw.githubusercontent.com/pcm-dpc/COVID-19/master/dati-json/dpc-covid19-ita-andamento-nazionale-latest.json,0.7420601290517466
Italy,2021-11-03,105354348,105354348,717311,63507841,41846507,129514,587797,63507841,41846507,129514,587797,63507841,41846507,425004,97085,327919,https://raw.githubusercontent.com/pcm-dpc/COVID-19/master/dati-json/dpc-covid19-ita-andamento-nazionale-latest.json,0.8194451221297318
Italy,2021-11-04,105868977,105868977,514629,63645336,42223641,137495,377134,63645336,42223641,137495,377134,63645336,42223641,417046,99089,317957,https://raw.githubusercontent.com/pcm-dpc/COVID-19/master/dati-json/dpc-covid19-ita-andamento-nazionale-latest.json,0.7328269491225718
Italy,2021-11-05,106412391,106412391,543414,63773771,42638620,128435,414979,63773771,42638620,128435,414979,63773771,42638620,426851,99233,327617,https://raw.githubusercontent.com/pcm-dpc/COVID-19/master/dati-json/dpc-covid19-ita-andamento-nazionale-latest.json,0.7636516541715892
Italy,2021-11-06,106904353,106904353,491962,63906880,42997473,133109,358853,63906880,42997473,133109,358853,63906880,42997473,428938,102780,326158,https://raw.githubusercontent.com/pcm-dpc/COVID-19/master/dati-json/dpc-covid19-ita-andamento-nazionale-latest.json,0.7294323545314475
Italy,2021-11-07,107339124,107339124,434771,64006304,43332820,99424,335347,64006304,43332820,99424,335347,64006304,43332820,441024,104979,336045,https://raw.githubusercontent.com/pcm-dpc/COVID-19/master/dati-json/dpc-covid19-ita-andamento-nazionale-latest.json,0.7713186942091353
Italy,2021-11-08,107588239,107588239,249115,64068951,43519288,62647,186468,64068951,43519288,62647,186468,64068951,43519288,455651,107444,348207,https://raw.githubusercontent.com/pcm-dpc/COVID-19/master/dati-json/dpc-covid19-ita-andamento-nazionale-latest.json,0.748521767055376
Italy,2021-11-09,108233928,108233928,645689,64198051,44035877,129100,516589,64198051,44035877,129100,516589,64198051,44035877,513842,117103,396738,https://raw.githubusercontent.com/pcm-dpc/COVID-19/master/dati-json/dpc-covid19-ita-andamento-nazionale-latest.json,0.8000585421154767
Italy,2021-11-10,108721546,108721546,487618,64344604,44376942,146553,341065,64344604,44376942,146553,341065,64344604,44376942,481028,119538,361491,https://raw.githubusercontent.com/pcm-dpc/COVID-19/master/dati-json/dpc-covid19-ita-andamento-nazionale-latest.json,0.6994512097584584
Italy,2021-11-11,109317358,109317358,595812,64490144,44827214,145540,450272,64490144,44827214,145540,450272,64490144,44827214,492626,120687,371939,https://raw.githubusercontent.com/pcm-dpc/COVID-19/master/dati-json/dpc-covid19-ita-andamento-nazionale-latest.json,0.7557283169858949
Italy,2021-11-12,109816293,109816293,498935,64623457,45192836,133313,365622,64623457,45192836,133313,365622,64623457,45192836,486272,121384,364888,https://raw.githubusercontent.com/pcm-dpc/COVID-19/master/dati-json/dpc-covid19-ita-andamento-nazionale-latest.json,0.7328048743824346
Italy,2021-11-13,110356664,110356664,540371,64758767,45597897,135310,405061,64758767,45597897,135310,405061,64758767,45597897,493187,121698,371489,https://raw.githubusercontent.com/pcm-dpc/COVID-19/master/dati-json/dpc-covid19-ita-andamento-nazionale-latest.json,0.7495979614005933
Italy,2021-11-14,110802257,110802257,445593,64864335,45937922,105568,340025,64864335,45937922,105568,340025,64864335,45937922,494733,122576,372157,https://raw.githubusercontent.com/pcm-dpc/COVID-19/master/dati-json/dpc-covid19-ita-andamento-nazionale-latest.json,0.7630842495281569
Italy,2021-11-15,111051082,111051082,248825,64929977,46121105,65642,183183,64929977,46121105,65642,183183,64929977,46121105,494692,123004,371688,https://raw.githubusercontent.com/pcm-dpc/COVID-19/master/dati-json/dpc-covid19-ita-andamento-nazionale-latest.json,0.7361921028835527
Italy,2021-11-16,111735792,111735792,684710,65078921,46656871,148944,535766,65078921,46656871,148944,535766,65078921,46656871,500266,125839,374428,https://raw.githubusercontent.com/pcm-dpc/COVID-19/master/dati-json/dpc-covid19-ita-andamento-nazionale-latest.json,0.7824714112543997
Italy,2021-11-17,112273557,112273557,537765,65254872,47018685,175951,361814,65254872,47018685,175951,361814,65254872,47018685,507430,130038,377392,https://raw.githubusercontent.com/pcm-dpc/COVID-19/master/dati-json/dpc-covid19-ita-andamento-nazionale-latest.json,0.6728106143017861
Italy,2021-11-18,112899331,112899331,625774,65417133,47482198,162261,463513,65417133,47482198,162261,463513,65417133,47482198,511710,132427,379283,https://raw.githubusercontent.com/pcm-dpc/COVID-19/master/dati-json/dpc-covid19-ita-andamento-nazionale-latest.json,0.7407035127697859
Italy,2021-11-19,113441297,113441297,541966,65576766,47864531,159633,382333,65576766,47864531,159633,382333,65576766,47864531,517858,136187,381671,https://raw.githubusercontent.com/pcm-dpc/COVID-19/master/dati-json/dpc-covid19-ita-andamento-nazionale-latest.json,0.7054556927925368
Italy,2021-11-20,114012631,114012631,571334,65732775,48279856,156009,415325,65732775,48279856,156009,415325,65732775,48279856,522281,139144,383137,https://raw.githubusercontent.com/pcm-dpc/COVID-19/master/dati-json/dpc-covid19-ita-andamento-nazionale-latest.json,0.7269390584141675
Italy,2021-11-21,114499740,114499740,487109,65859791,48639949,127016,360093,65859791,48639949,127016,360093,65859791,48639949,528212,142208,386004,https://raw.githubusercontent.com/pcm-dpc/COVID-19/master/dati-json/dpc-covid19-ita-andamento-nazionale-latest.json,0.7392452202689747
Italy,2021-11-22,114767310,114767310,267570,65933097,48834213,73306,194264,65933097,48834213,73306,194264,65933097,48834213,530890,143303,387587,https://raw.githubusercontent.com/pcm-dpc/COVID-19/master/dati-json/dpc-covid19-ita-andamento-nazionale-latest.json,0.7260305714392495
Italy,2021-11-23,115456590,115456590,689280,66090711,49365879,157614,531666,66090711,49365879,157614,531666,66090711,49365879,531543,144541,387001,https://raw.githubusercontent.com/pcm-dpc/COVID-19/master/dati-json/dpc-covid19-ita-andamento-nazionale-latest.json,0.7713353064066852
Italy,2021-11-24,116019095,116019095,562505,66278086,49741009,187375,375130,66278086,49741009,187375,375130,66278086,49741009,535077,146173,388903,https://raw.githubusercontent.com/pcm-dpc/COVID-19/master/dati-json/dpc-covid19-ita-andamento-nazionale-latest.json,0.6668918498502235
Italy,2021-11-25,116669093,116669093,649998,66454367,50214726,176281,473717,66454367,50214726,176281,473717,66454367,50214726,538537,148176,390361,https://raw.githubusercontent.com/pcm-dpc/COVID-19/master/dati-json/dpc-covid19-ita-andamento-nazionale-latest.json,0.7287976270696217
Italy,2021-11-26,117226273,117226273,557180,66622177,50604096,167810,389370,66622177,50604096,167810,389370,66622177,50604096,540711,149344,391366,https://raw.githubusercontent.com/pcm-dpc/COVID-19/master/dati-json/dpc-covid19-ita-andamento-nazionale-latest.json,0.6988226425930579
Italy,2021-11-27,117823171,117823171,596898,66793350,51029821,171173,425725,66793350,51029821,171173,425725,66793350,51029821,544363,151511,392852,https://raw.githubusercontent.com/pcm-dpc/COVID-19/master/dati-json/dpc-covid19-ita-andamento-nazionale-latest.json,0.7132290609115796
Italy,2021-11-28,118335763,118335763,512592,66928963,51406800,135613,376979,66928963,51406800,135613,376979,66928963,51406800,548003,152739,395264,https://raw.githubusercontent.com/pcm-dpc/COVID-19/master/dati-json/dpc-covid19-ita-andamento-nazionale-latest.json,0.7354367606205325
Italy,2021-11-29,118611763,118611763,276000,67009417,51602346,80454,195546,67009417,51602346,80454,195546,67009417,51602346,549208,153760,395448,https://raw.githubusercontent.com/pcm-dpc/COVID-19/master/dati-json/dpc-covid19-ita-andamento-nazionale-latest.json,0.7085
Italy,2021-11-30,119331735,119331735,719972,67180429,52151306,171012,548960,67180429,52151306,171012,548960,67180429,52151306,553592,155674,397918,https://raw.githubusercontent.com/pcm-dpc/COVID-19/master/dati-json/dpc-covid19-ita-andamento-nazionale-latest.json,0.7624740962148528
Italy,2021-12-01,119905510,119905510,573775,67376786,52528724,196357,377418,67376786,52528724,196357,377418,67376786,52528724,555202,156957,398245,https://raw.githubusercontent.com/pcm-dpc/COVID-19/master/dati-json/dpc-covid19-ita-andamento-nazionale-latest.json,0.6577804888675874
Italy,2021-12-02,120584972,120584972,679462,67574694,53010278,197908,481554,67574694,53010278,197908,481554,67574694,53010278,559411,160047,399365,https://raw.githubusercontent.com/pcm-dpc/COVID-19/master/dati-json/dpc-covid19-ita-andamento-nazionale-latest.json,0.7087283762741698
Italy,2021-12-03,121173417,121173417,588445,67759212,53414205,184518,403927,67759212,53414205,184518,403927,67759212,53414205,563878,162434,401444,https://raw.githubusercontent.com/pcm-dpc/COVID-19/master/dati-json/dpc-covid19-ita-andamento-nazionale-latest.json,0.686431187281734
Italy,2021-12-04,121810009,121810009,636592,67938532,53871477,179320,457272,67938532,53871477,179320,457272,67938532,53871477,569548,163597,405951,https://raw.githubusercontent.com/pcm-dpc/COVID-19/master/dati-json/dpc-covid19-ita-andamento-nazionale-latest.json,0.7183125141377837
Italy,2021-12-05,122335117,122335117,525108,68082495,54252622,143963,381145,68082495,54252622,143963,381145,68082495,54252622,571336,164790,406546,https://raw.githubusercontent.com/pcm-dpc/COVID-19/master/dati-json/dpc-covid19-ita-andamento-nazionale-latest.json,0.7258411602946442
Italy,2021-12-06,122636677,122636677,301560,68170338,54466339,87843,213717,68170338,54466339,87843,213717,68170338,54466339,574988,165846,409142,https://raw.githubusercontent.com/pcm-dpc/COVID-19/master/dati-json/dpc-covid19-ita-andamento-nazionale-latest.json,0.7087047353760446
Italy,2021-12-07,123331813,123331813,695136,68339652,54992161,169314,525822,68339652,54992161,169314,525822,68339652,54992161,571440,165603,405836,https://raw.githubusercontent.com/pcm-dpc/COVID-19/master/dati-json/dpc-covid19-ita-andamento-nazionale-latest.json,0.7564303963540947
Italy,2021-12-08,123896511,123896511,564698,68530979,55365532,191327,373371,68530979,55365532,191327,373371,68530979,55365532,570143,164885,405258,https://raw.githubusercontent.com/pcm-dpc/COVID-19/master/dati-json/dpc-covid19-ita-andamento-nazionale-latest.json,0.6611870415691219
Italy,2021-12-09,124209339,124209339,312828,68639490,55569849,108511,204317,68639490,55569849,108511,204317,68639490,55569849,517767,152114,365653,https://raw.githubusercontent.com/pcm-dpc/COVID-19/master/dati-json/dpc-covid19-ita-andamento-nazionale-latest.json,0.653128875931822
Italy,2021-12-10,124925626,124925626,716287,68822803,56102823,183313,532974,68822803,56102823,183313,532974,68822803,56102823,536030,151942,384088,https://raw.githubusercontent.com/pcm-dpc/COVID-19/master/dati-json/dpc-covid19-ita-andamento-nazionale-latest.json,0.7440788399063504
Italy,2021-12-11,125490703,125490703,565077,69019027,56471676,196224,368853,69019027,56471676,196224,368853,69019027,56471676,525813,154356,371457,https://raw.githubusercontent.com/pcm-dpc/COVID-19/master/dati-json/dpc-covid19-ita-andamento-nazionale-latest.json,0.6527482095360455
Italy,2021-12-12,125992518,125992518,501815,69174889,56817629,155862,345953,69174889,56817629,155862,345953,69174889,56817629,522486,156056,366430,https://raw.githubusercontent.com/pcm-dpc/COVID-19/master/dati-json/dpc-covid19-ita-andamento-nazionale-latest.json,0.6894034654205236
Italy,2021-12-13,126306054,126306054,313536,69269958,57036096,95069,218467,69269958,57036096,95069,218467,69269958,57036096,524197,157089,367108,https://raw.githubusercontent.com/pcm-dpc/COVID-19/master/dati-json/dpc-covid19-ita-andamento-nazionale-latest.json,0.6967844202898551
Italy,2021-12-14,127082617,127082617,776563,69458008,57624609,188050,588513,69458008,57624609,188050,588513,69458008,57624609,535829,159765,376064,https://raw.githubusercontent.com/pcm-dpc/COVID-19/master/dati-json/dpc-covid19-ita-andamento-nazionale-latest.json,0.7578432142659385
Italy,2021-12-15,127717255,127717255,634638,69677195,58040060,219187,415451,69677195,58040060,219187,415451,69677195,58040060,545821,163745,382075,https://raw.githubusercontent.com/pcm-dpc/COVID-19/master/dati-json/dpc-covid19-ita-andamento-nazionale-latest.json,0.6546267320897897
Italy,2021-12-16,128435536,128435536,718281,69890580,58544956,213385,504896,69890580,58544956,213385,504896,69890580,58544956,603742,178727,425015,https://raw.githubusercontent.com/pcm-dpc/COVID-19/master/dati-json/dpc-covid19-ita-andamento-nazionale-latest.json,0.7029226723246195
Italy,2021-12-17,129104696,129104696,669160,70101368,59003328,210788,458372,70101368,59003328,210788,458372,70101368,59003328,597010,182652,414358,https://raw.githubusercontent.com/pcm-dpc/COVID-19/master/dati-json/dpc-covid19-ita-andamento-nazionale-latest.json,0.6849961145316517
Italy,2021-12-18,129802436,129802436,697740,70319725,59482711,218357,479383,70319725,59482711,218357,479383,70319725,59482711,615962,185814,430148,https://raw.githubusercontent.com/pcm-dpc/COVID-19/master/dati-json/dpc-covid19-ita-andamento-nazionale-latest.json,0.687051050534583
Italy,2021-12-19,130368736,130368736,566300,70495451,59873285,175726,390574,70495451,59873285,175726,390574,70495451,59873285,625174,188652,436522,https://raw.githubusercontent.com/pcm-dpc/COVID-19/master/dati-json/dpc-covid19-ita-andamento-nazionale-latest.json,0.6896945082111955
Italy,2021-12-20,130705958,130705958,337222,70598903,60107055,103452,233770,70598903,60107055,103452,233770,70598903,60107055,628558,189849,438708,https://raw.githubusercontent.com/pcm-dpc/COVID-19/master/dati-json/dpc-covid19-ita-andamento-nazionale-latest.json,0.6932228620908482
Italy,2021-12-21,131557823,131557823,851865,70810613,60747210,211710,640155,70810613,60747210,211710,640155,70810613,60747210,639315,193229,446086,https://raw.githubusercontent.com/pcm-dpc/COVID-19/master/dati-json/dpc-covid19-ita-andamento-nazionale-latest.json,0.7514747054991108
Italy,2021-12-22,132337126,132337126,779303,71055692,61281434,245079,534224,71055692,61281434,245079,534224,71055692,61281434,659982,196928,463053,https://raw.githubusercontent.com/pcm-dpc/COVID-19/master/dati-json/dpc-covid19-ita-andamento-nazionale-latest.json,0.6855151333948413
Italy,2021-12-23,133238576,133238576,901450,71317437,61921139,261745,639705,71317437,61921139,261745,639705,71317437,61921139,686149,203837,482312,https://raw.githubusercontent.com/pcm-dpc/COVID-19/master/dati-json/dpc-covid19-ita-andamento-nazionale-latest.json,0.7096400244051251
Italy,2021-12-24,134168351,134168351,929775,71595127,62573224,277690,652085,71595127,62573224,277690,652085,71595127,62573224,723379,213394,509985,https://raw.githubusercontent.com/pcm-dpc/COVID-19/master/dati-json/dpc-covid19-ita-andamento-nazionale-latest.json,0.7013363448146057
Italy,2021-12-25,135138103,135138103,969752,71860000,63278103,264873,704879,71860000,63278103,264873,704879,71860000,63278103,762238,220039,542199,https://raw.githubusercontent.com/pcm-dpc/COVID-19/master/dati-json/dpc-covid19-ita-andamento-nazionale-latest.json,0.7268652191488133
Italy,2021-12-26,135355155,135355155,217052,71974179,63380976,114179,102873,71974179,63380976,114179,102873,71974179,63380976,712346,211247,501099,https://raw.githubusercontent.com/pcm-dpc/COVID-19/master/dati-json/dpc-covid19-ita-andamento-nazionale-latest.json,0.4739555498221624
Italy,2021-12-27,135699123,135699123,343968,72087933,63611190,113754,230214,72087933,63611190,113754,230214,72087933,63611190,713309,212719,500591,https://raw.githubusercontent.com/pcm-dpc/COVID-19/master/dati-json/dpc-covid19-ita-andamento-nazionale-latest.json,0.6692890036282445
Italy,2021-12-28,136733800,136733800,1034677,72335409,64398391,247476,787201,72335409,64398391,247476,787201,72335409,64398391,739425,217828,521597,https://raw.githubusercontent.com/pcm-dpc/COVID-19/master/dati-json/dpc-covid19-ita-andamento-nazionale-latest.json,0.7608181103861398
Italy,2021-12-29,137763229,137763229,1029429,72652945,65110284,317536,711893,72652945,65110284,317536,711893,72652945,65110284,775158,228179,546979,https://raw.githubusercontent.com/pcm-dpc/COVID-19/master/dati-json/dpc-covid19-ita-andamento-nazionale-latest.json,0.6915416216174209
Italy,2021-12-30,138913581,138913581,1150352,72990973,65922608,338028,812324,72990973,65922608,338028,812324,72990973,65922608,810715,239077,571638,https://raw.githubusercontent.com/pcm-dpc/COVID-19/master/dati-json/dpc-covid19-ita-andamento-nazionale-latest.json,0.7061525515668248
Italy,2021-12-31,140137606,140137606,1224025,73357137,66780469,366164,857861,73357137,66780469,366164,857861,73357137,66780469,852751,251716,601035,https://raw.githubusercontent.com/pcm-dpc/COVID-19/master/dati-json/dpc-covid19-ita-andamento-nazionale-latest.json,0.7008525152672536
Italy,2022-01-01,141221901,141221901,1084295,73690819,67531082,333682,750613,73690819,67531082,333682,750613,73690819,67531082,869114,261546,607568,https://raw.githubusercontent.com/pcm-dpc/COVID-19/master/dati-json/dpc-covid19-ita-andamento-nazionale-latest.json,0.6922590254497162
Italy,2022-01-02,141547196,141547196,325295,73856391,67690805,165572,159723,73856391,67690805,165572,159723,73856391,67690805,884577,268887,615690,https://raw.githubusercontent.com/pcm-dpc/COVID-19/master/dati-json/dpc-covid19-ita-andamento-nazionale-latest.json,0.49100969888870105
Italy,2022-01-03,141992517,141992517,445321,74013084,67979433,156693,288628,74013084,67979433,156693,288628,74013084,67979433,899056,275022,624035,https://raw.githubusercontent.com/pcm-dpc/COVID-19/master/dati-json/dpc-covid19-ita-andamento-nazionale-latest.json,0.6481347163057659
Italy,2022-01-04,143220927,143220927,1228410,74299160,68921767,286076,942334,74299160,68921767,286076,942334,74299160,68921767,926732,280536,646197,https://raw.githubusercontent.com/pcm-dpc/COVID-19/master/dati-json/dpc-covid19-ita-andamento-nazionale-latest.json,0.7671168420966941
Italy,2022-01-05,144315182,144315182,1094255,74662839,69652343,363679,730576,74662839,69652343,363679,730576,74662839,69652343,935993,287128,648866,https://raw.githubusercontent.com/pcm-dpc/COVID-19/master/dati-json/dpc-covid19-ita-andamento-nazionale-latest.json,0.6676469378709716
Italy,2022-01-06,145453492,145453492,1138310,75023110,70430382,360271,778039,75023110,70430382,360271,778039,75023110,70430382,934273,290305,643968,https://raw.githubusercontent.com/pcm-dpc/COVID-19/master/dati-json/dpc-covid19-ita-andamento-nazionale-latest.json,0.6835036150082139
Italy,2022-01-07,145945664,145945664,492172,75250881,70694783,227771,264401,75250881,70694783,227771,264401,75250881,70694783,829723,270535,559188,https://raw.githubusercontent.com/pcm-dpc/COVID-19/master/dati-json/dpc-covid19-ita-andamento-nazionale-latest.json,0.5372126004730053
Italy,2022-01-08,147165930,147165930,1220266,75568209,71597721,317328,902938,75568209,71597721,317328,902938,75568209,71597721,849147,268199,580948,https://raw.githubusercontent.com/pcm-dpc/COVID-19/master/dati-json/dpc-covid19-ita-andamento-nazionale-latest.json,0.7399517810051252
Italy,2022-01-09,148159131,148159131,993201,75856287,72302844,288078,705123,75856287,72302844,288078,705123,75856287,72302844,944562,285699,658863,https://raw.githubusercontent.com/pcm-dpc/COVID-19/master/dati-json/dpc-covid19-ita-andamento-nazionale-latest.json,0.7099499497080651
Italy,2022-01-10,148771952,148771952,612821,76085265,72686687,228978,383843,76085265,72686687,228978,383843,76085265,72686687,968491,296026,672465,https://raw.githubusercontent.com/pcm-dpc/COVID-19/master/dati-json/dpc-covid19-ita-andamento-nazionale-latest.json,0.6263541882539926
Italy,2022-01-11,150147466,150147466,1375514,76403257,73744209,317992,1057522,76403257,73744209,317992,1057522,76403257,73744209,989506,300585,688920,https://raw.githubusercontent.com/pcm-dpc/COVID-19/master/dati-json/dpc-covid19-ita-andamento-nazionale-latest.json,0.7688195103793927
Italy,2022-01-12,151338033,151338033,1190567,76764844,74573189,361587,828980,76764844,74573189,361587,828980,76764844,74573189,1003264,300286,702978,https://raw.githubusercontent.com/pcm-dpc/COVID-19/master/dati-json/dpc-covid19-ita-andamento-nazionale-latest.json,0.6962900869921642
Italy,2022-01-13,152519212,152519212,1181179,77098992,75420220,334148,847031,77098992,75420220,334148,847031,77098992,75420220,1009389,296555,712834,https://raw.githubusercontent.com/pcm-dpc/COVID-19/master/dati-json/dpc-covid19-ita-andamento-nazionale-latest.json,0.7171063826905152
Italy,2022-01-14,153651521,153651521,1132309,77413988,76237533,314996,817313,77413988,76237533,314996,817313,77413988,76237533,1100837,309015,791821,https://raw.githubusercontent.com/pcm-dpc/COVID-19/master/dati-json/dpc-covid19-ita-andamento-nazionale-latest.json,0.7218109191042374
Italy,2022-01-15,154869351,154869351,1217830,77738750,77130601,324762,893068,77738750,77130601,324762,893068,77738750,77130601,1100489,310077,790411,https://raw.githubusercontent.com/pcm-dpc/COVID-19/master/dati-json/dpc-covid19-ita-andamento-nazionale-latest.json,0.7333273116937503
Italy,2022-01-16,155797197,155797197,927846,77976882,77820315,238132,689714,77976882,77820315,238132,689714,77976882,77820315,1091152,302942,788210,https://raw.githubusercontent.com/pcm-dpc/COVID-19/master/dati-json/dpc-covid19-ita-andamento-nazionale-latest.json,0.743349650696344
Italy,2022-01-17,156338495,156338495,541298,78131373,78207122,154491,386807,78131373,78207122,154491,386807,78131373,78207122,1080935,292301,788634,https://raw.githubusercontent.com/pcm-dpc/COVID-19/master/dati-json/dpc-covid19-ita-andamento-nazionale-latest.json,0.7145915928010079
Italy,2022-01-18,157819844,157819844,1481349,78396506,79423338,265133,1216216,78396506,79423338,265133,1216216,78396506,79423338,1096054,284750,811304,https://raw.githubusercontent.com/pcm-dpc/COVID-19/master/dati-json/dpc-covid19-ita-andamento-nazionale-latest.json,0.8210192196437166
Italy,2022-01-19,159001733,159001733,1181889,78704737,80296996,308231,873658,78704737,80296996,308231,873658,78704737,80296996,1094814,277128,817687,https://raw.githubusercontent.com/pcm-dpc/COVID-19/master/dati-json/dpc-covid19-ita-andamento-nazionale-latest.json,0.7392047814980933
Italy,2022-01-20,160111999,160111999,1110266,78992687,81119312,287950,822316,78992687,81119312,287950,822316,78992687,81119312,1084684,270528,814156,https://raw.githubusercontent.com/pcm-dpc/COVID-19/master/dati-json/dpc-covid19-ita-andamento-nazionale-latest.json,0.74064773666851
Italy,2022-01-21,161229552,161229552,1117553,79260426,81969126,267739,849814,79260426,81969126,267739,849814,79260426,81969126,1082576,263777,818799,https://raw.githubusercontent.com/pcm-dpc/COVID-19/master/dati-json/dpc-covid19-ita-andamento-nazionale-latest.json,0.7604238904105667
Italy,2022-01-22,162273201,162273201,1043649,79521523,82751678,261097,782552,79521523,82751678,261097,782552,79521523,82751678,1057693,254682,803011,https://raw.githubusercontent.com/pcm-dpc/COVID-19/master/dati-json/dpc-covid19-ita-andamento-nazionale-latest.json,0.7498229768820743
Italy,2022-01-23,163206585,163206585,933384,79721198,83485387,199675,733709,79721198,83485387,199675,733709,79721198,83485387,1058484,249188,809296,https://raw.githubusercontent.com/pcm-dpc/COVID-19/master/dati-json/dpc-covid19-ita-andamento-nazionale-latest.json,0.7860741131195735
Italy,2022-01-24,163725878,163725878,519293,79854189,83871689,132991,386302,79854189,83871689,132991,386302,79854189,83871689,1055340,246117,809224,https://raw.githubusercontent.com/pcm-dpc/COVID-19/master/dati-json/dpc-covid19-ita-andamento-nazionale-latest.json,0.7438998792589155
Italy,2022-01-25,165123123,165123123,1397245,80111876,85011247,257687,1139558,80111876,85011247,257687,1139558,80111876,85011247,1043326,245053,798273,https://raw.githubusercontent.com/pcm-dpc/COVID-19/master/dati-json/dpc-covid19-ita-andamento-nazionale-latest.json,0.8155749349612988
Italy,2022-01-26,166244710,166244710,1121587,80372410,85872300,260534,861053,80372410,85872300,260534,861053,80372410,85872300,1034711,238239,796472,https://raw.githubusercontent.com/pcm-dpc/COVID-19/master/dati-json/dpc-covid19-ita-andamento-nazionale-latest.json,0.7677095044789214
Italy,2022-01-27,167284466,167284466,1039756,80606511,86677955,234101,805655,80606511,86677955,234101,805655,80606511,86677955,1024638,230546,794092,https://raw.githubusercontent.com/pcm-dpc/COVID-19/master/dati-json/dpc-covid19-ita-andamento-nazionale-latest.json,0.7748500609758443
Italy,2022-01-28,168335754,168335754,1051288,80837676,87498078,231165,820123,80837676,87498078,231165,820123,80837676,87498078,1015172,225321,789850,https://raw.githubusercontent.com/pcm-dpc/COVID-19/master/dati-json/dpc-covid19-ita-andamento-nazionale-latest.json,0.7801125857043931
Italy,2022-01-29,169335244,169335244,999490,81055511,88279733,217835,781655,81055511,88279733,217835,781655,81055511,88279733,1008863,219141,789722,https://raw.githubusercontent.com/pcm-dpc/COVID-19/master/dati-json/dpc-covid19-ita-andamento-nazionale-latest.json,0.7820538474622057
Italy,2022-01-30,170153413,170153413,818169,81225749,88927664,170238,647931,81225749,88927664,170238,647931,81225749,88927664,992404,214936,777468,https://raw.githubusercontent.com/pcm-dpc/COVID-19/master/dati-json/dpc-covid19-ita-andamento-nazionale-latest.json,0.7919280735398188
Italy,2022-01-31,170631727,170631727,478314,81342858,89288869,117109,361205,81342858,89288869,117109,361205,81342858,89288869,986550,212667,773883,https://raw.githubusercontent.com/pcm-dpc/COVID-19/master/dati-json/dpc-covid19-ita-andamento-nazionale-latest.json,0.7551629264458075
Italy,2022-02-01,171878714,171878714,1246987,81545324,90333390,202466,1044521,81545324,90333390,202466,1044521,81545324,90333390,965084,204778,760306,https://raw.githubusercontent.com/pcm-dpc/COVID-19/master/dati-json/dpc-covid19-ita-andamento-nazionale-latest.json,0.8376358374225232
Italy,2022-02-02,172843235,172843235,964521,81773768,91069467,228444,736077,81773768,91069467,228444,736077,81773768,91069467,942646,200194,742452,https://raw.githubusercontent.com/pcm-dpc/COVID-19/master/dati-json/dpc-covid19-ita-andamento-nazionale-latest.json,0.7631529018030712
Italy,2022-02-03,173758572,173758572,915337,81978831,91779741,205063,710274,81978831,91779741,205063,710274,81978831,91779741,924872,196046,728827,https://raw.githubusercontent.com/pcm-dpc/COVID-19/master/dati-json/dpc-covid19-ita-andamento-nazionale-latest.json,0.7759699433104966
Italy,2022-02-04,174643465,174643465,884893,82168606,92474859,189775,695118,82168606,92474859,189775,695118,82168606,92474859,901102,190133,710969,https://raw.githubusercontent.com/pcm-dpc/COVID-19/master/dati-json/dpc-covid19-ita-andamento-nazionale-latest.json,0.7855390425735089
Italy,2022-02-05,175489945,175489945,846480,82366772,93123173,198166,648314,82366772,93123173,198166,648314,82366772,93123173,879243,187323,691920,https://raw.githubusercontent.com/pcm-dpc/COVID-19/master/dati-json/dpc-covid19-ita-andamento-nazionale-latest.json,0.765894055382289
Italy,2022-02-06,176176489,176176489,686544,82517134,93659355,150362,536182,82517134,93659355,150362,536182,82517134,93659355,860439,184484,675956,https://raw.githubusercontent.com/pcm-dpc/COVID-19/master/dati-json/dpc-covid19-ita-andamento-nazionale-latest.json,0.7809870889556969
Italy,2022-02-07,176570152,176570152,393663,82605992,93964160,88858,304805,82605992,93964160,88858,304805,82605992,93964160,848346,180448,667899,https://raw.githubusercontent.com/pcm-dpc/COVID-19/master/dati-json/dpc-covid19-ita-andamento-nazionale-latest.json,0.7742790152998885
Italy,2022-02-08,177569247,177569247,999095,82785626,94783621,179634,819461,82785626,94783621,179634,819461,82785626,94783621,812933,177186,635747,https://raw.githubusercontent.com/pcm-dpc/COVID-19/master/dati-json/dpc-covid19-ita-andamento-nazionale-latest.json,0.8202032839719946
Italy,2022-02-09,178300531,178300531,731284,82976598,95323933,190972,540312,82976598,95323933,190972,540312,82976598,95323933,779614,171833,607781,https://raw.githubusercontent.com/pcm-dpc/COVID-19/master/dati-json/dpc-covid19-ita-andamento-nazionale-latest.json,0.7388538515816017
Italy,2022-02-10,178984246,178984246,683715,83142747,95841499,166149,517566,83142747,95841499,166149,517566,83142747,95841499,746525,166274,580251,https://raw.githubusercontent.com/pcm-dpc/COVID-19/master/dati-json/dpc-covid19-ita-andamento-nazionale-latest.json,0.7569908514512625
Italy,2022-02-11,179648032,179648032,663786,83313057,96334975,170310,493476,83313057,96334975,170310,493476,83313057,96334975,714938,163493,551445,https://raw.githubusercontent.com/pcm-dpc/COVID-19/master/dati-json/dpc-covid19-ita-andamento-nazionale-latest.json,0.7434263452377724
Italy,2022-02-12,180235677,180235677,587645,83484074,96751603,171017,416628,83484074,96751603,171017,416628,83484074,96751603,677962,159615,518347,https://raw.githubusercontent.com/pcm-dpc/COVID-19/master/dati-json/dpc-covid19-ita-andamento-nazionale-latest.json,0.7089790604871989
Italy,2022-02-13,180698558,180698558,462881,83603062,97095496,118988,343893,83603062,97095496,118988,343893,83603062,97095496,646010,155133,490877,https://raw.githubusercontent.com/pcm-dpc/COVID-19/master/dati-json/dpc-covid19-ita-andamento-nazionale-latest.json,0.7429404101702165
Italy,2022-02-14,180982449,180982449,283891,83677548,97304901,74486,209405,83677548,97304901,74486,209405,83677548,97304901,630328,153079,477249,https://raw.githubusercontent.com/pcm-dpc/COVID-19/master/dati-json/dpc-covid19-ita-andamento-nazionale-latest.json,0.7376246517149188
Italy,2022-02-15,181678193,181678193,695744,83819169,97859024,141621,554123,83819169,97859024,141621,554123,83819169,97859024,586992,147649,439343,https://raw.githubusercontent.com/pcm-dpc/COVID-19/master/dati-json/dpc-covid19-ita-andamento-nazionale-latest.json,0.796446681538037
Italy,2022-02-16,182233273,182233273,555080,83967772,98265501,148603,406477,83967772,98265501,148603,406477,83967772,98265501,561820,141596,420224,https://raw.githubusercontent.com/pcm-dpc/COVID-19/master/dati-json/dpc-covid19-ita-andamento-nazionale-latest.json,0.7322854363335015
Italy,2022-02-17,182771404,182771404,538131,84100681,98670723,132909,405222,84100681,98670723,132909,405222,84100681,98670723,541023,136848,404175,https://raw.githubusercontent.com/pcm-dpc/COVID-19/master/dati-json/dpc-covid19-ita-andamento-nazionale-latest.json,0.7530173879594374
Italy,2022-02-18,183281687,183281687,510283,84228399,99053288,127718,382565,84228399,99053288,127718,382565,84228399,99053288,519094,130763,388330,https://raw.githubusercontent.com/pcm-dpc/COVID-19/master/dati-json/dpc-covid19-ita-andamento-nazionale-latest.json,0.7497114346352907
Italy,2022-02-19,183773732,183773732,492045,84351579,99422153,123180,368865,84351579,99422153,123180,368865,84351579,99422153,505436,123929,381507,https://raw.githubusercontent.com/pcm-dpc/COVID-19/master/dati-json/dpc-covid19-ita-andamento-nazionale-latest.json,0.7496570435630887
Italy,2022-02-20,184146508,184146508,372776,84446773,99699735,95194,277582,84446773,99699735,95194,277582,84446773,99699735,492564,120530,372034,https://raw.githubusercontent.com/pcm-dpc/COVID-19/master/dati-json/dpc-covid19-ita-andamento-nazionale-latest.json,0.7446348477369787
Italy,2022-02-21,184378274,184378274,231766,84507224,99871050,60451,171315,84507224,99871050,60451,171315,84507224,99871050,485118,118525,366593,https://raw.githubusercontent.com/pcm-dpc/COVID-19/master/dati-json/dpc-covid19-ita-andamento-nazionale-latest.json,0.7391722685812414
Italy,2022-02-22,184981913,184981913,603639,84638245,100343668,131021,472618,84638245,100343668,131021,472618,84638245,100343668,471960,117011,354949,https://raw.githubusercontent.com/pcm-dpc/COVID-19/master/dati-json/dpc-covid19-ita-andamento-nazionale-latest.json,0.7829480865219113
Italy,2022-02-23,185461360,185461360,479447,84774479,100686881,136234,343213,84774479,100686881,136234,343213,84774479,100686881,461155,115244,345911,https://raw.githubusercontent.com/pcm-dpc/COVID-19/master/dati-json/dpc-covid19-ita-andamento-nazionale-latest.json,0.715851804266165
Italy,2022-02-24,185945890,185945890,484530,84894619,101051271,120140,364390,84894619,101051271,120140,364390,84894619,101051271,453498,113420,340078,https://raw.githubusercontent.com/pcm-dpc/COVID-19/master/dati-json/dpc-covid19-ita-andamento-nazionale-latest.json,0.7520483767774957
Italy,2022-02-25,186386005,186386005,440115,85013268,101372737,118649,321466,85013268,101372737,118649,321466,85013268,101372737,443474,112124,331350,https://raw.githubusercontent.com/pcm-dpc/COVID-19/master/dati-json/dpc-covid19-ita-andamento-nazionale-latest.json,0.7304136418890518
Italy,2022-02-26,186820082,186820082,434077,85121863,101698219,108595,325482,85121863,101698219,108595,325482,85121863,101698219,435193,110041,325152,https://raw.githubusercontent.com/pcm-dpc/COVID-19/master/dati-json/dpc-covid19-ita-andamento-nazionale-latest.json,0.749825491790627
Italy,2022-02-27,187137866,187137866,317784,85200886,101936980,79023,238761,85200886,101936980,79023,238761,85200886,101936980,427337,107730,319606,https://raw.githubusercontent.com/pcm-dpc/COVID-19/master/dati-json/dpc-covid19-ita-andamento-nazionale-latest.json,0.751331092817763
Italy,2022-02-28,187336379,187336379,198513,85251765,102084614,50879,147634,85251765,102084614,50879,147634,85251765,102084614,422586,106363,316223,https://raw.githubusercontent.com/pcm-dpc/COVID-19/master/dati-json/dpc-covid19-ita-andamento-nazionale-latest.json,0.7436994050767456
Italy,2022-03-01,187867237,187867237,530858,85369378,102497859,117613,413245,85369378,102497859,117613,413245,85369378,102497859,412189,104448,307742,https://raw.githubusercontent.com/pcm-dpc/COVID-19/master/dati-json/dpc-covid19-ita-andamento-nazionale-latest.json,0.778447343734106
Italy,2022-03-02,188282525,188282525,415288,85487020,102795505,117642,297646,85487020,102795505,117642,297646,85487020,102795505,403024,101792,301232,https://raw.githubusercontent.com/pcm-dpc/COVID-19/master/dati-json/dpc-covid19-ita-andamento-nazionale-latest.json,0.7167218893876057
Italy,2022-03-03,188713837,188713837,431312,85590680,103123157,103660,327652,85590680,103123157,103660,327652,85590680,103123157,395421,99437,295984,https://raw.githubusercontent.com/pcm-dpc/COVID-19/master/dati-json/dpc-covid19-ita-andamento-nazionale-latest.json,0.7596635382275476
Italy,2022-03-04,189102673,189102673,388836,85693793,103408880,103113,285723,85693793,103408880,103113,285723,85693793,103408880,388095,97218,290878,https://raw.githubusercontent.com/pcm-dpc/COVID-19/master/dati-json/dpc-covid19-ita-andamento-nazionale-latest.json,0.7348162207203037
Italy,2022-03-05,189484157,189484157,381484,85787000,103697157,93207,288277,85787000,103697157,93207,288277,85787000,103697157,380582,95020,285563,https://raw.githubusercontent.com/pcm-dpc/COVID-19/master/dati-json/dpc-covid19-ita-andamento-nazionale-latest.json,0.7556725839091548
Italy,2022-03-06,189780403,189780403,296246,85859150,103921253,72150,224096,85859150,103921253,72150,224096,85859150,103921253,377505,94038,283468,https://raw.githubusercontent.com/pcm-dpc/COVID-19/master/dati-json/dpc-covid19-ita-andamento-nazionale-latest.json,0.7564524077962234
Italy,2022-03-07,189968677,189968677,188274,85904001,104064676,44851,143423,85904001,104064676,44851,143423,85904001,104064676,376043,93177,282866,https://raw.githubusercontent.com/pcm-dpc/COVID-19/master/dati-json/dpc-covid19-ita-andamento-nazionale-latest.json,0.7617780468891084
Italy,2022-03-08,190499871,190499871,531194,86022321,104477550,118320,412874,86022321,104477550,118320,412874,86022321,104477550,376091,93278,282813,https://raw.githubusercontent.com/pcm-dpc/COVID-19/master/dati-json/dpc-covid19-ita-andamento-nazionale-latest.json,0.7772565202167193
Italy,2022-03-09,190933832,190933832,433961,86147575,104786257,125254,308707,86147575,104786257,125254,308707,86147575,104786257,378758,94365,284393,https://raw.githubusercontent.com/pcm-dpc/COVID-19/master/dati-json/dpc-covid19-ita-andamento-nazionale-latest.json,0.7113703766006623
Italy,2022-03-10,191387173,191387173,453341,86253299,105133874,105724,347617,86253299,105133874,105724,347617,86253299,105133874,381905,94660,287245,https://raw.githubusercontent.com/pcm-dpc/COVID-19/master/dati-json/dpc-covid19-ita-andamento-nazionale-latest.json,0.7667892381231788
Italy,2022-03-11,191812811,191812811,425638,86355379,105457432,102080,323558,86355379,105457432,102080,323558,86355379,105457432,387163,94512,292650,https://raw.githubusercontent.com/pcm-dpc/COVID-19/master/dati-json/dpc-covid19-ita-andamento-nazionale-latest.json,0.7601717891729591
Italy,2022-03-12,192230588,192230588,417777,86453597,105776991,98218,319559,86453597,105776991,98218,319559,86453597,105776991,392347,95228,297119,https://raw.githubusercontent.com/pcm-dpc/COVID-19/master/dati-json/dpc-covid19-ita-andamento-nazionale-latest.json,0.7649032857242022
Italy,2022-03-13,192560616,192560616,330028,86531713,106028903,78116,251912,86531713,106028903,78116,251912,86531713,106028903,397173,96080,301093,https://raw.githubusercontent.com/pcm-dpc/COVID-19/master/dati-json/dpc-covid19-ita-andamento-nazionale-latest.json,0.7633049317027646
Italy,2022-03-14,192765493,192765493,204877,86576281,106189212,44568,160309,86576281,106189212,44568,160309,86576281,106189212,399545,96040,303505,https://raw.githubusercontent.com/pcm-dpc/COVID-19/master/dati-json/dpc-covid19-ita-andamento-nazionale-latest.json,0.7824646007116465
Italy,2022-03-15,193352508,193352508,587015,86698487,106654021,122206,464809,86698487,106654021,122206,464809,86698487,106654021,407520,96595,310924,https://raw.githubusercontent.com/pcm-dpc/COVID-19/master/dati-json/dpc-covid19-ita-andamento-nazionale-latest.json,0.7918179262880847
Italy,2022-03-16,193843219,193843219,490711,86821819,107021400,123332,367379,86821819,107021400,123332,367379,86821819,107021400,415627,96321,319306,https://raw.githubusercontent.com/pcm-dpc/COVID-19/master/dati-json/dpc-covid19-ita-andamento-nazionale-latest.json,0.748666730519593
Italy,2022-03-17,194373101,194373101,529882,86936668,107436433,114849,415033,86936668,107436433,114849,415033,86936668,107436433,426561,97624,328937,https://raw.githubusercontent.com/pcm-dpc/COVID-19/master/dati-json/dpc-covid19-ita-andamento-nazionale-latest.json,0.7832555172661083
Italy,2022-03-18,194863984,194863984,490883,87043832,107820152,107164,383719,87043832,107820152,107164,383719,87043832,107820152,435882,98350,337531,https://raw.githubusercontent.com/pcm-dpc/COVID-19/master/dati-json/dpc-covid19-ita-andamento-nazionale-latest.json,0.7816913602630362
Lithuania,2021-03-24,2303779,2303779,9131,2255040,48739,8227,904,2255040,48739,8227,904,2255040,48739,NA,NA,NA,https://osp.stat.gov.lt/praejusios-paros-covid-19-statistika,0.09900339502792685
Lithuania,2021-03-25,2312965,2312965,9186,2263054,49911,8014,1172,2263054,49911,8014,1172,2263054,49911,NA,NA,NA,https://osp.stat.gov.lt/praejusios-paros-covid-19-statistika,0.1275854561288918
Lithuania,2021-03-26,2322847,2322847,9882,2271964,50883,8910,972,2271964,50883,8910,972,2271964,50883,NA,NA,NA,https://osp.stat.gov.lt/praejusios-paros-covid-19-statistika,0.09836065573770492
Lithuania,2021-03-27,2335804,2335804,12957,2281732,54072,9768,3189,2281732,54072,9768,3189,2281732,54072,NA,NA,NA,https://osp.stat.gov.lt/praejusios-paros-covid-19-statistika,0.2461217874507988
Lithuania,2021-03-28,2344310,2344310,8506,2289122,55188,7390,1116,2289122,55188,7390,1116,2289122,55188,NA,NA,NA,https://osp.stat.gov.lt/praejusios-paros-covid-19-statistika,0.13120150482012696
Lithuania,2021-03-29,2349847,2349847,5537,2293605,56242,4483,1054,2293605,56242,4483,1054,2293605,56242,NA,NA,NA,https://osp.stat.gov.lt/praejusios-paros-covid-19-statistika,0.19035578833303232
Lithuania,2021-03-30,2360989,2360989,11142,2301236,59753,7631,3511,2301236,59753,7631,3511,2301236,59753,9477,7775,1703,https://osp.stat.gov.lt/praejusios-paros-covid-19-statistika,0.3151139831269072
Lithuania,2021-03-31,2375342,2375342,14353,2311399,63943,10163,4190,2311399,63943,10163,4190,2311399,63943,10223,8051,2172,https://osp.stat.gov.lt/praejusios-paros-covid-19-statistika,0.29192503309412665
Lithuania,2021-04-01,2389769,2389769,14427,2321216,68553,9817,4610,2321216,68553,9817,4610,2321216,68553,10972,8309,2663,https://osp.stat.gov.lt/praejusios-paros-covid-19-statistika,0.31953975185416233
Lithuania,2021-04-02,2404822,2404822,15053,2331493,73329,10277,4776,2331493,73329,10277,4776,2331493,73329,11711,8504,3207,https://osp.stat.gov.lt/praejusios-paros-covid-19-statistika,0.31727894771806286
Lithuania,2021-04-03,2420206,2420206,15384,2341967,78239,10474,4910,2341967,78239,10474,4910,2341967,78239,12057,8605,3452,https://osp.stat.gov.lt/praejusios-paros-covid-19-statistika,0.31916276651066045
Lithuania,2021-04-04,2428457,2428457,8251,2347588,80869,5621,2630,2347588,80869,5621,2630,2347588,80869,12021,8352,3669,https://osp.stat.gov.lt/praejusios-paros-covid-19-statistika,0.3187492425160587
Lithuania,2021-04-05,2433337,2433337,4880,2351362,81975,3774,1106,2351362,81975,3774,1106,2351362,81975,11927,8251,3676,https://osp.stat.gov.lt/praejusios-paros-covid-19-statistika,0.2266393442622951
Lithuania,2021-04-06,2439009,2439009,5672,2355155,83854,3793,1879,2355155,83854,3793,1879,2355155,83854,11146,7703,3443,https://osp.stat.gov.lt/praejusios-paros-covid-19-statistika,0.33127644569816644
Lithuania,2021-04-07,2454232,2454232,15223,2364123,90109,8968,6255,2364123,90109,8968,6255,2364123,90109,11270,7532,3738,https://osp.stat.gov.lt/praejusios-paros-covid-19-statistika,0.41089141430729814
Lithuania,2021-04-08,2471587,2471587,17355,2374575,97012,10452,6903,2374575,97012,10452,6903,2374575,97012,11688,7623,4066,https://osp.stat.gov.lt/praejusios-paros-covid-19-statistika,0.39775280898876403
Lithuania,2021-04-09,2489297,2489297,17710,2385962,103335,11387,6323,2385962,103335,11387,6323,2385962,103335,12068,7781,4287,https://osp.stat.gov.lt/praejusios-paros-covid-19-statistika,0.357029926595144
Lithuania,2021-04-10,2507855,2507855,18558,2397265,110590,11303,7255,2397265,110590,11303,7255,2397265,110590,12521,7900,4622,https://osp.stat.gov.lt/praejusios-paros-covid-19-statistika,0.39093652333225565
Lithuania,2021-04-11,2519087,2519087,11232,2404313,114774,7048,4184,2404313,114774,7048,4184,2404313,114774,12947,8104,4844,https://osp.stat.gov.lt/praejusios-paros-covid-19-statistika,0.37250712250712253
Lithuania,2021-04-12,2527967,2527967,8880,2410591,117376,6278,2602,2410591,117376,6278,2602,2410591,117376,13519,8461,5057,https://osp.stat.gov.lt/praejusios-paros-covid-19-statistika,0.293018018018018
Lithuania,2021-04-13,2546234,2546234,18267,2421284,124950,10693,7574,2421284,124950,10693,7574,2421284,124950,15318,9447,5871,https://osp.stat.gov.lt/praejusios-paros-covid-19-statistika,0.4146274703016368
Lithuania,2021-04-14,2567678,2567678,21444,2434983,132695,13699,7745,2434983,132695,13699,7745,2434983,132695,16207,10123,6084,https://osp.stat.gov.lt/praejusios-paros-covid-19-statistika,0.36117328856556613
Lithuania,2021-04-15,2586250,2586250,18572,2445668,140582,10685,7887,2445668,140582,10685,7887,2445668,140582,16380,10156,6224,https://osp.stat.gov.lt/praejusios-paros-covid-19-statistika,0.42467154856773637
Lithuania,2021-04-16,2606339,2606339,20089,2457663,148676,11995,8094,2457663,148676,11995,8094,2457663,148676,16720,10243,6477,https://osp.stat.gov.lt/praejusios-paros-covid-19-statistika,0.4029070635671263
Lithuania,2021-04-17,2626203,2626203,19864,2469184,157019,11521,8343,2469184,157019,11521,8343,2469184,157019,16907,10274,6633,https://osp.stat.gov.lt/praejusios-paros-covid-19-statistika,0.42000604107933953
Lithuania,2021-04-18,2641378,2641378,15175,2478901,162477,9717,5458,2478901,162477,9717,5458,2478901,162477,17470,10655,6815,https://osp.stat.gov.lt/praejusios-paros-covid-19-statistika,0.359670510708402
Lithuania,2021-04-19,2650048,2650048,8670,2484198,165850,5297,3373,2484198,165850,5297,3373,2484198,165850,17440,10515,6925,https://osp.stat.gov.lt/praejusios-paros-covid-19-statistika,0.38904267589388697
Lithuania,2021-04-20,2669941,2669941,19893,2494915,175026,10717,9176,2494915,175026,10717,9176,2494915,175026,17672,10519,7154,https://osp.stat.gov.lt/praejusios-paros-covid-19-statistika,0.46126778263710855
Lithuania,2021-04-21,2669941,2669941,0,2494915,175026,0,0,2494915,175026,0,0,2494915,175026,14609,8562,6047,https://osp.stat.gov.lt/praejusios-paros-covid-19-statistika,0.46126778263710855
Lithuania,2021-04-22,2669941,2669941,0,2494915,175026,0,0,2494915,175026,0,0,2494915,175026,11956,7035,4921,https://osp.stat.gov.lt/praejusios-paros-covid-19-statistika,0.46126778263710855
Lithuania,2021-04-23,2669941,2669941,0,2494915,175026,0,0,2494915,175026,0,0,2494915,175026,9086,5322,3764,https://osp.stat.gov.lt/praejusios-paros-covid-19-statistika,0.46126778263710855
Lithuania,2021-04-24,2669941,2669941,0,2494915,175026,0,0,2494915,175026,0,0,2494915,175026,6248,3676,2572,https://osp.stat.gov.lt/praejusios-paros-covid-19-statistika,0.46126778263710855
Lithuania,2021-04-25,2669941,2669941,0,2494915,175026,0,0,2494915,175026,0,0,2494915,175026,4080,2288,1793,https://osp.stat.gov.lt/praejusios-paros-covid-19-statistika,0.46126778263710855
Lithuania,2021-04-26,2669941,2669941,0,2494915,175026,0,0,2494915,175026,0,0,2494915,175026,2842,1531,1311,https://osp.stat.gov.lt/praejusios-paros-covid-19-statistika,0.46126778263710855
Lithuania,2021-04-27,2818527,2818527,148586,2494915,175026,0,0,2574963,243564,80048,68538,2574963,243564,21227,11435,9791,https://osp.stat.gov.lt/praejusios-paros-covid-19-statistika,0.46126778263710855
Lithuania,2021-04-28,2818527,2818527,0,2494915,175026,0,0,2574963,243564,0,0,2574963,243564,21227,11435,9791,https://osp.stat.gov.lt/praejusios-paros-covid-19-statistika,0.46126778263710855
Lithuania,2021-04-29,2818527,2818527,0,2494915,175026,0,0,2574963,243564,0,0,2574963,243564,21227,11435,9791,https://osp.stat.gov.lt/praejusios-paros-covid-19-statistika,0.46126778263710855
Lithuania,2021-04-30,2818527,2818527,0,2494915,175026,0,0,2574963,243564,0,0,2574963,243564,21227,11435,9791,https://osp.stat.gov.lt/praejusios-paros-covid-19-statistika,0.46126778263710855
Lithuania,2021-05-01,2818527,2818527,0,2494915,175026,0,0,2574963,243564,0,0,2574963,243564,21227,11435,9791,https://osp.stat.gov.lt/praejusios-paros-covid-19-statistika,0.46126778263710855
Lithuania,2021-05-02,2818527,2818527,0,2494915,175026,0,0,2574963,243564,0,0,2574963,243564,21227,11435,9791,https://osp.stat.gov.lt/praejusios-paros-covid-19-statistika,0.46126778263710855
Lithuania,2021-05-03,2818527,2818527,0,2494915,175026,0,0,2574963,243564,0,0,2574963,243564,21227,11435,9791,https://osp.stat.gov.lt/praejusios-paros-covid-19-statistika,0.46126778263710855
Lithuania,2021-05-04,2818527,2818527,0,2494915,175026,0,0,2574963,243564,0,0,2574963,243564,0,0,0,https://osp.stat.gov.lt/praejusios-paros-covid-19-statistika,0.46126778263710855
Lithuania,2021-05-05,2818527,2818527,0,2494915,175026,0,0,2574963,243564,0,0,2574963,243564,0,0,0,https://osp.stat.gov.lt/praejusios-paros-covid-19-statistika,0.46126778263710855
Lithuania,2021-05-06,2818527,2818527,0,2494915,175026,0,0,2574963,243564,0,0,2574963,243564,0,0,0,https://osp.stat.gov.lt/praejusios-paros-covid-19-statistika,0.46126778263710855
Lithuania,2021-05-07,2818527,2818527,0,2494915,175026,0,0,2574963,243564,0,0,2574963,243564,0,0,0,https://osp.stat.gov.lt/praejusios-paros-covid-19-statistika,0.46126778263710855
Lithuania,2021-05-08,2818527,2818527,0,2494915,175026,0,0,2574963,243564,0,0,2574963,243564,0,0,0,https://osp.stat.gov.lt/praejusios-paros-covid-19-statistika,0.46126778263710855
Lithuania,2021-05-09,3066452,3066452,247925,2494915,175026,0,0,2708528,357924,133565,114360,2708528,357924,35418,19081,16337,https://osp.stat.gov.lt/praejusios-paros-covid-19-statistika,0.46126778263710855
Lithuania,2021-05-10,3066452,3066452,0,2494915,175026,0,0,2708528,357924,0,0,2708528,357924,35418,19081,16337,https://osp.stat.gov.lt/praejusios-paros-covid-19-statistika,0.46126778263710855
Lithuania,2021-05-11,3114785,3114785,48333,2494915,175026,0,0,2734567,380218,26039,22294,2734567,380218,42323,22801,19522,https://osp.stat.gov.lt/praejusios-paros-covid-19-statistika,0.46126778263710855
Lithuania,2021-05-12,3114785,3114785,0,2494915,175026,0,0,2734567,380218,0,0,2734567,380218,42323,22801,19522,https://osp.stat.gov.lt/praejusios-paros-covid-19-statistika,0.46126778263710855
Lithuania,2021-05-13,3114785,3114785,0,2494915,175026,0,0,2734567,380218,0,0,2734567,380218,42323,22801,19522,https://osp.stat.gov.lt/praejusios-paros-covid-19-statistika,0.46126778263710855
Lithuania,2021-05-14,3114785,3114785,0,2494915,175026,0,0,2734567,380218,0,0,2734567,380218,42323,22801,19522,https://osp.stat.gov.lt/praejusios-paros-covid-19-statistika,0.46126778263710855
Lithuania,2021-05-15,3200240,3200240,85455,2494915,175026,0,0,2780604,419636,46037,39418,2780604,419636,54530,29377,25153,https://osp.stat.gov.lt/praejusios-paros-covid-19-statistika,0.46126778263710855
Lithuania,2021-05-16,3200240,3200240,0,2494915,175026,0,0,2780604,419636,0,0,2780604,419636,19113,10297,8816,https://osp.stat.gov.lt/praejusios-paros-covid-19-statistika,0.46126778263710855
Lithuania,2021-05-17,3225539,3225539,25299,2494915,175026,0,0,2794233,431306,13629,11670,2794233,431306,22727,12244,10483,https://osp.stat.gov.lt/praejusios-paros-covid-19-statistika,0.46126778263710855
Lithuania,2021-05-18,3225539,3225539,0,2494915,175026,0,0,2794233,431306,0,0,2794233,431306,15822,8524,7298,https://osp.stat.gov.lt/praejusios-paros-covid-19-statistika,0.46126778263710855
Lithuania,2021-05-19,3248813,3248813,23274,2857438,391375,362523,216349,2808809,440004,14576,8698,2808809,440004,19147,10606,8541,https://osp.stat.gov.lt/praejusios-paros-covid-19-statistika,0.3737423817355132
Lithuania,2021-05-20,3278878,3278878,30065,2877262,401616,19824,10241,2828633,450245,19824,10241,2828633,450245,23442,13438,10004,https://osp.stat.gov.lt/praejusios-paros-covid-19-statistika,0.34062863795110593
Lithuania,2021-05-21,3299318,3299318,20440,2890942,408376,13680,6760,2842313,457005,13680,6760,2842313,457005,26362,15392,10970,https://osp.stat.gov.lt/praejusios-paros-covid-19-statistika,0.33072407045009783
Lithuania,2021-05-22,3326083,3326083,26765,2910693,415390,19751,7014,2862064,464019,19751,7014,2862064,464019,17978,11637,6340,https://osp.stat.gov.lt/praejusios-paros-covid-19-statistika,0.26205865869605827
Lithuania,2021-05-23,3336463,3336463,10380,2918151,418312,7458,2922,2869522,466941,7458,2922,2869522,466941,19460,12703,6758,https://osp.stat.gov.lt/praejusios-paros-covid-19-statistika,0.2815028901734104
Lithuania,2021-05-24,3342360,3342360,5897,2921301,421059,3150,2747,2872672,469688,3150,2747,2872672,469688,16689,11206,5483,https://osp.stat.gov.lt/praejusios-paros-covid-19-statistika,0.4658300830930982
Lithuania,2021-05-25,3362757,3362757,20397,2931594,431163,10293,10104,2882965,479792,10293,10104,2882965,479792,19603,12676,6927,https://osp.stat.gov.lt/praejusios-paros-covid-19-statistika,0.49536696573025446
Lithuania,2021-05-26,3389285,3389285,26528,2949292,439993,17698,8830,2900663,488622,17698,8830,2900663,488622,20067,13122,6945,https://osp.stat.gov.lt/praejusios-paros-covid-19-statistika,0.3328558504221954
Lithuania,2021-05-27,3416169,3416169,26884,2969165,447004,19873,7011,2920536,495633,19873,7011,2920536,495633,19613,13129,6484,https://osp.stat.gov.lt/praejusios-paros-covid-19-statistika,0.26078708525517036
Lithuania,2021-05-28,3438548,3438548,22379,2984755,453793,15590,6789,2936126,502422,15590,6789,2936126,502422,19890,13402,6488,https://osp.stat.gov.lt/praejusios-paros-covid-19-statistika,0.3033647616068636
Lithuania,2021-05-29,3464015,3464015,25467,3000383,463632,15628,9839,2951754,512261,15628,9839,2951754,512261,19705,12813,6892,https://osp.stat.gov.lt/praejusios-paros-covid-19-statistika,0.3863431106922684
Lithuania,2021-05-30,3474616,3474616,10601,3006318,468298,5935,4666,2957689,516927,5935,4666,2957689,516927,19736,12595,7141,https://osp.stat.gov.lt/praejusios-paros-covid-19-statistika,0.440147155928686
Lithuania,2021-05-31,3480438,3480438,5822,3008817,471621,2499,3323,2960188,520250,2499,3323,2960188,520250,19725,12502,7223,https://osp.stat.gov.lt/praejusios-paros-covid-19-statistika,0.5707660597732738
Lithuania,2021-06-01,3503963,3503963,23525,3022592,481371,13775,9750,2973963,530000,13775,9750,2973963,530000,20172,13000,7173,https://osp.stat.gov.lt/praejusios-paros-covid-19-statistika,0.41445270988310307
Lithuania,2021-06-02,3529137,3529137,25174,3040405,488732,17813,7361,2991776,537361,17813,7361,2991776,537361,19979,13016,6963,https://osp.stat.gov.lt/praejusios-paros-covid-19-statistika,0.2924048621593708
Lithuania,2021-06-03,3553949,3553949,24812,3059231,494718,18826,5986,3010602,543347,18826,5986,3010602,543347,19683,12867,6816,https://osp.stat.gov.lt/praejusios-paros-covid-19-statistika,0.2412542318233113
Lithuania,2021-06-04,3577838,3577838,23889,3076086,501752,16855,7034,3027457,550381,16855,7034,3027457,550381,19899,13047,6851,https://osp.stat.gov.lt/praejusios-paros-covid-19-statistika,0.29444514211561806
Lithuania,2021-06-05,3599328,3599328,21490,3088688,510640,12602,8888,3040059,559269,12602,8888,3040059,559269,19330,12615,6715,https://osp.stat.gov.lt/praejusios-paros-covid-19-statistika,0.4135877152163797
Lithuania,2021-06-06,3610554,3610554,11226,3095287,515267,6599,4627,3046658,563896,6599,4627,3046658,563896,19420,12710,6710,https://osp.stat.gov.lt/praejusios-paros-covid-19-statistika,0.41216818100837344
Lithuania,2021-06-07,3615913,3615913,5359,3097663,518250,2376,2983,3049034,566879,2376,2983,3049034,566879,19354,12692,6661,https://osp.stat.gov.lt/praejusios-paros-covid-19-statistika,0.5566337003172234
Lithuania,2021-06-08,3634155,3634155,18242,3107807,526348,10144,8098,3059178,574977,10144,8098,3059178,574977,18599,12174,6425,https://osp.stat.gov.lt/praejusios-paros-covid-19-statistika,0.4439206227387348
Lithuania,2021-06-09,3657762,3657762,23607,3125498,532264,17691,5916,3076869,580893,17691,5916,3076869,580893,18375,12156,6219,https://osp.stat.gov.lt/praejusios-paros-covid-19-statistika,0.2506036345151862
Lithuania,2021-06-10,3680457,3680457,22695,3142134,538323,16636,6059,3093505,586952,16636,6059,3093505,586952,18073,11843,6229,https://osp.stat.gov.lt/praejusios-paros-covid-19-statistika,0.266975104648601
Lithuania,2021-06-11,3701531,3701531,21074,3156388,545143,14254,6820,3107759,593772,14254,6820,3107759,593772,17670,11472,6199,https://osp.stat.gov.lt/praejusios-paros-covid-19-statistika,0.32362152415298473
Lithuania,2021-06-12,3722345,3722345,20814,3168538,553807,12150,8664,3119909,602436,12150,8664,3119909,602436,17574,11407,6167,https://osp.stat.gov.lt/praejusios-paros-covid-19-statistika,0.4162582876909772
Lithuania,2021-06-13,3730752,3730752,8407,3172899,557853,4361,4046,3124270,606482,4361,4046,3124270,606482,17171,11087,6084,https://osp.stat.gov.lt/praejusios-paros-covid-19-statistika,0.48126561199000834
Lithuania,2021-06-14,3735065,3735065,4313,3174956,560109,2057,2256,3126327,608738,2057,2256,3126327,608738,17022,11042,5980,https://osp.stat.gov.lt/praejusios-paros-covid-19-statistika,0.5230697890099698
Lithuania,2021-06-15,3750830,3750830,15765,3183361,567469,8405,7360,3134732,616098,8405,7360,3134732,616098,16668,10793,5874,https://osp.stat.gov.lt/praejusios-paros-covid-19-statistika,0.4668569616238503
Lithuania,2021-06-16,3765215,3765215,14385,3192975,572240,9614,4771,3144346,620869,9614,4771,3144346,620869,15350,9640,5711,https://osp.stat.gov.lt/praejusios-paros-covid-19-statistika,0.3316649287452207
Lithuania,2021-06-17,3776991,3776991,11776,3200421,576570,7446,4330,3151792,625199,7446,4330,3151792,625199,13791,8327,5464,https://osp.stat.gov.lt/praejusios-paros-covid-19-statistika,0.36769701086956524
Lithuania,2021-06-18,3789030,3789030,12039,3206797,582233,6376,5663,3158168,630862,6376,5663,3158168,630862,12500,7201,5299,https://osp.stat.gov.lt/praejusios-paros-covid-19-statistika,0.4703879059722568
Lithuania,2021-06-19,3803596,3803596,14566,3212949,590647,6152,8414,3164320,639276,6152,8414,3164320,639276,11607,6344,5263,https://osp.stat.gov.lt/praejusios-paros-covid-19-statistika,0.5776465742139228
Lithuania,2021-06-20,3811078,3811078,7482,3216715,594363,3766,3716,3168086,642992,3766,3716,3168086,642992,11475,6259,5216,https://osp.stat.gov.lt/praejusios-paros-covid-19-statistika,0.49665864742047583
Lithuania,2021-06-21,3814520,3814520,3442,3218576,595944,1861,1581,3169947,644573,1861,1581,3169947,644573,11351,6231,5119,https://osp.stat.gov.lt/praejusios-paros-covid-19-statistika,0.4593259732713539
Lithuania,2021-06-22,3825102,3825102,10582,3223887,601215,5311,5271,3175258,649844,5311,5271,3175258,649844,10610,5789,4821,https://osp.stat.gov.lt/praejusios-paros-covid-19-statistika,0.4981099981099981
Lithuania,2021-06-23,3835962,3835962,10860,3230631,605331,6744,4116,3182002,653960,6744,4116,3182002,653960,10107,5379,4727,https://osp.stat.gov.lt/praejusios-paros-covid-19-statistika,0.37900552486187844
Lithuania,2021-06-24,3846685,3846685,10723,3236295,610390,5664,5059,3187666,659019,5664,5059,3187666,659019,9956,5125,4831,https://osp.stat.gov.lt/praejusios-paros-covid-19-statistika,0.4717896111162921
Lithuania,2021-06-25,3851728,3851728,5043,3239113,612615,2818,2225,3190484,661244,2818,2225,3190484,661244,8957,4617,4340,https://osp.stat.gov.lt/praejusios-paros-covid-19-statistika,0.4412056315685108
Lithuania,2021-06-26,3864165,3864165,12437,3244061,620104,4948,7489,3195432,668733,4948,7489,3195432,668733,8653,4445,4208,https://osp.stat.gov.lt/praejusios-paros-covid-19-statistika,0.6021548604969044
Lithuania,2021-06-27,3870496,3870496,6331,3247308,623188,3247,3084,3198679,671817,3247,3084,3198679,671817,8488,4370,4118,https://osp.stat.gov.lt/praejusios-paros-covid-19-statistika,0.48712683620281155
Lithuania,2021-06-28,3874278,3874278,3782,3249364,624914,2056,1726,3200735,673543,2056,1726,3200735,673543,8537,4398,4139,https://osp.stat.gov.lt/praejusios-paros-covid-19-statistika,0.45637228979375993
Lithuania,2021-06-29,3885715,3885715,11437,3255049,630666,5685,5752,3206420,679295,5685,5752,3206420,679295,8659,4452,4207,https://osp.stat.gov.lt/praejusios-paros-covid-19-statistika,0.5029290897962753
Lithuania,2021-06-30,3896037,3896037,10322,3261408,634629,6359,3963,3212779,683258,6359,3963,3212779,683258,8582,4397,4185,https://osp.stat.gov.lt/praejusios-paros-covid-19-statistika,0.3839372214687076
Lithuania,2021-07-01,3904874,3904874,8837,3266274,638600,4866,3971,3217645,687229,4866,3971,3217645,687229,8313,4283,4030,https://osp.stat.gov.lt/praejusios-paros-covid-19-statistika,0.44936064275206516
Lithuania,2021-07-02,3913805,3913805,8931,3270883,642922,4609,4322,3222254,691551,4609,4322,3222254,691551,8868,4539,4330,https://osp.stat.gov.lt/praejusios-paros-covid-19-statistika,0.4839323703952525
Lithuania,2021-07-03,3926253,3926253,12448,3276166,650087,5283,7165,3227537,698716,5283,7165,3227537,698716,8870,4586,4283,https://osp.stat.gov.lt/praejusios-paros-covid-19-statistika,0.575594473007712
Lithuania,2021-07-04,3932272,3932272,6019,3279131,653141,2965,3054,3230502,701770,2965,3054,3230502,701770,8825,4546,4279,https://osp.stat.gov.lt/praejusios-paros-covid-19-statistika,0.5073932546934706
Lithuania,2021-07-05,3935252,3935252,2980,3280904,654348,1773,1207,3232275,702977,1773,1207,3232275,702977,8711,4506,4205,https://osp.stat.gov.lt/praejusios-paros-covid-19-statistika,0.40503355704697985
Lithuania,2021-07-06,3946341,3946341,11089,3287084,659257,6180,4909,3238455,707886,6180,4909,3238455,707886,8661,4576,4084,https://osp.stat.gov.lt/praejusios-paros-covid-19-statistika,0.4426909550004509
Lithuania,2021-07-07,3950624,3950624,4283,3289787,660837,2703,1580,3241158,709466,2703,1580,3241158,709466,7798,4054,3744,https://osp.stat.gov.lt/praejusios-paros-covid-19-statistika,0.3689003035255662
Lithuania,2021-07-08,3959797,3959797,9173,3295381,664416,5594,3579,3246752,713045,5594,3579,3246752,713045,7846,4158,3688,https://osp.stat.gov.lt/praejusios-paros-covid-19-statistika,0.39016679385152075
Lithuania,2021-07-09,3970218,3970218,10421,3301885,668333,6504,3917,3253256,716962,6504,3917,3253256,716962,8059,4429,3630,https://osp.stat.gov.lt/praejusios-paros-covid-19-statistika,0.375875635735534
Lithuania,2021-07-10,3980451,3980451,10233,3307189,673262,5304,4929,3258560,721891,5304,4929,3258560,721891,7743,4432,3311,https://osp.stat.gov.lt/praejusios-paros-covid-19-statistika,0.4816769275872178
Lithuania,2021-07-11,3986710,3986710,6259,3311445,675265,4256,2003,3262816,723894,4256,2003,3262816,723894,7777,4616,3161,https://osp.stat.gov.lt/praejusios-paros-covid-19-statistika,0.32001917239175587
Lithuania,2021-07-12,3989619,3989619,2909,3313174,676445,1729,1180,3264545,725074,1729,1180,3264545,725074,7767,4610,3157,https://osp.stat.gov.lt/praejusios-paros-covid-19-statistika,0.40563767617738056
Lithuania,2021-07-13,4000227,4000227,10608,3319715,680512,6541,4067,3271086,729141,6541,4067,3271086,729141,7698,4662,3036,https://osp.stat.gov.lt/praejusios-paros-covid-19-statistika,0.3833898944193062
Lithuania,2021-07-14,4009402,4009402,9175,3325694,683708,5979,3196,3277065,732337,5979,3196,3277065,732337,8397,5130,3267,https://osp.stat.gov.lt/praejusios-paros-covid-19-statistika,0.3483378746594005
Lithuania,2021-07-15,4018055,4018055,8653,3331505,686550,5811,2842,3282876,735179,5811,2842,3282876,735179,8323,5161,3162,https://osp.stat.gov.lt/praejusios-paros-covid-19-statistika,0.3284410031203051
Lithuania,2021-07-16,4026379,4026379,8324,3337047,689332,5542,2782,3288418,737961,5542,2782,3288418,737961,8023,5023,3000,https://osp.stat.gov.lt/praejusios-paros-covid-19-statistika,0.33421432003844304
Lithuania,2021-07-17,4037307,4037307,10928,3343002,694305,5955,4973,3294373,742934,5955,4973,3294373,742934,8122,5116,3006,https://osp.stat.gov.lt/praejusios-paros-covid-19-statistika,0.45506954612005857
Lithuania,2021-07-18,4044206,4044206,6899,3347470,696736,4468,2431,3298841,745365,4468,2431,3298841,745365,8214,5146,3067,https://osp.stat.gov.lt/praejusios-paros-covid-19-statistika,0.35236990868241774
Lithuania,2021-07-19,4047497,4047497,3291,3349792,697705,2322,969,3301163,746334,2322,969,3301163,746334,8268,5231,3037,https://osp.stat.gov.lt/praejusios-paros-covid-19-statistika,0.2944393801276208
Lithuania,2021-07-20,4058306,4058306,10809,3356278,702028,6486,4323,3307649,750657,6486,4323,3307649,750657,8297,5223,3074,https://osp.stat.gov.lt/praejusios-paros-covid-19-statistika,0.3999444907021926
Lithuania,2021-07-21,4067522,4067522,9216,3362492,705030,6214,3002,3313863,753659,6214,3002,3313863,753659,8303,5257,3046,https://osp.stat.gov.lt/praejusios-paros-covid-19-statistika,0.3257378472222222
Lithuania,2021-07-22,4077351,4077351,9829,3368821,708530,6329,3500,3320192,757159,6329,3500,3320192,757159,8471,5331,3140,https://osp.stat.gov.lt/praejusios-paros-covid-19-statistika,0.35608912402075493
Lithuania,2021-07-23,4087839,4087839,10488,3375219,712620,6398,4090,3326590,761249,6398,4090,3326590,761249,8780,5453,3327,https://osp.stat.gov.lt/praejusios-paros-covid-19-statistika,0.38996948893974065
Lithuania,2021-07-24,4101220,4101220,13381,3381579,719641,6360,7021,3332950,768270,6360,7021,3332950,768270,9130,5511,3619,https://osp.stat.gov.lt/praejusios-paros-covid-19-statistika,0.5246992003587175
Lithuania,2021-07-25,4108642,4108642,7422,3385951,722691,4372,3050,3337322,771320,4372,3050,3337322,771320,9205,5497,3708,https://osp.stat.gov.lt/praejusios-paros-covid-19-statistika,0.410940447318782
Lithuania,2021-07-26,4113004,4113004,4362,3388250,724754,2299,2063,3339621,773383,2299,2063,3339621,773383,9358,5494,3864,https://osp.stat.gov.lt/praejusios-paros-covid-19-statistika,0.4729481889041724
Lithuania,2021-07-27,4127300,4127300,14296,3394695,732605,6445,7851,3346066,781234,6445,7851,3346066,781234,9856,5488,4368,https://osp.stat.gov.lt/praejusios-paros-covid-19-statistika,0.5491745942921097
Lithuania,2021-07-28,4140501,4140501,13201,3401031,739470,6336,6865,3352402,788099,6336,6865,3352402,788099,10426,5506,4920,https://osp.stat.gov.lt/praejusios-paros-covid-19-statistika,0.5200363608817514
Lithuania,2021-07-29,4155591,4155591,15090,3408241,747350,7210,7880,3359612,795979,7210,7880,3359612,795979,11177,5631,5546,https://osp.stat.gov.lt/praejusios-paros-covid-19-statistika,0.5222001325381047
Lithuania,2021-07-30,4169442,4169442,13851,3414627,754815,6386,7465,3365998,803444,6386,7465,3365998,803444,11658,5630,6028,https://osp.stat.gov.lt/praejusios-paros-covid-19-statistika,0.5389502562991841
Lithuania,2021-07-31,4186084,4186084,16642,3421823,764261,7196,9446,3373194,812890,7196,9446,3373194,812890,12123,5749,6374,https://osp.stat.gov.lt/praejusios-paros-covid-19-statistika,0.5676000480711453
Lithuania,2021-08-01,4194522,4194522,8438,3425793,768729,3970,4468,3377164,817358,3970,4468,3377164,817358,12269,5692,6577,https://osp.stat.gov.lt/praejusios-paros-covid-19-statistika,0.5295093624081536
Lithuania,2021-08-02,4200878,4200878,6356,3429180,771698,3387,2969,3380551,820327,3387,2969,3380551,820327,12553,5847,6706,https://osp.stat.gov.lt/praejusios-paros-covid-19-statistika,0.4671176840780365
Lithuania,2021-08-03,4217916,4217916,17038,3436096,781820,6916,10122,3387467,830449,6916,10122,3387467,830449,12945,5914,7031,https://osp.stat.gov.lt/praejusios-paros-covid-19-statistika,0.5940838126540674
Lithuania,2021-08-04,4234181,4234181,16265,3443285,790896,7189,9076,3394656,839525,7189,9076,3394656,839525,13383,6036,7347,https://osp.stat.gov.lt/praejusios-paros-covid-19-statistika,0.5580079926221949
Lithuania,2021-08-05,4243681,4243681,9500,3445755,797926,2470,7030,3397126,846555,2470,7030,3397126,846555,12584,5359,7225,https://osp.stat.gov.lt/praejusios-paros-covid-19-statistika,0.74
Lithuania,2021-08-06,4266048,4266048,22367,3457146,808902,11391,10976,3408517,857531,11391,10976,3408517,857531,13801,6074,7727,https://osp.stat.gov.lt/praejusios-paros-covid-19-statistika,0.4907229400456029
Lithuania,2021-08-07,4284323,4284323,18275,3464707,819616,7561,10714,3416078,868245,7561,10714,3416078,868245,14034,6126,7908,https://osp.stat.gov.lt/praejusios-paros-covid-19-statistika,0.586265389876881
Lithuania,2021-08-08,4293554,4293554,9231,3469270,824284,4563,4668,3420641,872913,4563,4668,3420641,872913,14147,6211,7936,https://osp.stat.gov.lt/praejusios-paros-covid-19-statistika,0.5056873578160546
Lithuania,2021-08-09,4300084,4300084,6530,3472389,827695,3119,3411,3423760,876324,3119,3411,3423760,876324,14172,6173,8000,https://osp.stat.gov.lt/praejusios-paros-covid-19-statistika,0.5223583460949464
Lithuania,2021-08-10,4300084,4300084,0,3472389,827695,0,0,3423760,876324,0,0,3423760,876324,11738,5185,6554,https://osp.stat.gov.lt/praejusios-paros-covid-19-statistika,0.5223583460949464
Lithuania,2021-08-11,4333184,4333184,33100,3486720,846464,14331,18769,3438091,895093,14331,18769,3438091,895093,14143,6205,7938,https://osp.stat.gov.lt/praejusios-paros-covid-19-statistika,0.5670392749244713
Lithuania,2021-08-12,4348901,4348901,15717,3493620,855281,6900,8817,3444991,903910,6900,8817,3444991,903910,15031,6838,8194,https://osp.stat.gov.lt/praejusios-paros-covid-19-statistika,0.5609849207864096
Lithuania,2021-08-13,4364265,4364265,15364,3500348,863917,6728,8636,3451719,912546,6728,8636,3451719,912546,14031,6172,7859,https://osp.stat.gov.lt/praejusios-paros-covid-19-statistika,0.5620932048945587
Lithuania,2021-08-14,4383144,4383144,18879,3508617,874527,8269,10610,3459988,923156,8269,10610,3459988,923156,14117,6273,7844,https://osp.stat.gov.lt/praejusios-paros-covid-19-statistika,0.5620001059378145
Lithuania,2021-08-15,4393390,4393390,10246,3514063,879327,5446,4800,3465434,927956,5446,4800,3465434,927956,14262,6399,7863,https://osp.stat.gov.lt/praejusios-paros-covid-19-statistika,0.4684755026351747
Lithuania,2021-08-16,4399563,4399563,6173,3516973,882590,2910,3263,3468344,931219,2910,3263,3468344,931219,14211,6369,7842,https://osp.stat.gov.lt/praejusios-paros-covid-19-statistika,0.5285922566013284
Lithuania,2021-08-17,4414444,4414444,14881,3523320,891124,6347,8534,3474691,939753,6347,8534,3474691,939753,16337,7276,9061,https://osp.stat.gov.lt/praejusios-paros-covid-19-statistika,0.5734829648545124
Lithuania,2021-08-18,4432026,4432026,17582,3531841,900185,8521,9061,3483212,948814,8521,9061,3483212,948814,14120,6446,7674,https://osp.stat.gov.lt/praejusios-paros-covid-19-statistika,0.5153566147195996
Lithuania,2021-08-19,4447907,4447907,15881,3539721,908186,7880,8001,3491092,956815,7880,8001,3491092,956815,14144,6586,7558,https://osp.stat.gov.lt/praejusios-paros-covid-19-statistika,0.503809583779359
Lithuania,2021-08-20,4464278,4464278,16371,3547746,916532,8025,8346,3499117,965161,8025,8346,3499117,965161,14288,6771,7516,https://osp.stat.gov.lt/praejusios-paros-covid-19-statistika,0.5098039215686274
Lithuania,2021-08-21,4481699,4481699,17421,3555364,926335,7618,9803,3506735,974964,7618,9803,3506735,974964,14079,6678,7401,https://osp.stat.gov.lt/praejusios-paros-covid-19-statistika,0.5627116698237759
Lithuania,2021-08-22,4491026,4491026,9327,3560135,930891,4771,4556,3511506,979520,4771,4556,3511506,979520,13948,6582,7366,https://osp.stat.gov.lt/praejusios-paros-covid-19-statistika,0.488474321861263
Lithuania,2021-08-23,4497200,4497200,6174,3563440,933760,3305,2869,3514811,982389,3305,2869,3514811,982389,13948,6638,7310,https://osp.stat.gov.lt/praejusios-paros-covid-19-statistika,0.4646906381600259
Lithuania,2021-08-24,4513698,4513698,16498,3570766,942932,7326,9172,3522137,991561,7326,9172,3522137,991561,14179,6778,7401,https://osp.stat.gov.lt/praejusios-paros-covid-19-statistika,0.555946175293975
Lithuania,2021-08-25,4528234,4528234,14536,3578217,950017,7451,7085,3529588,998646,7451,7085,3529588,998646,13744,6625,7119,https://osp.stat.gov.lt/praejusios-paros-covid-19-statistika,0.4874105668684645
Lithuania,2021-08-26,4542899,4542899,14665,3585840,957059,7623,7042,3537211,1005688,7623,7042,3537211,1005688,13570,6588,6982,https://osp.stat.gov.lt/praejusios-paros-covid-19-statistika,0.4801909307875895
Lithuania,2021-08-27,4542899,4542899,0,3585840,957059,0,0,3537211,1005688,0,0,3537211,1005688,11232,5442,5790,https://osp.stat.gov.lt/praejusios-paros-covid-19-statistika,0.4801909307875895
Lithuania,2021-08-28,4542899,4542899,0,3585840,957059,0,0,3537211,1005688,0,0,3537211,1005688,8743,4354,4389,https://osp.stat.gov.lt/praejusios-paros-covid-19-statistika,0.4801909307875895
Lithuania,2021-08-29,4542899,4542899,0,3585840,957059,0,0,3537211,1005688,0,0,3537211,1005688,7410,3672,3738,https://osp.stat.gov.lt/praejusios-paros-covid-19-statistika,0.4801909307875895
Lithuania,2021-08-30,4542899,4542899,0,3585840,957059,0,0,3537211,1005688,0,0,3537211,1005688,6528,3200,3328,https://osp.stat.gov.lt/praejusios-paros-covid-19-statistika,0.4801909307875895
Lithuania,2021-08-31,4542899,4542899,0,3585840,957059,0,0,3537211,1005688,0,0,3537211,1005688,4172,2153,2018,https://osp.stat.gov.lt/praejusios-paros-covid-19-statistika,0.4801909307875895
Lithuania,2021-09-01,4542899,4542899,0,3585840,957059,0,0,3537211,1005688,0,0,3537211,1005688,2095,1089,1006,https://osp.stat.gov.lt/praejusios-paros-covid-19-statistika,0.4801909307875895
Lithuania,2021-09-02,4542899,4542899,0,3585840,957059,0,0,3537211,1005688,0,0,3537211,1005688,0,0,0,https://osp.stat.gov.lt/praejusios-paros-covid-19-statistika,0.4801909307875895
Lithuania,2021-09-03,4542899,4542899,0,3585840,957059,0,0,3537211,1005688,0,0,3537211,1005688,0,0,0,https://osp.stat.gov.lt/praejusios-paros-covid-19-statistika,0.4801909307875895
Lithuania,2021-09-04,4542899,4542899,0,3585840,957059,0,0,3537211,1005688,0,0,3537211,1005688,0,0,0,https://osp.stat.gov.lt/praejusios-paros-covid-19-statistika,0.4801909307875895
Lithuania,2021-09-05,4542899,4542899,0,3585840,957059,0,0,3537211,1005688,0,0,3537211,1005688,0,0,0,https://osp.stat.gov.lt/praejusios-paros-covid-19-statistika,0.4801909307875895
Lithuania,2021-09-06,4542899,4542899,0,3585840,957059,0,0,3537211,1005688,0,0,3537211,1005688,0,0,0,https://osp.stat.gov.lt/praejusios-paros-covid-19-statistika,0.4801909307875895
Lithuania,2021-09-07,4542899,4542899,0,3585840,957059,0,0,3537211,1005688,0,0,3537211,1005688,0,0,0,https://osp.stat.gov.lt/praejusios-paros-covid-19-statistika,0.4801909307875895
Lithuania,2021-09-08,4542899,4542899,0,3585840,957059,0,0,3537211,1005688,0,0,3537211,1005688,0,0,0,https://osp.stat.gov.lt/praejusios-paros-covid-19-statistika,0.4801909307875895
Lithuania,2021-09-09,4542899,4542899,0,3585840,957059,0,0,3537211,1005688,0,0,3537211,1005688,0,0,0,https://osp.stat.gov.lt/praejusios-paros-covid-19-statistika,0.4801909307875895
Lithuania,2021-09-10,4542899,4542899,0,3585840,957059,0,0,3537211,1005688,0,0,3537211,1005688,0,0,0,https://osp.stat.gov.lt/praejusios-paros-covid-19-statistika,0.4801909307875895
Lithuania,2021-09-11,4542899,4542899,0,3585840,957059,0,0,3537211,1005688,0,0,3537211,1005688,0,0,0,https://osp.stat.gov.lt/praejusios-paros-covid-19-statistika,0.4801909307875895
Lithuania,2021-09-12,4542899,4542899,0,3585840,957059,0,0,3537211,1005688,0,0,3537211,1005688,0,0,0,https://osp.stat.gov.lt/praejusios-paros-covid-19-statistika,0.4801909307875895
Lithuania,2021-09-13,4542899,4542899,0,3585840,957059,0,0,3537211,1005688,0,0,3537211,1005688,0,0,0,https://osp.stat.gov.lt/praejusios-paros-covid-19-statistika,0.4801909307875895
Lithuania,2021-09-14,4542899,4542899,0,3585840,957059,0,0,3537211,1005688,0,0,3537211,1005688,0,0,0,https://osp.stat.gov.lt/praejusios-paros-covid-19-statistika,0.4801909307875895
Lithuania,2021-09-15,4542899,4542899,0,3585840,957059,0,0,3537211,1005688,0,0,3537211,1005688,0,0,0,https://osp.stat.gov.lt/praejusios-paros-covid-19-statistika,0.4801909307875895
Lithuania,2021-09-16,4542899,4542899,0,3585840,957059,0,0,3537211,1005688,0,0,3537211,1005688,0,0,0,https://osp.stat.gov.lt/praejusios-paros-covid-19-statistika,0.4801909307875895
Lithuania,2021-09-17,4542899,4542899,0,3585840,957059,0,0,3537211,1005688,0,0,3537211,1005688,0,0,0,https://osp.stat.gov.lt/praejusios-paros-covid-19-statistika,0.4801909307875895
Lithuania,2021-09-18,4542899,4542899,0,3585840,957059,0,0,3537211,1005688,0,0,3537211,1005688,0,0,0,https://osp.stat.gov.lt/praejusios-paros-covid-19-statistika,0.4801909307875895
Lithuania,2021-09-19,4542899,4542899,0,3585840,957059,0,0,3537211,1005688,0,0,3537211,1005688,0,0,0,https://osp.stat.gov.lt/praejusios-paros-covid-19-statistika,0.4801909307875895
Lithuania,2021-09-20,4542899,4542899,0,3585840,957059,0,0,3537211,1005688,0,0,3537211,1005688,0,0,0,https://osp.stat.gov.lt/praejusios-paros-covid-19-statistika,0.4801909307875895
Lithuania,2021-09-21,4542899,4542899,0,3585840,957059,0,0,3537211,1005688,0,0,3537211,1005688,0,0,0,https://osp.stat.gov.lt/praejusios-paros-covid-19-statistika,0.4801909307875895
Lithuania,2021-09-22,4542899,4542899,0,3585840,957059,0,0,3537211,1005688,0,0,3537211,1005688,0,0,0,https://osp.stat.gov.lt/praejusios-paros-covid-19-statistika,0.4801909307875895
Lithuania,2021-09-23,4542899,4542899,0,3585840,957059,0,0,3537211,1005688,0,0,3537211,1005688,0,0,0,https://osp.stat.gov.lt/praejusios-paros-covid-19-statistika,0.4801909307875895
Lithuania,2021-09-24,4542899,4542899,0,3585840,957059,0,0,3537211,1005688,0,0,3537211,1005688,0,0,0,https://osp.stat.gov.lt/praejusios-paros-covid-19-statistika,0.4801909307875895
Lithuania,2021-09-25,4542899,4542899,0,3585840,957059,0,0,3537211,1005688,0,0,3537211,1005688,0,0,0,https://osp.stat.gov.lt/praejusios-paros-covid-19-statistika,0.4801909307875895
Lithuania,2021-09-26,4542899,4542899,0,3585840,957059,0,0,3537211,1005688,0,0,3537211,1005688,0,0,0,https://osp.stat.gov.lt/praejusios-paros-covid-19-statistika,0.4801909307875895
Lithuania,2021-09-27,4542899,4542899,0,3585840,957059,0,0,3537211,1005688,0,0,3537211,1005688,0,0,0,https://osp.stat.gov.lt/praejusios-paros-covid-19-statistika,0.4801909307875895
Lithuania,2021-09-28,4542899,4542899,0,3585840,957059,0,0,3537211,1005688,0,0,3537211,1005688,0,0,0,https://osp.stat.gov.lt/praejusios-paros-covid-19-statistika,0.4801909307875895
Lithuania,2021-09-29,4542899,4542899,0,3585840,957059,0,0,3537211,1005688,0,0,3537211,1005688,0,0,0,https://osp.stat.gov.lt/praejusios-paros-covid-19-statistika,0.4801909307875895
Lithuania,2021-09-30,4542899,4542899,0,3585840,957059,0,0,3537211,1005688,0,0,3537211,1005688,0,0,0,https://osp.stat.gov.lt/praejusios-paros-covid-19-statistika,0.4801909307875895
Lithuania,2021-10-01,4542899,4542899,0,3585840,957059,0,0,3537211,1005688,0,0,3537211,1005688,0,0,0,https://osp.stat.gov.lt/praejusios-paros-covid-19-statistika,0.4801909307875895
Lithuania,2021-10-02,4542899,4542899,0,3585840,957059,0,0,3537211,1005688,0,0,3537211,1005688,0,0,0,https://osp.stat.gov.lt/praejusios-paros-covid-19-statistika,0.4801909307875895
Lithuania,2021-10-03,4542899,4542899,0,3585840,957059,0,0,3537211,1005688,0,0,3537211,1005688,0,0,0,https://osp.stat.gov.lt/praejusios-paros-covid-19-statistika,0.4801909307875895
Lithuania,2021-10-04,4542899,4542899,0,3585840,957059,0,0,3537211,1005688,0,0,3537211,1005688,0,0,0,https://osp.stat.gov.lt/praejusios-paros-covid-19-statistika,0.4801909307875895
Lithuania,2021-10-05,4542899,4542899,0,3585840,957059,0,0,3537211,1005688,0,0,3537211,1005688,0,0,0,https://osp.stat.gov.lt/praejusios-paros-covid-19-statistika,0.4801909307875895
Lithuania,2021-10-06,4542899,4542899,0,3585840,957059,0,0,3537211,1005688,0,0,3537211,1005688,0,0,0,https://osp.stat.gov.lt/praejusios-paros-covid-19-statistika,0.4801909307875895
Lithuania,2021-10-07,4542899,4542899,0,3585840,957059,0,0,3537211,1005688,0,0,3537211,1005688,0,0,0,https://osp.stat.gov.lt/praejusios-paros-covid-19-statistika,0.4801909307875895
Lithuania,2021-10-08,4542899,4542899,0,3585840,957059,0,0,3537211,1005688,0,0,3537211,1005688,0,0,0,https://osp.stat.gov.lt/praejusios-paros-covid-19-statistika,0.4801909307875895
Lithuania,2021-10-09,4542899,4542899,0,3585840,957059,0,0,3537211,1005688,0,0,3537211,1005688,0,0,0,https://osp.stat.gov.lt/praejusios-paros-covid-19-statistika,0.4801909307875895
Lithuania,2021-10-10,4542899,4542899,0,3585840,957059,0,0,3537211,1005688,0,0,3537211,1005688,0,0,0,https://osp.stat.gov.lt/praejusios-paros-covid-19-statistika,0.4801909307875895
Lithuania,2021-10-11,4542899,4542899,0,3585840,957059,0,0,3537211,1005688,0,0,3537211,1005688,0,0,0,https://osp.stat.gov.lt/praejusios-paros-covid-19-statistika,0.4801909307875895
Lithuania,2021-10-12,4542899,4542899,0,3585840,957059,0,0,3537211,1005688,0,0,3537211,1005688,0,0,0,https://osp.stat.gov.lt/praejusios-paros-covid-19-statistika,0.4801909307875895
Lithuania,2021-10-13,4542899,4542899,0,3585840,957059,0,0,3537211,1005688,0,0,3537211,1005688,0,0,0,https://osp.stat.gov.lt/praejusios-paros-covid-19-statistika,0.4801909307875895
Lithuania,2021-10-14,4542899,4542899,0,3585840,957059,0,0,3537211,1005688,0,0,3537211,1005688,0,0,0,https://osp.stat.gov.lt/praejusios-paros-covid-19-statistika,0.4801909307875895
Lithuania,2021-10-15,4542899,4542899,0,3585840,957059,0,0,3537211,1005688,0,0,3537211,1005688,0,0,0,https://osp.stat.gov.lt/praejusios-paros-covid-19-statistika,0.4801909307875895
Lithuania,2021-10-16,4542899,4542899,0,3585840,957059,0,0,3537211,1005688,0,0,3537211,1005688,0,0,0,https://osp.stat.gov.lt/praejusios-paros-covid-19-statistika,0.4801909307875895
Lithuania,2021-10-17,4542899,4542899,0,3585840,957059,0,0,3537211,1005688,0,0,3537211,1005688,0,0,0,https://osp.stat.gov.lt/praejusios-paros-covid-19-statistika,0.4801909307875895
Lithuania,2021-10-18,4542899,4542899,0,3585840,957059,0,0,3537211,1005688,0,0,3537211,1005688,0,0,0,https://osp.stat.gov.lt/praejusios-paros-covid-19-statistika,0.4801909307875895
Lithuania,2021-10-19,4542899,4542899,0,3585840,957059,0,0,3537211,1005688,0,0,3537211,1005688,0,0,0,https://osp.stat.gov.lt/praejusios-paros-covid-19-statistika,0.4801909307875895
Lithuania,2021-10-20,4542899,4542899,0,3585840,957059,0,0,3537211,1005688,0,0,3537211,1005688,0,0,0,https://osp.stat.gov.lt/praejusios-paros-covid-19-statistika,0.4801909307875895
Lithuania,2021-10-21,4542899,4542899,0,3585840,957059,0,0,3537211,1005688,0,0,3537211,1005688,0,0,0,https://osp.stat.gov.lt/praejusios-paros-covid-19-statistika,0.4801909307875895
Lithuania,2021-10-22,4542899,4542899,0,3585840,957059,0,0,3537211,1005688,0,0,3537211,1005688,0,0,0,https://osp.stat.gov.lt/praejusios-paros-covid-19-statistika,0.4801909307875895
Lithuania,2021-10-23,4542899,4542899,0,3585840,957059,0,0,3537211,1005688,0,0,3537211,1005688,0,0,0,https://osp.stat.gov.lt/praejusios-paros-covid-19-statistika,0.4801909307875895
Lithuania,2021-10-24,4542899,4542899,0,3585840,957059,0,0,3537211,1005688,0,0,3537211,1005688,0,0,0,https://osp.stat.gov.lt/praejusios-paros-covid-19-statistika,0.4801909307875895
Lithuania,2021-10-25,4542899,4542899,0,3585840,957059,0,0,3537211,1005688,0,0,3537211,1005688,0,0,0,https://osp.stat.gov.lt/praejusios-paros-covid-19-statistika,0.4801909307875895
Lithuania,2021-10-26,4542899,4542899,0,3585840,957059,0,0,3537211,1005688,0,0,3537211,1005688,0,0,0,https://osp.stat.gov.lt/praejusios-paros-covid-19-statistika,0.4801909307875895
Lithuania,2021-10-27,4542899,4542899,0,3585840,957059,0,0,3537211,1005688,0,0,3537211,1005688,0,0,0,https://osp.stat.gov.lt/praejusios-paros-covid-19-statistika,0.4801909307875895
Lithuania,2021-10-28,4542899,4542899,0,3585840,957059,0,0,3537211,1005688,0,0,3537211,1005688,0,0,0,https://osp.stat.gov.lt/praejusios-paros-covid-19-statistika,0.4801909307875895
Lithuania,2021-10-29,4542899,4542899,0,3585840,957059,0,0,3537211,1005688,0,0,3537211,1005688,0,0,0,https://osp.stat.gov.lt/praejusios-paros-covid-19-statistika,0.4801909307875895
Lithuania,2021-10-30,4542899,4542899,0,3585840,957059,0,0,3537211,1005688,0,0,3537211,1005688,0,0,0,https://osp.stat.gov.lt/praejusios-paros-covid-19-statistika,0.4801909307875895
Lithuania,2021-10-31,4542899,4542899,0,3585840,957059,0,0,3537211,1005688,0,0,3537211,1005688,0,0,0,https://osp.stat.gov.lt/praejusios-paros-covid-19-statistika,0.4801909307875895
Lithuania,2021-11-01,4542899,4542899,0,3585840,957059,0,0,3537211,1005688,0,0,3537211,1005688,0,0,0,https://osp.stat.gov.lt/praejusios-paros-covid-19-statistika,0.4801909307875895
Lithuania,2021-11-02,4542899,4542899,0,3585840,957059,0,0,3537211,1005688,0,0,3537211,1005688,0,0,0,https://osp.stat.gov.lt/praejusios-paros-covid-19-statistika,0.4801909307875895
Lithuania,2021-11-03,4542899,4542899,0,3585840,957059,0,0,3537211,1005688,0,0,3537211,1005688,0,0,0,https://osp.stat.gov.lt/praejusios-paros-covid-19-statistika,0.4801909307875895
Lithuania,2021-11-04,4542899,4542899,0,3585840,957059,0,0,3537211,1005688,0,0,3537211,1005688,0,0,0,https://osp.stat.gov.lt/praejusios-paros-covid-19-statistika,0.4801909307875895
Lithuania,2021-11-05,4542899,4542899,0,57,5,-3585783,-957054,3537211,1005688,0,0,3537211,1005688,0,0,0,https://osp.stat.gov.lt/praejusios-paros-covid-19-statistika,0.21067319826795458
Lithuania,2021-11-06,4542899,4542899,0,65,5,8,0,3537211,1005688,0,0,3537211,1005688,0,0,0,https://osp.stat.gov.lt/praejusios-paros-covid-19-statistika,0
Lithuania,2021-11-07,4542899,4542899,0,62,6,-3,1,3537211,1005688,0,0,3537211,1005688,0,0,0,https://osp.stat.gov.lt/praejusios-paros-covid-19-statistika,0
Lithuania,2021-11-08,4542899,4542899,0,66,6,4,0,3537211,1005688,0,0,3537211,1005688,0,0,0,https://osp.stat.gov.lt/praejusios-paros-covid-19-statistika,0
Lithuania,2021-11-09,4542899,4542899,0,63,6,-3,0,3537211,1005688,0,-0,3537211,1005688,0,0,0,https://osp.stat.gov.lt/praejusios-paros-covid-19-statistika,-0
Lithuania,2021-11-10,4542899,4542899,0,118,82,55,76,3537211,1005688,0,0,3537211,1005688,0,0,0,https://osp.stat.gov.lt/praejusios-paros-covid-19-statistika,0.5801526717557252
Lithuania,2021-11-11,4542899,4542899,0,109,81,-9,-1,3537211,1005688,0,0,3537211,1005688,0,0,0,https://osp.stat.gov.lt/praejusios-paros-covid-19-statistika,0.1
Lithuania,2021-11-12,4542899,4542899,0,122,83,13,2,3537211,1005688,0,0,3537211,1005688,0,0,0,https://osp.stat.gov.lt/praejusios-paros-covid-19-statistika,0.13333333333333333
Lithuania,2021-11-13,4542899,4542899,0,120,83,-2,0,3537211,1005688,0,-0,3537211,1005688,0,0,0,https://osp.stat.gov.lt/praejusios-paros-covid-19-statistika,-0
Lithuania,2021-11-14,4542899,4542899,0,123,88,3,5,3537211,1005688,0,0,3537211,1005688,0,0,0,https://osp.stat.gov.lt/praejusios-paros-covid-19-statistika,0.625
Lithuania,2021-11-15,4542899,4542899,0,125,85,2,-3,3537211,1005688,0,0,3537211,1005688,0,0,0,https://osp.stat.gov.lt/praejusios-paros-covid-19-statistika,0.625
Lithuania,2021-11-16,4542899,4542899,0,127,87,2,2,3537211,1005688,0,0,3537211,1005688,0,0,0,https://osp.stat.gov.lt/praejusios-paros-covid-19-statistika,0.5
Lithuania,2021-11-17,4542899,4542899,0,126,92,-1,5,3537211,1005688,0,0,3537211,1005688,0,0,0,https://osp.stat.gov.lt/praejusios-paros-covid-19-statistika,0.5
Lithuania,2021-11-18,6212691,6212691,1669792,122,86,-4,-6,4205128,2007563,667917,1001875,4205128,2007563,238542,95417,143125,https://osp.stat.gov.lt/praejusios-paros-covid-19-statistika,0.6
Lithuania,2021-11-19,6212691,6212691,0,119,85,-3,-1,4205128,2007563,0,0,4205128,2007563,238542,95417,143125,https://osp.stat.gov.lt/praejusios-paros-covid-19-statistika,0.25
Lithuania,2021-11-20,6246740,6246740,34049,113,84,-6,-1,4234313,2012427,29185,4864,4234313,2012427,243406,99586,143820,https://osp.stat.gov.lt/praejusios-paros-covid-19-statistika,0.14285714285714285
Lithuania,2021-11-21,6253725,6253725,6985,109,82,-4,-2,4238970,2014755,4657,2328,4238970,2014755,244404,100251,144152,https://osp.stat.gov.lt/praejusios-paros-covid-19-statistika,0.3333333333333333
Lithuania,2021-11-22,6277688,6277688,23963,106,74,-3,-8,4245505,2032183,6535,17428,4245505,2032183,247827,101185,146642,https://osp.stat.gov.lt/praejusios-paros-covid-19-statistika,0.7272727272727273
Lithuania,2021-11-23,6299718,6299718,22030,111,83,5,9,4253373,2046345,7868,14162,4253373,2046345,250974,102309,148665,https://osp.stat.gov.lt/praejusios-paros-covid-19-statistika,0.6428571428571429
Lithuania,2021-11-24,6322354,6322354,22636,113,83,2,0,4276009,2046345,22636,0,4276009,2046345,254208,105543,148665,https://osp.stat.gov.lt/praejusios-paros-covid-19-statistika,0
Lithuania,2021-11-25,6346778,6346778,24424,103,83,-10,0,4300433,2046345,24424,-0,4300433,2046345,19155,13615,5540,https://osp.stat.gov.lt/praejusios-paros-covid-19-statistika,-0
Lithuania,2021-11-26,6346778,6346778,0,103,83,0,0,4300433,2046345,0,-0,4300433,2046345,19155,13615,5540,https://osp.stat.gov.lt/praejusios-paros-covid-19-statistika,-0
Lithuania,2021-11-27,6346778,6346778,0,117,86,14,3,4300433,2046345,0,0,4300433,2046345,14291,9446,4845,https://osp.stat.gov.lt/praejusios-paros-covid-19-statistika,0.17647058823529413
Lithuania,2021-11-28,6388335,6388335,41557,99,72,-18,-14,4323809,2064526,23376,18181,4323809,2064526,19230,12120,7110,https://osp.stat.gov.lt/praejusios-paros-covid-19-statistika,0.4375
Lithuania,2021-11-29,6413618,6413618,25283,99,74,0,2,4323809,2089809,0,25283,4323809,2089809,19419,11186,8232,https://osp.stat.gov.lt/praejusios-paros-covid-19-statistika,1
Lithuania,2021-11-30,6441360,6441360,27742,105,75,6,1,4347588,2093772,23779,3963,4347588,2093772,20235,13459,6775,https://osp.stat.gov.lt/praejusios-paros-covid-19-statistika,0.14285714285714285
Lithuania,2021-12-01,6441360,6441360,0,4680965,1760395,4680860,1760320,4347588,2093772,0,0,4347588,2093772,17001,10226,6775,https://osp.stat.gov.lt/praejusios-paros-covid-19-statistika,0.273291539748928
Lithuania,2021-12-02,6460165,6460165,18805,4697444,1762721,16479,2326,4364067,2096098,16479,2326,4364067,2096098,16198,9091,7108,https://osp.stat.gov.lt/praejusios-paros-covid-19-statistika,0.1236905078436586
Lithuania,2021-12-03,6478456,6478456,18291,4712966,1765490,15522,2769,4379589,2098867,15522,2769,4379589,2098867,18811,11308,7503,https://osp.stat.gov.lt/praejusios-paros-covid-19-statistika,0.1513859275053305
Lithuania,2021-12-04,6494088,6494088,15632,4725003,1769085,12037,3595,4391626,2102462,12037,3595,4391626,2102462,21044,13028,8017,https://osp.stat.gov.lt/praejusios-paros-covid-19-statistika,0.22997697031729786
Lithuania,2021-12-05,6503917,6503917,9829,4733336,1770581,8333,1496,4399959,2103958,8333,1496,4399959,2103958,16512,10879,5633,https://osp.stat.gov.lt/praejusios-paros-covid-19-statistika,0.15220266558144266
Lithuania,2021-12-06,6507749,6507749,3832,4736570,1771179,3234,598,4403193,2104556,3234,598,4403193,2104556,13447,11341,2107,https://osp.stat.gov.lt/praejusios-paros-covid-19-statistika,0.15605427974947808
Lithuania,2021-12-07,6527061,6527061,19312,4749619,1777442,13049,6263,4416242,2110819,13049,6263,4416242,2110819,12243,9808,2435,https://osp.stat.gov.lt/praejusios-paros-covid-19-statistika,0.3243061309030654
Lithuania,2021-12-08,6549516,6549516,22455,4767721,1781795,18102,4353,4434344,2115172,18102,4353,4434344,2115172,15451,12394,3057,https://osp.stat.gov.lt/praejusios-paros-covid-19-statistika,0.19385437541750167
Lithuania,2021-12-09,6569514,6569514,19998,4783734,1785780,16013,3985,4450357,2119157,16013,3985,4450357,2119157,15621,12327,3294,https://osp.stat.gov.lt/praejusios-paros-covid-19-statistika,0.19926992699269927
Lithuania,2021-12-10,6590068,6590068,20554,4798643,1791425,14909,5645,4465266,2124802,14909,5645,4465266,2124802,15945,12240,3705,https://osp.stat.gov.lt/praejusios-paros-covid-19-statistika,0.27464240537121726
Lithuania,2021-12-11,6608687,6608687,18619,4811244,1797443,12601,6018,4477867,2130820,12601,6018,4477867,2130820,16371,12320,4051,https://osp.stat.gov.lt/praejusios-paros-covid-19-statistika,0.32321821794940653
Lithuania,2021-12-12,6618601,6618601,9914,4819430,1799171,8186,1728,4486053,2132548,8186,1728,4486053,2132548,16383,12299,4084,https://osp.stat.gov.lt/praejusios-paros-covid-19-statistika,0.1742989711519064
Lithuania,2021-12-13,6624596,6624596,5995,4824147,1800449,4717,1278,4490770,2133826,4717,1278,4490770,2133826,16692,12511,4181,https://osp.stat.gov.lt/praejusios-paros-covid-19-statistika,0.21317764804003336
Lithuania,2021-12-14,6642674,6642674,18078,4836015,1806659,11868,6210,4502638,2140036,11868,6210,4502638,2140036,16516,12342,4174,https://osp.stat.gov.lt/praejusios-paros-covid-19-statistika,0.3435114503816794
Lithuania,2021-12-15,6664917,6664917,22243,4854375,1810542,18360,3883,4520998,2143919,18360,3883,4520998,2143919,16486,12379,4107,https://osp.stat.gov.lt/praejusios-paros-covid-19-statistika,0.17457177539001034
Lithuania,2021-12-16,6684877,6684877,19960,4870741,1814136,16366,3594,4537364,2147513,16366,3594,4537364,2147513,16480,12430,4051,https://osp.stat.gov.lt/praejusios-paros-covid-19-statistika,0.18006012024048096
Lithuania,2021-12-17,6704366,6704366,19489,4885043,1819323,14302,5187,4551666,2152700,14302,5187,4551666,2152700,16328,12343,3985,https://osp.stat.gov.lt/praejusios-paros-covid-19-statistika,0.2661501359741393
Lithuania,2021-12-18,6722478,6722478,18112,4897636,1824842,12593,5519,4564259,2158219,12593,5519,4564259,2158219,16256,12342,3914,https://osp.stat.gov.lt/praejusios-paros-covid-19-statistika,0.30471510600706714
Lithuania,2021-12-19,6732420,6732420,9942,4905241,1827179,7605,2337,4571864,2160556,7605,2337,4571864,2160556,16260,12259,4001,https://osp.stat.gov.lt/praejusios-paros-covid-19-statistika,0.23506336753168378
Lithuania,2021-12-20,6737481,6737481,5061,4909412,1828069,4171,890,4576035,2161446,4171,890,4576035,2161446,16126,12181,3946,https://osp.stat.gov.lt/praejusios-paros-covid-19-statistika,0.17585457419482317
Lithuania,2021-12-21,6756730,6756730,19249,4921847,1834883,12435,6814,4588470,2168260,12435,6814,4588470,2168260,16294,12262,4032,https://osp.stat.gov.lt/praejusios-paros-covid-19-statistika,0.3539924151903995
Lithuania,2021-12-22,6777433,6777433,20703,4938134,1839299,16287,4416,4604757,2172676,16287,4416,4604757,2172676,16074,11966,4108,https://osp.stat.gov.lt/praejusios-paros-covid-19-statistika,0.21330241993913926
Lithuania,2021-12-23,6799410,6799410,21977,4955519,1843891,17385,4592,4622142,2177268,17385,4592,4622142,2177268,16362,12111,4251,https://osp.stat.gov.lt/praejusios-paros-covid-19-statistika,0.20894571597579287
Lithuania,2021-12-24,6817299,6817299,17889,4968487,1848812,12968,4921,4635110,2182189,12968,4921,4635110,2182189,16133,11921,4213,https://osp.stat.gov.lt/praejusios-paros-covid-19-statistika,0.27508524791771477
Lithuania,2021-12-25,6825938,6825938,8639,4975891,1850047,7404,1235,4642514,2183424,7404,1235,4642514,2183424,14780,11179,3601,https://osp.stat.gov.lt/praejusios-paros-covid-19-statistika,0.14295636068989467
Lithuania,2021-12-26,6831144,6831144,5206,4980013,1851131,4122,1084,4646636,2184508,4122,1084,4646636,2184508,14103,10682,3422,https://osp.stat.gov.lt/praejusios-paros-covid-19-statistika,0.20822128313484442
Lithuania,2021-12-27,6836379,6836379,5235,4984030,1852349,4017,1218,4650653,2185726,4017,1218,4650653,2185726,14128,10660,3469,https://osp.stat.gov.lt/praejusios-paros-covid-19-statistika,0.23266475644699142
Lithuania,2021-12-28,6853614,6853614,17235,4993167,1860447,9137,8098,4659790,2193824,9137,8098,4659790,2193824,13841,10189,3652,https://osp.stat.gov.lt/praejusios-paros-covid-19-statistika,0.4698578474035393
Lithuania,2021-12-29,6870127,6870127,16513,5004823,1865304,11656,4857,4671446,2198681,11656,4857,4671446,2198681,13242,9527,3715,https://osp.stat.gov.lt/praejusios-paros-covid-19-statistika,0.2941318960818749
Lithuania,2021-12-30,6885129,6885129,15002,5015089,1870040,10266,4736,4681712,2203417,10266,4736,4681712,2203417,12246,8510,3736,https://osp.stat.gov.lt/praejusios-paros-covid-19-statistika,0.3156912411678443
Lithuania,2021-12-31,6901204,6901204,16075,5025323,1875881,10234,5841,4691946,2209258,10234,5841,4691946,2209258,11986,8119,3867,https://osp.stat.gov.lt/praejusios-paros-covid-19-statistika,0.3633592534992224
Lithuania,2022-01-01,6917989,6917989,16785,5036679,1881310,11356,5429,4703302,2214687,11356,5429,4703302,2214687,13150,8684,4466,https://osp.stat.gov.lt/praejusios-paros-covid-19-statistika,0.3234435507893953
Lithuania,2022-01-02,6924426,6924426,6437,5041995,1882431,5316,1121,4708618,2215808,5316,1121,4708618,2215808,13326,8855,4471,https://osp.stat.gov.lt/praejusios-paros-covid-19-statistika,0.17414944850085443
Lithuania,2022-01-03,6931815,6931815,7389,5047587,1884228,5592,1797,4714210,2217605,5592,1797,4714210,2217605,13634,9080,4554,https://osp.stat.gov.lt/praejusios-paros-covid-19-statistika,0.24319935038570847
Lithuania,2022-01-04,6953338,6953338,21523,5059601,1893737,12014,9509,4726224,2227114,12014,9509,4726224,2227114,14246,9491,4756,https://osp.stat.gov.lt/praejusios-paros-covid-19-statistika,0.4418064396227292
Lithuania,2022-01-05,6974006,6974006,20668,5074569,1899437,14968,5700,4741192,2232814,14968,5700,4741192,2232814,14840,9964,4876,https://osp.stat.gov.lt/praejusios-paros-covid-19-statistika,0.2757886587962067
Lithuania,2022-01-06,6994029,6994029,20023,5089466,1904563,14897,5126,4756089,2237940,14897,5126,4756089,2237940,15557,10625,4932,https://osp.stat.gov.lt/praejusios-paros-covid-19-statistika,0.2560055935673975
Lithuania,2022-01-07,7015601,7015601,21572,5105192,1910409,15726,5846,4771815,2243786,15726,5846,4771815,2243786,16342,11410,4933,https://osp.stat.gov.lt/praejusios-paros-covid-19-statistika,0.27099944372334506
Lithuania,2022-01-08,7039384,7039384,23783,5121433,1917951,16241,7542,4788056,2251328,16241,7542,4788056,2251328,17342,12108,5234,https://osp.stat.gov.lt/praejusios-paros-covid-19-statistika,0.3171172686372619
Lithuania,2022-01-09,7054140,7054140,14756,5132608,1921532,11175,3581,4799231,2254909,11175,3581,4799231,2254909,18531,12945,5586,https://osp.stat.gov.lt/praejusios-paros-covid-19-statistika,0.24268094334507997
Lithuania,2022-01-10,7063758,7063758,9618,5140729,1923029,8121,1497,4807352,2256406,8121,1497,4807352,2256406,18849,13306,5543,https://osp.stat.gov.lt/praejusios-paros-covid-19-statistika,0.15564566437928884
Lithuania,2022-01-11,7088166,7088166,24408,5157805,1930361,17076,7332,4824428,2263738,17076,7332,4824428,2263738,19261,14029,5232,https://osp.stat.gov.lt/praejusios-paros-covid-19-statistika,0.30039331366764993
Lithuania,2022-01-12,7116686,7116686,28520,5181836,1934850,24031,4489,4848459,2268227,24031,4489,4848459,2268227,20383,15324,5059,https://osp.stat.gov.lt/praejusios-paros-covid-19-statistika,0.157398316970547
Lithuania,2022-01-13,7143442,7143442,26756,5204351,1939091,22515,4241,4870974,2272468,22515,4241,4870974,2272468,21345,16412,4933,https://osp.stat.gov.lt/praejusios-paros-covid-19-statistika,0.15850650321423232
Lithuania,2022-01-14,7170064,7170064,26622,5226273,1943791,21922,4700,4892896,2277168,21922,4700,4892896,2277168,22066,17297,4769,https://osp.stat.gov.lt/praejusios-paros-covid-19-statistika,0.17654571407106903
Lithuania,2022-01-15,7195287,7195287,25223,5245086,1950201,18813,6410,4911709,2283578,18813,6410,4911709,2283578,22272,17665,4607,https://osp.stat.gov.lt/praejusios-paros-covid-19-statistika,0.25413313245847047
Lithuania,2022-01-16,7212246,7212246,16959,5259527,1952719,14441,2518,4926150,2286096,14441,2518,4926150,2286096,22587,18131,4455,https://osp.stat.gov.lt/praejusios-paros-covid-19-statistika,0.1484757355976178
Lithuania,2022-01-17,7222288,7222288,10042,5268437,1953851,8910,1132,4935060,2287228,8910,1132,4935060,2287228,22647,18244,4403,https://osp.stat.gov.lt/praejusios-paros-covid-19-statistika,0.11272654849631547
Lithuania,2022-01-18,7247865,7247865,25577,5287107,1960758,18670,6907,4953730,2294135,18670,6907,4953730,2294135,22814,18472,4342,https://osp.stat.gov.lt/praejusios-paros-covid-19-statistika,0.2700473081283966
Lithuania,2022-01-19,7276753,7276753,28888,5312101,1964652,24994,3894,4978724,2298029,24994,3894,4978724,2298029,22867,18609,4257,https://osp.stat.gov.lt/praejusios-paros-covid-19-statistika,0.13479645527554693
Lithuania,2022-01-20,7306215,7306215,29462,5338089,1968126,25988,3474,5004712,2301503,25988,3474,5004712,2301503,23253,19105,4148,https://osp.stat.gov.lt/praejusios-paros-covid-19-statistika,0.11791460186002307
Lithuania,2022-01-21,7334392,7334392,28177,5361616,1972776,23527,4650,5028239,2306153,23527,4650,5028239,2306153,23475,19335,4141,https://osp.stat.gov.lt/praejusios-paros-covid-19-statistika,0.1650282145011889
Lithuania,2022-01-22,7357810,7357810,23418,5380578,1977232,18962,4456,5047201,2310609,18962,4456,5047201,2310609,23218,19356,3862,https://osp.stat.gov.lt/praejusios-paros-covid-19-statistika,0.19028098044239475
Lithuania,2022-01-23,7362484,7362484,4674,5393803,1968681,13225,-8551,5050986,2311498,3785,889,5050986,2311498,21463,17834,3629,https://osp.stat.gov.lt/praejusios-paros-covid-19-statistika,0.19028098044239475
Lithuania,2022-01-24,7375751,7375751,13267,5405933,1969818,12130,1137,5063116,2312635,12130,1137,5063116,2312635,21923,18294,3630,https://osp.stat.gov.lt/praejusios-paros-covid-19-statistika,0.08570136428732947
Lithuania,2022-01-25,7400435,7400435,24684,5423966,1976469,18033,6651,5081149,2319286,18033,6651,5081149,2319286,21796,18203,3593,https://osp.stat.gov.lt/praejusios-paros-covid-19-statistika,0.2694457948468644
Lithuania,2022-01-26,7434157,7434157,33722,5453282,1980875,29316,4406,5110465,2323692,29316,4406,5110465,2323692,22486,18820,3666,https://osp.stat.gov.lt/praejusios-paros-covid-19-statistika,0.13065654468892712
Lithuania,2022-01-27,7434157,7434157,0,5453282,1980875,0,0,5110465,2323692,0,0,5110465,2323692,18277,15108,3170,https://osp.stat.gov.lt/praejusios-paros-covid-19-statistika,0.13065654468892712
Lithuania,2022-01-28,7434157,7434157,0,5453282,1980875,0,0,5110465,2323692,0,0,5110465,2323692,14252,11747,2506,https://osp.stat.gov.lt/praejusios-paros-covid-19-statistika,0.13065654468892712
Lithuania,2022-01-29,7434157,7434157,0,5453282,1980875,0,0,5110465,2323692,0,0,5110465,2323692,10907,9038,1869,https://osp.stat.gov.lt/praejusios-paros-covid-19-statistika,0.13065654468892712
Lithuania,2022-01-30,7434157,7434157,0,5453282,1980875,0,0,5110465,2323692,0,0,5110465,2323692,10239,8497,1742,https://osp.stat.gov.lt/praejusios-paros-covid-19-statistika,0.13065654468892712
Lithuania,2022-01-31,7434157,7434157,0,5453282,1980875,0,0,5110465,2323692,0,0,5110465,2323692,8344,6764,1580,https://osp.stat.gov.lt/praejusios-paros-covid-19-statistika,0.13065654468892712
Lithuania,2022-02-01,7434157,7434157,0,5453282,1980875,0,0,5110465,2323692,0,0,5110465,2323692,4817,4188,629,https://osp.stat.gov.lt/praejusios-paros-covid-19-statistika,0.13065654468892712
Lithuania,2022-02-02,7434157,7434157,0,5453282,1980875,0,0,5110465,2323692,0,0,5110465,2323692,0,0,0,https://osp.stat.gov.lt/praejusios-paros-covid-19-statistika,0.13065654468892712
Lithuania,2022-02-03,7434157,7434157,0,5453282,1980875,0,0,5110465,2323692,0,0,5110465,2323692,0,0,0,https://osp.stat.gov.lt/praejusios-paros-covid-19-statistika,0.13065654468892712
Lithuania,2022-02-04,7434157,7434157,0,5453282,1980875,0,0,5110465,2323692,0,0,5110465,2323692,0,0,0,https://osp.stat.gov.lt/praejusios-paros-covid-19-statistika,0.13065654468892712
Lithuania,2022-02-05,7434157,7434157,0,5453282,1980875,0,0,5110465,2323692,0,0,5110465,2323692,0,0,0,https://osp.stat.gov.lt/praejusios-paros-covid-19-statistika,0.13065654468892712
Lithuania,2022-02-06,7434157,7434157,0,5453282,1980875,0,0,5110465,2323692,0,0,5110465,2323692,0,0,0,https://osp.stat.gov.lt/praejusios-paros-covid-19-statistika,0.13065654468892712
Lithuania,2022-02-07,7434157,7434157,0,5453282,1980875,0,0,5110465,2323692,0,0,5110465,2323692,0,0,0,https://osp.stat.gov.lt/praejusios-paros-covid-19-statistika,0.13065654468892712
Lithuania,2022-02-08,7434157,7434157,0,5453282,1980875,0,0,5110465,2323692,0,0,5110465,2323692,0,0,0,https://osp.stat.gov.lt/praejusios-paros-covid-19-statistika,0.13065654468892712
Lithuania,2022-02-09,7434157,7434157,0,5453282,1980875,0,0,5110465,2323692,0,0,5110465,2323692,0,0,0,https://osp.stat.gov.lt/praejusios-paros-covid-19-statistika,0.13065654468892712
Lithuania,2022-02-10,7434157,7434157,0,5453282,1980875,0,0,5110465,2323692,0,0,5110465,2323692,0,0,0,https://osp.stat.gov.lt/praejusios-paros-covid-19-statistika,0.13065654468892712
Lithuania,2022-02-11,7434157,7434157,0,5453282,1980875,0,0,5110465,2323692,0,0,5110465,2323692,0,0,0,https://osp.stat.gov.lt/praejusios-paros-covid-19-statistika,0.13065654468892712
Lithuania,2022-02-12,7434157,7434157,0,5453282,1980875,0,0,5110465,2323692,0,0,5110465,2323692,0,0,0,https://osp.stat.gov.lt/praejusios-paros-covid-19-statistika,0.13065654468892712
Lithuania,2022-02-13,7434157,7434157,0,5453282,1980875,0,0,5110465,2323692,0,0,5110465,2323692,0,0,0,https://osp.stat.gov.lt/praejusios-paros-covid-19-statistika,0.13065654468892712
Lithuania,2022-02-14,7434157,7434157,0,5453282,1980875,0,0,5110465,2323692,0,0,5110465,2323692,0,0,0,https://osp.stat.gov.lt/praejusios-paros-covid-19-statistika,0.13065654468892712
Lithuania,2022-02-15,7434157,7434157,0,5453282,1980875,0,0,5110465,2323692,0,0,5110465,2323692,0,0,0,https://osp.stat.gov.lt/praejusios-paros-covid-19-statistika,0.13065654468892712
Lithuania,2022-02-16,7434157,7434157,0,5453282,1980875,0,0,5110465,2323692,0,0,5110465,2323692,0,0,0,https://osp.stat.gov.lt/praejusios-paros-covid-19-statistika,0.13065654468892712
Lithuania,2022-02-17,7434157,7434157,0,5453282,1980875,0,0,5110465,2323692,0,0,5110465,2323692,0,0,0,https://osp.stat.gov.lt/praejusios-paros-covid-19-statistika,0.13065654468892712
Lithuania,2022-02-18,7434157,7434157,0,5453282,1980875,0,0,5110465,2323692,0,0,5110465,2323692,0,0,0,https://osp.stat.gov.lt/praejusios-paros-covid-19-statistika,0.13065654468892712
Lithuania,2022-02-19,7434157,7434157,0,5453282,1980875,0,0,5110465,2323692,0,0,5110465,2323692,0,0,0,https://osp.stat.gov.lt/praejusios-paros-covid-19-statistika,0.13065654468892712
Lithuania,2022-02-20,7434157,7434157,0,5453282,1980875,0,0,5110465,2323692,0,0,5110465,2323692,0,0,0,https://osp.stat.gov.lt/praejusios-paros-covid-19-statistika,0.13065654468892712
Lithuania,2022-02-21,7434157,7434157,0,5453282,1980875,0,0,5110465,2323692,0,0,5110465,2323692,0,0,0,https://osp.stat.gov.lt/praejusios-paros-covid-19-statistika,0.13065654468892712
Lithuania,2022-02-22,7434157,7434157,0,5453282,1980875,0,0,5110465,2323692,0,0,5110465,2323692,0,0,0,https://osp.stat.gov.lt/praejusios-paros-covid-19-statistika,0.13065654468892712
Lithuania,2022-02-23,7434157,7434157,0,5453282,1980875,0,0,5110465,2323692,0,0,5110465,2323692,0,0,0,https://osp.stat.gov.lt/praejusios-paros-covid-19-statistika,0.13065654468892712
Lithuania,2022-02-24,7434157,7434157,0,5453282,1980875,0,0,5110465,2323692,0,0,5110465,2323692,0,0,0,https://osp.stat.gov.lt/praejusios-paros-covid-19-statistika,0.13065654468892712
Lithuania,2022-02-25,7434157,7434157,0,5453282,1980875,0,0,5110465,2323692,0,0,5110465,2323692,0,0,0,https://osp.stat.gov.lt/praejusios-paros-covid-19-statistika,0.13065654468892712
Lithuania,2022-02-26,7434157,7434157,0,5453282,1980875,0,0,5110465,2323692,0,0,5110465,2323692,0,0,0,https://osp.stat.gov.lt/praejusios-paros-covid-19-statistika,0.13065654468892712
Lithuania,2022-02-27,7434157,7434157,0,5453282,1980875,0,0,5110465,2323692,0,0,5110465,2323692,0,0,0,https://osp.stat.gov.lt/praejusios-paros-covid-19-statistika,0.13065654468892712
Lithuania,2022-02-28,7434157,7434157,0,5453282,1980875,0,0,5110465,2323692,0,0,5110465,2323692,0,0,0,https://osp.stat.gov.lt/praejusios-paros-covid-19-statistika,0.13065654468892712
Lithuania,2022-03-01,7434157,7434157,0,5453282,1980875,0,0,5110465,2323692,0,0,5110465,2323692,0,0,0,https://osp.stat.gov.lt/praejusios-paros-covid-19-statistika,0.13065654468892712
Lithuania,2022-03-02,7434157,7434157,0,5453282,1980875,0,0,5110465,2323692,0,0,5110465,2323692,0,0,0,https://osp.stat.gov.lt/praejusios-paros-covid-19-statistika,0.13065654468892712
Lithuania,2022-03-03,7434157,7434157,0,5453282,1980875,0,0,5110465,2323692,0,0,5110465,2323692,0,0,0,https://osp.stat.gov.lt/praejusios-paros-covid-19-statistika,0.13065654468892712
Lithuania,2022-03-04,7434157,7434157,0,5453282,1980875,0,0,5110465,2323692,0,0,5110465,2323692,0,0,0,https://osp.stat.gov.lt/praejusios-paros-covid-19-statistika,0.13065654468892712
Lithuania,2022-03-05,7434157,7434157,0,5453282,1980875,0,0,5110465,2323692,0,0,5110465,2323692,0,0,0,https://osp.stat.gov.lt/praejusios-paros-covid-19-statistika,0.13065654468892712
Lithuania,2022-03-06,7434157,7434157,0,5453282,1980875,0,0,5110465,2323692,0,0,5110465,2323692,0,0,0,https://osp.stat.gov.lt/praejusios-paros-covid-19-statistika,0.13065654468892712
Lithuania,2022-03-07,7434157,7434157,0,5453282,1980875,0,0,5110465,2323692,0,0,5110465,2323692,0,0,0,https://osp.stat.gov.lt/praejusios-paros-covid-19-statistika,0.13065654468892712
Lithuania,2022-03-08,7434157,7434157,0,5453282,1980875,0,0,5110465,2323692,0,0,5110465,2323692,0,0,0,https://osp.stat.gov.lt/praejusios-paros-covid-19-statistika,0.13065654468892712
Lithuania,2022-03-09,7434157,7434157,0,5453282,1980875,0,0,5110465,2323692,0,0,5110465,2323692,0,0,0,https://osp.stat.gov.lt/praejusios-paros-covid-19-statistika,0.13065654468892712
Lithuania,2022-03-10,7434157,7434157,0,5453282,1980875,0,0,5110465,2323692,0,0,5110465,2323692,0,0,0,https://osp.stat.gov.lt/praejusios-paros-covid-19-statistika,0.13065654468892712
Lithuania,2022-03-11,7434157,7434157,0,5453282,1980875,0,0,5110465,2323692,0,0,5110465,2323692,0,0,0,https://osp.stat.gov.lt/praejusios-paros-covid-19-statistika,0.13065654468892712
Lithuania,2022-03-12,7434157,7434157,0,5453282,1980875,0,0,5110465,2323692,0,0,5110465,2323692,0,0,0,https://osp.stat.gov.lt/praejusios-paros-covid-19-statistika,0.13065654468892712
Lithuania,2022-03-13,7434157,7434157,0,5453282,1980875,0,0,5110465,2323692,0,0,5110465,2323692,0,0,0,https://osp.stat.gov.lt/praejusios-paros-covid-19-statistika,0.13065654468892712
Lithuania,2022-03-14,7434157,7434157,0,5453282,1980875,0,0,5110465,2323692,0,0,5110465,2323692,0,0,0,https://osp.stat.gov.lt/praejusios-paros-covid-19-statistika,0.13065654468892712
Lithuania,2022-03-15,7434157,7434157,0,5453282,1980875,0,0,5110465,2323692,0,0,5110465,2323692,0,0,0,https://osp.stat.gov.lt/praejusios-paros-covid-19-statistika,0.13065654468892712
Lithuania,2022-03-16,7434157,7434157,0,5453282,1980875,0,0,5110465,2323692,0,0,5110465,2323692,0,0,0,https://osp.stat.gov.lt/praejusios-paros-covid-19-statistika,0.13065654468892712
Lithuania,2022-03-17,7434157,7434157,0,5453282,1980875,0,0,5110465,2323692,0,0,5110465,2323692,0,0,0,https://osp.stat.gov.lt/praejusios-paros-covid-19-statistika,0.13065654468892712
Lithuania,2022-03-18,7434157,7434157,0,5453282,1980875,0,0,5110465,2323692,0,0,5110465,2323692,0,0,0,https://osp.stat.gov.lt/praejusios-paros-covid-19-statistika,0.13065654468892712
Slovakia,2021-03-23,22909120,22909120,328620,2279486,20629634,10875,317745,2279486,20629634,10875,317745,2279486,20629634,NA,NA,NA,https://korona.gov.sk/,0.9669070659119956
Slovakia,2021-03-24,23128218,23128218,219098,2290864,20837354,11378,207720,2290864,20837354,11378,207720,2290864,20837354,NA,NA,NA,https://korona.gov.sk/,0.9480689006745839
Slovakia,2021-03-25,23328365,23328365,200147,2300975,21027390,10111,190036,2300975,21027390,10111,190036,2300975,21027390,NA,NA,NA,https://korona.gov.sk/,0.949482130633984
Slovakia,2021-03-26,23512736,23512736,184371,2310054,21202682,9079,175292,2310054,21202682,9079,175292,2310054,21202682,NA,NA,NA,https://korona.gov.sk/,0.9507568977767653
Slovakia,2021-03-27,23836249,23836249,323513,2322443,21513806,12389,311124,2322443,21513806,12389,311124,2322443,21513806,NA,NA,NA,https://korona.gov.sk/,0.9617047846608946
Slovakia,2021-03-28,24435035,24435035,598786,2329530,22105505,7087,591699,2329530,22105505,7087,591699,2329530,22105505,NA,NA,NA,https://korona.gov.sk/,0.9881643859408871
Slovakia,2021-03-29,24770315,24770315,335280,2331828,22438487,2298,332982,2331828,22438487,2298,332982,2331828,22438487,312831,9031,303800,https://korona.gov.sk/,0.9931460272011453
Slovakia,2021-03-30,25132752,25132752,362437,2340533,22792219,8705,353732,2340533,22792219,8705,353732,2340533,22792219,317662,8721,308941,https://korona.gov.sk/,0.975982032739483
Slovakia,2021-03-31,25378086,25378086,245334,2351940,23026146,11407,233927,2351940,23026146,11407,233927,2351940,23026146,321410,8725,312685,https://korona.gov.sk/,0.9535042024342325
Slovakia,2021-04-01,25634349,25634349,256263,2360594,23273755,8654,247609,2360594,23273755,8654,247609,2360594,23273755,329426,8517,320909,https://korona.gov.sk/,0.966230005892384
Slovakia,2021-04-02,25915186,25915186,280837,2373463,23541723,12869,267968,2373463,23541723,12869,267968,2373463,23541723,343207,9058,334149,https://korona.gov.sk/,0.954176265947863
Slovakia,2021-04-03,26096234,26096234,181048,2379759,23716475,6296,174752,2379759,23716475,6296,174752,2379759,23716475,322855,8188,314667,https://korona.gov.sk/,0.9652246917944413
Slovakia,2021-04-04,26711901,26711901,615667,2384180,24327721,4421,611246,2384180,24327721,4421,611246,2384180,24327721,325267,7807,317459,https://korona.gov.sk/,0.9928191701033189
Slovakia,2021-04-05,26926375,26926375,214474,2386011,24540364,1831,212643,2386011,24540364,1831,212643,2386011,24540364,308009,7740,300268,https://korona.gov.sk/,0.991462834655949
Slovakia,2021-04-06,27043526,27043526,117151,2389156,24654370,3145,114006,2389156,24654370,3145,114006,2389156,24654370,272968,6946,266022,https://korona.gov.sk/,0.9731543051275704
Slovakia,2021-04-07,27418747,27418747,375221,2399863,25018884,10707,364514,2399863,25018884,10707,364514,2399863,25018884,291523,6846,284677,https://korona.gov.sk/,0.971464816734671
Slovakia,2021-04-08,27641040,27641040,222293,2411744,25229296,11881,210412,2411744,25229296,11881,210412,2411744,25229296,286670,7307,279363,https://korona.gov.sk/,0.9465525230214177
Slovakia,2021-04-09,27826872,27826872,185832,2420747,25406125,9003,176829,2420747,25406125,9003,176829,2420747,25406125,273098,6755,266343,https://korona.gov.sk/,0.951553015627018
Slovakia,2021-04-10,28114203,28114203,287331,2432500,25681703,11753,275578,2432500,25681703,11753,275578,2432500,25681703,288281,7534,280747,https://korona.gov.sk/,0.9590959555356018
Slovakia,2021-04-11,28702887,28702887,588684,2439970,26262917,7470,581214,2439970,26262917,7470,581214,2439970,26262917,284427,7970,276457,https://korona.gov.sk/,0.9873106794137432
Slovakia,2021-04-12,29058959,29058959,356072,2441472,26617487,1502,354570,2441472,26617487,1502,354570,2441472,26617487,304655,7923,296732,https://korona.gov.sk/,0.9957817520052125
Slovakia,2021-04-13,29383409,29383409,324450,2449747,26933662,8275,316175,2449747,26933662,8275,316175,2449747,26933662,334269,8656,325613,https://korona.gov.sk/,0.9744952997380182
Slovakia,2021-04-14,29580364,29580364,196955,2458340,27122024,8593,188362,2458340,27122024,8593,188362,2458340,27122024,308802,8354,300449,https://korona.gov.sk/,0.9563707445863269
Slovakia,2021-04-15,29797625,29797625,217261,2465652,27331973,7312,209949,2465652,27331973,7312,209949,2465652,27331973,308084,7701,300382,https://korona.gov.sk/,0.9663446269694055
Slovakia,2021-04-16,29992550,29992550,194925,2473314,27519236,7662,187263,2473314,27519236,7662,187263,2473314,27519236,309383,7510,301873,https://korona.gov.sk/,0.9606925740669489
Slovakia,2021-04-17,30310903,30310903,318353,2486691,27824212,13377,304976,2486691,27824212,13377,304976,2486691,27824212,313814,7742,306073,https://korona.gov.sk/,0.9579806064337386
Slovakia,2021-04-18,30885802,30885802,574899,2503748,28382054,17057,557842,2503748,28382054,17057,557842,2503748,28382054,311845,9111,302734,https://korona.gov.sk/,0.9703304406513144
Slovakia,2021-04-19,31277633,31277633,391831,2505182,28772451,1434,390397,2505182,28772451,1434,390397,2505182,28772451,316953,9101,307852,https://korona.gov.sk/,0.9963402589381647
Slovakia,2021-04-20,31596512,31596512,318879,2513141,29083371,7959,310920,2513141,29083371,7959,310920,2513141,29083371,316158,9056,307101,https://korona.gov.sk/,0.9750406894151072
Slovakia,2021-04-21,31823684,31823684,227172,2520570,29303114,7429,219743,2520570,29303114,7429,219743,2520570,29303114,320474,8890,311584,https://korona.gov.sk/,0.9672979064321308
Slovakia,2021-04-22,31977104,31977104,153420,2527366,29449738,6796,146624,2527366,29449738,6796,146624,2527366,29449738,311354,8816,302538,https://korona.gov.sk/,0.9557032981358363
Slovakia,2021-04-23,32115483,32115483,138379,2533929,29581554,6563,131816,2533929,29581554,6563,131816,2533929,29581554,303276,8659,294617,https://korona.gov.sk/,0.9525722833666959
Slovakia,2021-04-24,32432957,32432957,317474,2548241,29884716,14312,303162,2548241,29884716,14312,303162,2548241,29884716,303151,8793,294358,https://korona.gov.sk/,0.9549191429849373
Slovakia,2021-04-25,32970534,32970534,537577,2578835,30391699,30594,506983,2578835,30391699,30594,506983,2578835,30391699,297819,10727,287092,https://korona.gov.sk/,0.9430890830522883
Slovakia,2021-04-26,33356097,33356097,385563,2589457,30766640,10622,374941,2589457,30766640,10622,374941,2589457,30766640,296923,12039,284884,https://korona.gov.sk/,0.972450676024411
Slovakia,2021-04-27,33687664,33687664,331567,2597742,31089922,8285,323282,2597742,31089922,8285,323282,2597742,31089922,298736,12086,286650,https://korona.gov.sk/,0.975012591723543
Slovakia,2021-04-28,33838694,33838694,151030,2605250,31233444,7508,143522,2605250,31233444,7508,143522,2605250,31233444,287859,12097,275761,https://korona.gov.sk/,0.9502880222472356
Slovakia,2021-04-29,33997566,33997566,158872,2611807,31385759,6557,152315,2611807,31385759,6557,152315,2611807,31385759,288637,12063,276574,https://korona.gov.sk/,0.958727780855028
Slovakia,2021-04-30,34163391,34163391,165825,2620819,31542572,9012,156813,2620819,31542572,9012,156813,2620819,31542572,292558,12413,280145,https://korona.gov.sk/,0.9456535504296698
Slovakia,2021-05-01,34435551,34435551,272160,2629250,31806301,8431,263729,2629250,31806301,8431,263729,2629250,31806301,286085,11573,274512,https://korona.gov.sk/,0.96902189888301
Slovakia,2021-05-02,34829241,34829241,393690,2664217,32165024,34967,358723,2664217,32165024,34967,358723,2664217,32165024,265530,12197,253332,https://korona.gov.sk/,0.9111813863699866
Slovakia,2021-05-03,35107484,35107484,278243,2676393,32431091,12176,266067,2676393,32431091,12176,266067,2676393,32431091,250198,12419,237779,https://korona.gov.sk/,0.9562396897675772
Slovakia,2021-05-04,35345283,35345283,237799,2683618,32661665,7225,230574,2683618,32661665,7225,230574,2683618,32661665,236803,12268,224535,https://korona.gov.sk/,0.9696171977174
Slovakia,2021-05-05,35484585,35484585,139302,2691638,32792947,8020,131282,2691638,32792947,8020,131282,2691638,32792947,235127,12341,222786,https://korona.gov.sk/,0.942427244404244
Slovakia,2021-05-06,35586326,35586326,101741,2697906,32888420,6268,95473,2697906,32888420,6268,95473,2697906,32888420,226966,12300,214666,https://korona.gov.sk/,0.9383925850935217
Slovakia,2021-05-07,35687155,35687155,100829,2704901,32982254,6995,93834,2704901,32982254,6995,93834,2704901,32982254,217681,12012,205669,https://korona.gov.sk/,0.9306251177736564
Slovakia,2021-05-08,35854003,35854003,166848,2717033,33136970,12132,154716,2717033,33136970,12132,154716,2717033,33136970,202636,12540,190096,https://korona.gov.sk/,0.9272871116225546
Slovakia,2021-05-09,36011159,36011159,157156,2720699,33290460,3666,153490,2720699,33290460,3666,153490,2720699,33290460,168845,8069,160777,https://korona.gov.sk/,0.9766728600880653
Slovakia,2021-05-10,36172666,36172666,161507,2726117,33446549,5418,156089,2726117,33446549,5418,156089,2726117,33446549,152169,7103,145065,https://korona.gov.sk/,0.9664534664132205
Slovakia,2021-05-11,36355448,36355448,182782,2734112,33621336,7995,174787,2734112,33621336,7995,174787,2734112,33621336,144309,7213,137096,https://korona.gov.sk/,0.9562593690844832
Slovakia,2021-05-12,36463030,36463030,107582,2740888,33722142,6776,100806,2740888,33722142,6776,100806,2740888,33722142,139778,7036,132742,https://korona.gov.sk/,0.9370154858619472
Slovakia,2021-05-13,36571318,36571318,108288,2745856,33825462,4968,103320,2745856,33825462,4968,103320,2745856,33825462,140713,6850,133863,https://korona.gov.sk/,0.9541223404255319
Slovakia,2021-05-14,36661382,36661382,90064,2752948,33908434,7092,82972,2752948,33908434,7092,82972,2752948,33908434,139175,6864,132311,https://korona.gov.sk/,0.9212559957363653
Slovakia,2021-05-15,36800878,36800878,139496,2759676,34041202,6728,132768,2759676,34041202,6728,132768,2759676,34041202,135268,6092,129176,https://korona.gov.sk/,0.9517692263577451
Slovakia,2021-05-16,36952728,36952728,151850,2762414,34190314,2738,149112,2762414,34190314,2738,149112,2762414,34190314,134510,5959,128551,https://korona.gov.sk/,0.9819690484030293
Slovakia,2021-05-17,37083843,37083843,131115,2765568,34318275,3154,127961,2765568,34318275,3154,127961,2765568,34318275,130168,5636,124532,https://korona.gov.sk/,0.9759447812988598
Slovakia,2021-05-18,37250140,37250140,166297,2772844,34477296,7276,159021,2772844,34477296,7276,159021,2772844,34477296,127813,5533,122280,https://korona.gov.sk/,0.9562469557478487
Slovakia,2021-05-19,37342875,37342875,92735,2778680,34564195,5836,86899,2778680,34564195,5836,86899,2778680,34564195,125692,5399,120293,https://korona.gov.sk/,0.9370679894322532
Slovakia,2021-05-20,37430864,37430864,87989,2784277,34646587,5597,82392,2784277,34646587,5597,82392,2784277,34646587,122792,5489,117304,https://korona.gov.sk/,0.9363897759947266
Slovakia,2021-05-21,37503734,37503734,72870,2788281,34715453,4004,68866,2788281,34715453,4004,68866,2788281,34715453,120336,5048,115288,https://korona.gov.sk/,0.9450528338136407
Slovakia,2021-05-22,37609448,37609448,105714,2793952,34815496,5671,100043,2793952,34815496,5671,100043,2793952,34815496,115510,4897,110613,https://korona.gov.sk/,0.9463552604196227
Slovakia,2021-05-23,37707686,37707686,98238,2798074,34909612,4122,94116,2798074,34909612,4122,94116,2798074,34909612,107851,5094,102757,https://korona.gov.sk/,0.9580406767238747
Slovakia,2021-05-24,37810468,37810468,102782,2799241,35011227,1167,101615,2799241,35011227,1167,101615,2799241,35011227,103804,4810,98993,https://korona.gov.sk/,0.9886458718452648
Slovakia,2021-05-25,37922632,37922632,112164,2805853,35116779,6612,105552,2805853,35116779,6612,105552,2805853,35116779,96070,4716,91355,https://korona.gov.sk/,0.9410506044720232
Slovakia,2021-05-26,38002260,38002260,79628,2812008,35190252,6155,73473,2812008,35190252,6155,73473,2812008,35190252,94198,4761,89437,https://korona.gov.sk/,0.9227030692721153
Slovakia,2021-05-27,38075805,38075805,73545,2816985,35258820,4977,68568,2816985,35258820,4977,68568,2816985,35258820,92134,4673,87462,https://korona.gov.sk/,0.9323271466449112
Slovakia,2021-05-28,38137735,38137735,61930,2821167,35316568,4182,57748,2821167,35316568,4182,57748,2821167,35316568,90572,4698,85874,https://korona.gov.sk/,0.9324721459712578
Slovakia,2021-05-29,38137735,38137735,0,2821167,35316568,0,0,2821167,35316568,0,0,2821167,35316568,75470,3888,71582,https://korona.gov.sk/,0.9324721459712578
Slovakia,2021-05-30,38313469,38313469,175734,2829751,35483718,8584,167150,2829751,35483718,8584,167150,2829751,35483718,86540,4525,82015,https://korona.gov.sk/,0.951153447824553
Slovakia,2021-05-31,38389363,38389363,75894,2831060,35558303,1309,74585,2831060,35558303,1309,74585,2831060,35558303,82699,4546,78154,https://korona.gov.sk/,0.982752259730677
Slovakia,2021-06-01,38478578,38478578,89215,2838146,35640432,7086,82129,2838146,35640432,7086,82129,2838146,35640432,79421,4613,74808,https://korona.gov.sk/,0.9205738945244634
Slovakia,2021-06-02,38540820,38540820,62242,2843402,35697418,5256,56986,2843402,35697418,5256,56986,2843402,35697418,76937,4485,72452,https://korona.gov.sk/,0.9155554127438065
Slovakia,2021-06-03,38595394,38595394,54574,2848668,35746726,5266,49308,2848668,35746726,5266,49308,2848668,35746726,74227,4526,69701,https://korona.gov.sk/,0.9035071645838678
Slovakia,2021-06-04,38652398,38652398,57004,2854008,35798390,5340,51664,2854008,35798390,5340,51664,2854008,35798390,73523,4692,68832,https://korona.gov.sk/,0.9063223633429233
Slovakia,2021-06-05,38728884,38728884,76486,2859556,35869328,5548,70938,2859556,35869328,5548,70938,2859556,35869328,84450,5484,78966,https://korona.gov.sk/,0.9274638495933897
Slovakia,2021-06-06,38792441,38792441,63557,2862336,35930105,2780,60777,2862336,35930105,2780,60777,2862336,35930105,68425,4655,63770,https://korona.gov.sk/,0.956259735355665
Slovakia,2021-06-07,38857279,38857279,64838,2863317,35993962,981,63857,2863317,35993962,981,63857,2863317,35993962,66845,4608,62237,https://korona.gov.sk/,0.9848699836515623
Slovakia,2021-06-08,38925577,38925577,68298,2869093,36056484,5776,62522,2869093,36056484,5776,62522,2869093,36056484,63857,4421,59436,https://korona.gov.sk/,0.9154294415649067
Slovakia,2021-06-09,38982445,38982445,56868,2875030,36107415,5937,50931,2875030,36107415,5937,50931,2875030,36107415,63089,4518,58571,https://korona.gov.sk/,0.8956003376239713
Slovakia,2021-06-10,39044130,39044130,61685,2879548,36164582,4518,57167,2879548,36164582,4518,57167,2879548,36164582,64105,4411,59694,https://korona.gov.sk/,0.9267569101078058
Slovakia,2021-06-11,39080975,39080975,36845,2883850,36197125,4302,32543,2883850,36197125,4302,32543,2883850,36197125,61225,4263,56962,https://korona.gov.sk/,0.8832406025240874
Slovakia,2021-06-12,39154068,39154068,73093,2889713,36264355,5863,67230,2889713,36264355,5863,67230,2889713,36264355,60741,4308,56432,https://korona.gov.sk/,0.9197871205176966
Slovakia,2021-06-13,39212294,39212294,58226,2892229,36320065,2516,55710,2892229,36320065,2516,55710,2892229,36320065,59979,4270,55709,https://korona.gov.sk/,0.9567890633050528
Slovakia,2021-06-14,39264330,39264330,52036,2893322,36371008,1093,50943,2893322,36371008,1093,50943,2893322,36371008,58150,4286,53864,https://korona.gov.sk/,0.9789953109385809
Slovakia,2021-06-15,39331415,39331415,67085,2899336,36432079,6014,61071,2899336,36432079,6014,61071,2899336,36432079,57977,4320,53656,https://korona.gov.sk/,0.9103525378251472
Slovakia,2021-06-16,39381244,39381244,49829,2903570,36477674,4234,45595,2903570,36477674,4234,45595,2903570,36477674,56971,4077,52894,https://korona.gov.sk/,0.9150294005498806
Slovakia,2021-06-17,39431800,39431800,50556,2907942,36523858,4372,46184,2907942,36523858,4372,46184,2907942,36523858,55381,4056,51325,https://korona.gov.sk/,0.9135216393702034
Slovakia,2021-06-18,39476574,39476574,44774,2911736,36564838,3794,40980,2911736,36564838,3794,40980,2911736,36564838,56514,3984,52530,https://korona.gov.sk/,0.9152633224639299
Slovakia,2021-06-19,39476574,39476574,0,2911736,36564838,0,0,2911736,36564838,0,0,2911736,36564838,46072,3146,42926,https://korona.gov.sk/,0.9152633224639299
Slovakia,2021-06-20,39476574,39476574,0,2911736,36564838,0,0,2911736,36564838,0,0,2911736,36564838,37754,2787,34968,https://korona.gov.sk/,0.9152633224639299
Slovakia,2021-06-21,39628152,39628152,151578,2920840,36707312,9104,142474,2920840,36707312,9104,142474,2920840,36707312,51975,3931,48043,https://korona.gov.sk/,0.9399385135045983
Slovakia,2021-06-22,39692928,39692928,64776,2926911,36766017,6071,58705,2926911,36766017,6071,58705,2926911,36766017,51645,3939,47705,https://korona.gov.sk/,0.9062770161788317
Slovakia,2021-06-23,39728631,39728631,35703,2931288,36797343,4377,31326,2931288,36797343,4377,31326,2931288,36797343,49627,3960,45667,https://korona.gov.sk/,0.8774052600621797
Slovakia,2021-06-24,39773159,39773159,44528,2935496,36837663,4208,40320,2935496,36837663,4208,40320,2935496,36837663,48766,3936,44829,https://korona.gov.sk/,0.905497664390945
Slovakia,2021-06-25,39815370,39815370,42211,2938855,36876515,3359,38852,2938855,36876515,3359,38852,2938855,36876515,48399,3874,44525,https://korona.gov.sk/,0.920423586268982
Slovakia,2021-06-26,39865966,39865966,50596,2944540,36921426,5685,44911,2944540,36921426,5685,44911,2944540,36921426,55627,4686,50941,https://korona.gov.sk/,0.887639339078188
Slovakia,2021-06-27,39901442,39901442,35476,2947093,36954349,2553,32923,2947093,36954349,2553,32923,2947093,36954349,60695,5051,55644,https://korona.gov.sk/,0.9280358552260684
Slovakia,2021-06-28,39937111,39937111,35669,2947897,36989214,804,34865,2947897,36989214,804,34865,2947897,36989214,44137,3865,40272,https://korona.gov.sk/,0.9774594185427121
Slovakia,2021-06-29,39993348,39993348,56237,2953485,37039863,5588,50649,2953485,37039863,5588,50649,2953485,37039863,42917,3796,39121,https://korona.gov.sk/,0.900634813379092
Slovakia,2021-06-30,40001259,40001259,7911,2959472,36950978,5987,-88885,2954271,37046988,786,7125,2954271,37046988,38947,3283,35664,https://korona.gov.sk/,0.900634813379092
Slovakia,2021-07-01,40104232,40104232,102973,2964856,37139376,5384,188398,2957132,37147100,2861,100112,2957132,37147100,47296,3091,44205,https://korona.gov.sk/,0.9722162017112013
Slovakia,2021-07-02,40127098,40127098,22866,2970298,37156800,5442,17424,2962574,37164524,5442,17424,2962574,37164524,44533,3388,41144,https://korona.gov.sk/,0.7620047231697717
Slovakia,2021-07-03,40152642,40152642,25544,2978570,37174072,8272,17272,2970846,37181796,8272,17272,2970846,37181796,40954,3758,37196,https://korona.gov.sk/,0.6761666144691513
Slovakia,2021-07-04,40152642,40152642,0,2978570,37174072,0,0,2970846,37181796,0,0,2970846,37181796,35886,3393,32492,https://korona.gov.sk/,0.6761666144691513
Slovakia,2021-07-05,40175589,40175589,22947,2984432,37191157,5862,17085,2976708,37198881,5862,17085,2976708,37198881,34068,4116,29952,https://korona.gov.sk/,0.7445417701660347
Slovakia,2021-07-06,40186557,40186557,10968,2987321,37199236,2889,8079,2979597,37206960,2889,8079,2979597,37206960,27601,3730,23871,https://korona.gov.sk/,0.736597374179431
Slovakia,2021-07-07,40204368,40204368,17811,2992958,37211410,5637,12174,2985234,37219134,5637,12174,2985234,37219134,29016,4423,24592,https://korona.gov.sk/,0.6835101903318174
Slovakia,2021-07-08,40226869,40226869,22501,2998203,37228666,5245,17256,2990479,37236390,5245,17256,2990479,37236390,17520,4764,12756,https://korona.gov.sk/,0.7668992489222701
Slovakia,2021-07-09,40240845,40240845,13976,3003874,37236971,5671,8305,2996150,37244695,5671,8305,2996150,37244695,16250,4797,11453,https://korona.gov.sk/,0.5942329708070979
Slovakia,2021-07-10,40264898,40264898,24053,3012777,37252121,8903,15150,3005053,37259845,8903,15150,3005053,37259845,16037,4887,11150,https://korona.gov.sk/,0.6298590612397622
Slovakia,2021-07-11,40277200,40277200,12302,3017476,37259724,4699,7603,3009752,37267448,4699,7603,3009752,37267448,17794,5558,12236,https://korona.gov.sk/,0.6180295886847667
Slovakia,2021-07-12,40283769,40283769,6569,3018508,37265261,1032,5537,3010784,37272985,1032,5537,3010784,37272985,15454,4868,10586,https://korona.gov.sk/,0.8428984624752626
Slovakia,2021-07-13,40304576,40304576,20807,3025036,37279540,6528,14279,3017312,37287264,6528,14279,3017312,37287264,16860,5388,11472,https://korona.gov.sk/,0.6862594319219494
Slovakia,2021-07-14,40335429,40335429,30853,3029733,37305696,4697,26156,3022009,37313420,4697,26156,3022009,37313420,18723,5254,13469,https://korona.gov.sk/,0.8477619680420057
Slovakia,2021-07-15,40353798,40353798,18369,3035642,37318156,5909,12460,3027918,37325880,5909,12460,3027918,37325880,18133,5348,12784,https://korona.gov.sk/,0.6783167292721433
Slovakia,2021-07-16,40381111,40381111,27313,3041797,37339314,6155,21158,3034073,37347038,6155,21158,3034073,37347038,20038,5418,14620,https://korona.gov.sk/,0.7746494343352982
Slovakia,2021-07-17,40381111,40381111,0,3041797,37339314,0,0,3034073,37347038,0,0,3034073,37347038,16602,4146,12456,https://korona.gov.sk/,0.7746494343352982
Slovakia,2021-07-18,40420801,40420801,39690,3057456,37363345,15659,24031,3049732,37371069,15659,24031,3049732,37371069,20514,5711,14803,https://korona.gov.sk/,0.6054673721340388
Slovakia,2021-07-19,40428275,40428275,7474,3058624,37369651,1168,6306,3050900,37377375,1168,6306,3050900,37377375,20644,5731,14913,https://korona.gov.sk/,0.8437249130318437
Slovakia,2021-07-20,40444845,40444845,16570,3066516,37378329,7892,8678,3058792,37386053,7892,8678,3058792,37386053,20038,5926,14113,https://korona.gov.sk/,0.5237175618587809
Slovakia,2021-07-21,40464169,40464169,19324,3073119,37391050,6603,12721,3065395,37398774,6603,12721,3065395,37398774,18391,6198,12193,https://korona.gov.sk/,0.6583005588904989
Slovakia,2021-07-22,40482194,40482194,18025,3079898,37402296,6779,11246,3072174,37410020,6779,11246,3072174,37410020,18342,6322,12020,https://korona.gov.sk/,0.6239112343966713
Slovakia,2021-07-23,40497380,40497380,15186,3087364,37410016,7466,7720,3079640,37417740,7466,7720,3079640,37417740,16610,6510,10100,https://korona.gov.sk/,0.5083629658896351
Slovakia,2021-07-24,40497380,40497380,0,3087364,37410016,0,0,3079640,37417740,0,0,3079640,37417740,16610,6510,10100,https://korona.gov.sk/,0.5083629658896351
Slovakia,2021-07-25,40530199,40530199,32819,3103738,37426461,16374,16445,3096014,37434185,16374,16445,3096014,37434185,15628,6612,9017,https://korona.gov.sk/,0.5010816904841707
Slovakia,2021-07-26,40537640,40537640,7441,3105170,37432470,1432,6009,3097446,37440194,1432,6009,3097446,37440194,15624,6649,8974,https://korona.gov.sk/,0.8075527482865207
Slovakia,2021-07-27,40557527,40557527,19887,3113864,37443663,8694,11193,3106140,37451387,8694,11193,3106140,37451387,16097,6764,9333,https://korona.gov.sk/,0.5628299894403379
Slovakia,2021-07-28,40574694,40574694,17167,3121263,37453431,7399,9768,3113539,37461155,7399,9768,3113539,37461155,15789,6878,8912,https://korona.gov.sk/,0.5689986602201899
Slovakia,2021-07-29,40602085,40602085,27391,3128228,37473857,6965,20426,3120504,37481581,6965,20426,3120504,37481581,17127,6904,10223,https://korona.gov.sk/,0.7457193968821876
Slovakia,2021-07-30,40617495,40617495,15410,3135516,37481979,7288,8122,3127792,37489703,7288,8122,3127792,37489703,17159,6879,10280,https://korona.gov.sk/,0.527060350421804
Slovakia,2021-07-31,40645638,40645638,28143,3145755,37499883,10239,17904,3138031,37507607,10239,17904,3138031,37507607,21180,8342,12838,https://korona.gov.sk/,0.636179511779128
Slovakia,2021-08-01,40657698,40657698,12060,3151619,37506079,5864,6196,3143895,37513803,5864,6196,3143895,37513803,18214,6840,11374,https://korona.gov.sk/,0.5137645107794362
Slovakia,2021-08-02,40666899,40660666,2968,3152824,37514075,1205,7996,3144284,37516382,389,2579,3144284,37516382,17575,6691,10884,https://korona.gov.sk/,0.8690359743506141
Slovakia,2021-08-03,40684229,40660666,0,3160527,37523702,7703,9627,3144284,37516382,0,0,3144284,37516382,14734,5449,9285,https://korona.gov.sk/,0.5555106751298327
Slovakia,2021-08-04,40701037,40660666,0,3167445,37533592,6918,9890,3144284,37516382,0,0,3144284,37516382,12282,4392,7890,https://korona.gov.sk/,0.5884102808186578
Slovakia,2021-08-05,40660666,40660666,0,3173282,37487384,5837,-46208,3144284,37516382,0,0,3144284,37516382,8369,3397,4972,https://korona.gov.sk/,0.5884102808186578
Slovakia,2021-08-06,40660666,40660666,0,3173282,37487384,0,0,3144284,37516382,0,0,3144284,37516382,6167,2356,3811,https://korona.gov.sk/,0.5884102808186578
Slovakia,2021-08-07,40694176,40694176,33510,3190859,37503317,17577,15933,3161861,37532315,17577,15933,3161861,37532315,6934,3404,3530,https://korona.gov.sk/,0.4754700089525515
Slovakia,2021-08-08,40705258,40705258,11082,3195149,37510109,4290,6792,3166151,37539107,4290,6792,3166151,37539107,6794,3179,3615,https://korona.gov.sk/,0.6128857606930157
Slovakia,2021-08-09,40714156,40714156,8898,3197030,37517126,1881,7017,3168032,37546124,1881,7017,3168032,37546124,7641,3393,4249,https://korona.gov.sk/,0.7886041807147673
Slovakia,2021-08-10,40714156,40714156,0,3197030,37517126,0,0,3168032,37546124,0,0,3168032,37546124,7641,3393,4249,https://korona.gov.sk/,0.7886041807147673
Slovakia,2021-08-11,40745303,40745303,31147,3210962,37534341,13932,17215,3181964,37563339,13932,17215,3181964,37563339,12091,5383,6708,https://korona.gov.sk/,0.5527017048190837
Slovakia,2021-08-12,40760198,40760198,14895,3217620,37542578,6658,8237,3188622,37571576,6658,8237,3188622,37571576,14219,6334,7885,https://korona.gov.sk/,0.5530043638804968
Slovakia,2021-08-13,40774223,40774223,14025,3223718,37550505,6098,7927,3194720,37579503,6098,7927,3194720,37579503,16222,7205,9017,https://korona.gov.sk/,0.565204991087344
Slovakia,2021-08-14,40795137,40795137,20914,3232920,37562217,9202,11712,3203922,37591215,9202,11712,3203922,37591215,14423,6009,8414,https://korona.gov.sk/,0.5600076503777374
Slovakia,2021-08-15,40807298,40807298,12161,3237612,37569686,4692,7469,3208614,37598684,4692,7469,3208614,37598684,14577,6066,8511,https://korona.gov.sk/,0.6141764657511718
Slovakia,2021-08-16,40814685,40814685,7387,3238921,37575764,1309,6078,3209923,37604762,1309,6078,3209923,37604762,14361,5984,8377,https://korona.gov.sk/,0.8227968051983213
Slovakia,2021-08-17,40836381,40836381,21696,3246178,37590203,7257,14439,3217180,37619201,7257,14439,3217180,37619201,17461,7021,10440,https://korona.gov.sk/,0.6655143805309734
Slovakia,2021-08-18,40850847,40850847,14466,3252650,37598197,6472,7994,3223652,37627195,6472,7994,3223652,37627195,15078,5955,9122,https://korona.gov.sk/,0.5526061108806858
Slovakia,2021-08-19,40867668,40867668,16821,3258782,37608886,6132,10689,3229784,37637884,6132,10689,3229784,37637884,15353,5880,9473,https://korona.gov.sk/,0.6354556803995006
Slovakia,2021-08-20,40885691,40885691,18023,3264598,37621093,5816,12207,3235600,37650091,5816,12207,3235600,37650091,15924,5840,10084,https://korona.gov.sk/,0.6773012262109527
Slovakia,2021-08-21,40907668,40907668,21977,3272082,37635586,7484,14493,3243084,37664584,7484,14493,3243084,37664584,16076,5595,10481,https://korona.gov.sk/,0.6594621649906721
Slovakia,2021-08-22,40920284,40920284,12616,3276924,37643360,4842,7774,3247926,37672358,4842,7774,3247926,37672358,16141,5616,10525,https://korona.gov.sk/,0.6162016487000634
Slovakia,2021-08-23,40932178,40932178,11894,3277867,37654311,943,10951,3248869,37683309,943,10951,3248869,37683309,16785,5564,11221,https://korona.gov.sk/,0.9207163275601143
Slovakia,2021-08-24,40954512,40954512,22334,3285445,37669067,7578,14756,3256447,37698065,7578,14756,3256447,37698065,16876,5610,11266,https://korona.gov.sk/,0.6606966956210263
Slovakia,2021-08-25,40971897,40971897,17385,3290825,37681072,5380,12005,3261827,37710070,5380,12005,3261827,37710070,17293,5454,11839,https://korona.gov.sk/,0.6905378199597354
Slovakia,2021-08-26,40990718,40990718,18821,3296756,37693962,5931,12890,3267758,37722960,5931,12890,3267758,37722960,17579,5425,12154,https://korona.gov.sk/,0.6848732798469794
Slovakia,2021-08-27,41008296,41008296,17578,3301773,37706523,5017,12561,3272775,37735521,5017,12561,3272775,37735521,17515,5311,12204,https://korona.gov.sk/,0.7145864148367277
Slovakia,2021-08-28,41028838,41028838,20542,3308315,37720523,6542,14000,3279317,37749521,6542,14000,3279317,37749521,17310,5176,12134,https://korona.gov.sk/,0.6815305228312725
Slovakia,2021-08-29,41040634,41040634,11796,3311147,37729487,2832,8964,3282149,37758485,2832,8964,3282149,37758485,17193,4889,12304,https://korona.gov.sk/,0.7599186164801628
Slovakia,2021-08-30,41049134,41049134,8500,3312632,37736502,1485,7015,3283634,37765500,1485,7015,3283634,37765500,16708,4966,11742,https://korona.gov.sk/,0.8252941176470588
Slovakia,2021-08-31,41071153,41071153,22019,3319411,37751742,6779,15240,3290413,37780740,6779,15240,3290413,37780740,16663,4852,11811,https://korona.gov.sk/,0.6921295245015668
Slovakia,2021-09-01,41094226,41094226,23073,3325957,37768269,6546,16527,3296959,37797267,6546,16527,3296959,37797267,17476,5019,12457,https://korona.gov.sk/,0.7162917696008322
Slovakia,2021-09-02,41103881,41103881,9655,3329425,37774456,3468,6187,3300427,37803454,3468,6187,3300427,37803454,16166,4667,11499,https://korona.gov.sk/,0.6408078715691352
Slovakia,2021-09-03,41123343,41123343,19462,3336980,37786363,7555,11907,3307982,37815361,7555,11907,3307982,37815361,16435,5030,11406,https://korona.gov.sk/,0.6118076251156099
Slovakia,2021-09-04,41150701,41150701,27358,3348585,37802116,11605,15753,3319587,37831114,11605,15753,3319587,37831114,17409,5753,11656,https://korona.gov.sk/,0.575809635207252
Slovakia,2021-09-05,41180959,41180959,30258,3369619,37811340,21034,9224,3340621,37840338,21034,9224,3340621,37840338,20046,8353,11693,https://korona.gov.sk/,0.3048449996695089
Slovakia,2021-09-06,41202098,41202098,21139,3383345,37818753,13726,7413,3354347,37847751,13726,7413,3354347,37847751,21852,10102,11750,https://korona.gov.sk/,0.35067884005865935
Slovakia,2021-09-07,41229992,41229992,27894,3391458,37838534,8113,19781,3362460,37867532,8113,19781,3362460,37867532,22691,10292,12399,https://korona.gov.sk/,0.7091489209148921
Slovakia,2021-09-08,41257139,41257139,27147,3400908,37856231,9450,17697,3371910,37885229,9450,17697,3371910,37885229,23273,10707,12566,https://korona.gov.sk/,0.6518952370427672
Slovakia,2021-09-09,41305567,41305567,48428,3435134,37870433,34226,14202,3406136,37899431,34226,14202,3406136,37899431,28812,15101,13711,https://korona.gov.sk/,0.2932600974642769
Slovakia,2021-09-10,41332507,41332507,26940,3441686,37890821,6552,20388,3412688,37919819,6552,20388,3412688,37919819,29881,14958,14923,https://korona.gov.sk/,0.7567928730512249
Slovakia,2021-09-11,41360924,41360924,28417,3449759,37911165,8073,20344,3420761,37940163,8073,20344,3420761,37940163,30032,14453,15578,https://korona.gov.sk/,0.7159094907977619
Slovakia,2021-09-12,41377317,41377317,16393,3454265,37923052,4506,11887,3425267,37952050,4506,11887,3425267,37952050,28051,12092,15959,https://korona.gov.sk/,0.7251265784176173
Slovakia,2021-09-13,41388453,41388453,11136,3455704,37932749,1439,9697,3426706,37961747,1439,9697,3426706,37961747,26622,10337,16285,https://korona.gov.sk/,0.8707794540229885
Slovakia,2021-09-14,41419897,41419897,31444,3463355,37956542,7651,23793,3434357,37985540,7651,23793,3434357,37985540,27129,10271,16858,https://korona.gov.sk/,0.7566785396260017
Slovakia,2021-09-15,41453401,41453401,33504,3472283,37981118,8928,24576,3443285,38010116,8928,24576,3443285,38010116,28037,10196,17841,https://korona.gov.sk/,0.7335243553008596
Slovakia,2021-09-16,41463871,41463871,10470,3476350,37987521,4067,6403,3447352,38016519,4067,6403,3447352,38016519,22615,5888,16727,https://korona.gov.sk/,0.611556829035339
Slovakia,2021-09-17,41492980,41492980,29109,3485349,38007631,8999,20110,3456351,38036629,8999,20110,3456351,38036629,22925,6238,16687,https://korona.gov.sk/,0.6908516266446804
Slovakia,2021-09-18,41529094,41529094,36114,3495433,38033661,10084,26030,3466435,38062659,10084,26030,3466435,38062659,24024,6525,17499,https://korona.gov.sk/,0.7207731073821787
Slovakia,2021-09-19,41548409,41548409,19315,3502218,38046191,6785,12530,3473220,38075189,6785,12530,3473220,38075189,24442,6850,17591,https://korona.gov.sk/,0.6487186124773492
Slovakia,2021-09-20,41565161,41565161,16752,3504199,38060962,1981,14771,3475201,38089960,1981,14771,3475201,38089960,25244,6928,18316,https://korona.gov.sk/,0.8817454632282713
Slovakia,2021-09-21,41565161,41565161,0,3504199,38060962,0,0,3475201,38089960,0,0,3475201,38089960,20752,5835,14917,https://korona.gov.sk/,0.8817454632282713
Slovakia,2021-09-22,41565161,41565161,0,3504199,38060962,0,0,3475201,38089960,0,0,3475201,38089960,15966,4559,11406,https://korona.gov.sk/,0.8817454632282713
Slovakia,2021-09-23,41565161,41565161,0,3504199,38060962,0,0,3475201,38089960,0,0,3475201,38089960,14470,3978,10492,https://korona.gov.sk/,0.8817454632282713
Slovakia,2021-09-24,41565161,41565161,0,3504199,38060962,0,0,3475201,38089960,0,0,3475201,38089960,10312,2693,7619,https://korona.gov.sk/,0.8817454632282713
Slovakia,2021-09-25,41565161,41565161,0,3504199,38060962,0,0,3475201,38089960,0,0,3475201,38089960,5152,1252,3900,https://korona.gov.sk/,0.8817454632282713
Slovakia,2021-09-26,41565161,41565161,0,3504199,38060962,0,0,3475201,38089960,0,0,3475201,38089960,2393,283,2110,https://korona.gov.sk/,0.8817454632282713
Slovakia,2021-09-27,41565161,41565161,0,3504199,38060962,0,0,3475201,38089960,0,0,3475201,38089960,0,0,0,https://korona.gov.sk/,0.8817454632282713
Slovakia,2021-09-28,41565161,41565161,0,3504199,38060962,0,0,3475201,38089960,0,0,3475201,38089960,0,0,0,https://korona.gov.sk/,0.8817454632282713
Slovakia,2021-09-29,41565161,41565161,0,3504199,38060962,0,0,3475201,38089960,0,0,3475201,38089960,0,0,0,https://korona.gov.sk/,0.8817454632282713
Slovakia,2021-09-30,41565161,41565161,0,3504199,38060962,0,0,3475201,38089960,0,0,3475201,38089960,0,0,0,https://korona.gov.sk/,0.8817454632282713
Slovakia,2021-10-01,41565161,41565161,0,3504199,38060962,0,0,3475201,38089960,0,0,3475201,38089960,0,0,0,https://korona.gov.sk/,0.8817454632282713
Slovakia,2021-10-02,41565161,41565161,0,3504199,38060962,0,0,3475201,38089960,0,0,3475201,38089960,0,0,0,https://korona.gov.sk/,0.8817454632282713
Slovakia,2021-10-03,41565161,41565161,0,3504199,38060962,0,0,3475201,38089960,0,0,3475201,38089960,0,0,0,https://korona.gov.sk/,0.8817454632282713
Slovakia,2021-10-04,41565161,41565161,0,3504199,38060962,0,0,3475201,38089960,0,0,3475201,38089960,0,0,0,https://korona.gov.sk/,0.8817454632282713
Slovakia,2021-10-05,41565161,41565161,0,3504199,38060962,0,0,3475201,38089960,0,0,3475201,38089960,0,0,0,https://korona.gov.sk/,0.8817454632282713
Slovakia,2021-10-06,41565161,41565161,0,3504199,38060962,0,0,3475201,38089960,0,0,3475201,38089960,0,0,0,https://korona.gov.sk/,0.8817454632282713
Slovakia,2021-10-07,41565161,41565161,0,3504199,38060962,0,0,3475201,38089960,0,0,3475201,38089960,0,0,0,https://korona.gov.sk/,0.8817454632282713
Slovakia,2021-10-08,41565161,41565161,0,3504199,38060962,0,0,3475201,38089960,0,0,3475201,38089960,0,0,0,https://korona.gov.sk/,0.8817454632282713
Slovakia,2021-10-09,41565161,41565161,0,3504199,38060962,0,0,3475201,38089960,0,0,3475201,38089960,0,0,0,https://korona.gov.sk/,0.8817454632282713
Slovakia,2021-10-10,41565161,41565161,0,3504199,38060962,0,0,3475201,38089960,0,0,3475201,38089960,0,0,0,https://korona.gov.sk/,0.8817454632282713
Slovakia,2021-10-11,41565161,41565161,0,3504199,38060962,0,0,3475201,38089960,0,0,3475201,38089960,0,0,0,https://korona.gov.sk/,0.8817454632282713
Slovakia,2021-10-12,41565161,41565161,0,3504199,38060962,0,0,3475201,38089960,0,0,3475201,38089960,0,0,0,https://korona.gov.sk/,0.8817454632282713
Slovakia,2021-10-13,41565161,41565161,0,3504199,38060962,0,0,3475201,38089960,0,0,3475201,38089960,0,0,0,https://korona.gov.sk/,0.8817454632282713
Slovakia,2021-10-14,41565161,41565161,0,3504199,38060962,0,0,3475201,38089960,0,0,3475201,38089960,0,0,0,https://korona.gov.sk/,0.8817454632282713
Slovakia,2021-10-15,41565161,41565161,0,3504199,38060962,0,0,3475201,38089960,0,0,3475201,38089960,0,0,0,https://korona.gov.sk/,0.8817454632282713
Slovakia,2021-10-16,41565161,41565161,0,3504199,38060962,0,0,3475201,38089960,0,0,3475201,38089960,0,0,0,https://korona.gov.sk/,0.8817454632282713
Slovakia,2021-10-17,41565161,41565161,0,3504199,38060962,0,0,3475201,38089960,0,0,3475201,38089960,0,0,0,https://korona.gov.sk/,0.8817454632282713
Slovakia,2021-10-18,41565161,41565161,0,3504199,38060962,0,0,3475201,38089960,0,0,3475201,38089960,0,0,0,https://korona.gov.sk/,0.8817454632282713
Slovakia,2021-10-19,41565161,41565161,0,3504199,38060962,0,0,3475201,38089960,0,0,3475201,38089960,0,0,0,https://korona.gov.sk/,0.8817454632282713
Slovakia,2021-10-20,41565161,41565161,0,3504199,38060962,0,0,3475201,38089960,0,0,3475201,38089960,0,0,0,https://korona.gov.sk/,0.8817454632282713
Slovakia,2021-10-21,41565161,41565161,0,3504199,38060962,0,0,3475201,38089960,0,0,3475201,38089960,0,0,0,https://korona.gov.sk/,0.8817454632282713
Slovakia,2021-10-22,41565161,41565161,0,3504199,38060962,0,0,3475201,38089960,0,0,3475201,38089960,0,0,0,https://korona.gov.sk/,0.8817454632282713
Slovakia,2021-10-23,41565161,41565161,0,3504199,38060962,0,0,3475201,38089960,0,0,3475201,38089960,0,0,0,https://korona.gov.sk/,0.8817454632282713
Slovakia,2021-10-24,41565161,41565161,0,3504199,38060962,0,0,3475201,38089960,0,0,3475201,38089960,0,0,0,https://korona.gov.sk/,0.8817454632282713
Slovakia,2021-10-25,41565161,41565161,0,3504199,38060962,0,0,3475201,38089960,0,0,3475201,38089960,0,0,0,https://korona.gov.sk/,0.8817454632282713
Slovakia,2021-10-26,41565161,41565161,0,3504199,38060962,0,0,3475201,38089960,0,0,3475201,38089960,0,0,0,https://korona.gov.sk/,0.8817454632282713
Slovakia,2021-10-27,41565161,41565161,0,3504199,38060962,0,0,3475201,38089960,0,0,3475201,38089960,0,0,0,https://korona.gov.sk/,0.8817454632282713
Slovakia,2021-10-28,41565161,41565161,0,3504199,38060962,0,0,3475201,38089960,0,0,3475201,38089960,0,0,0,https://korona.gov.sk/,0.8817454632282713
Slovakia,2021-10-29,41565161,41565161,0,3504199,38060962,0,0,3475201,38089960,0,0,3475201,38089960,0,0,0,https://korona.gov.sk/,0.8817454632282713
Slovakia,2021-10-30,41565161,41565161,0,3504199,38060962,0,0,3475201,38089960,0,0,3475201,38089960,0,0,0,https://korona.gov.sk/,0.8817454632282713
Slovakia,2021-10-31,41565161,41565161,0,3504199,38060962,0,0,3475201,38089960,0,0,3475201,38089960,0,0,0,https://korona.gov.sk/,0.8817454632282713
Slovakia,2021-11-01,41565161,41565161,0,3504199,38060962,0,0,3475201,38089960,0,0,3475201,38089960,0,0,0,https://korona.gov.sk/,0.8817454632282713
Slovakia,2021-11-02,41565161,41565161,0,3504199,38060962,0,0,3475201,38089960,0,0,3475201,38089960,0,0,0,https://korona.gov.sk/,0.8817454632282713
Slovakia,2021-11-03,41565161,41565161,0,3504199,38060962,0,0,3475201,38089960,0,0,3475201,38089960,0,0,0,https://korona.gov.sk/,0.8817454632282713
Slovakia,2021-11-04,41565161,41565161,0,3504199,38060962,0,0,3475201,38089960,0,0,3475201,38089960,0,0,0,https://korona.gov.sk/,0.8817454632282713
Slovakia,2021-11-05,41565161,41565161,0,3504199,38060962,0,0,3475201,38089960,0,0,3475201,38089960,0,0,0,https://korona.gov.sk/,0.8817454632282713
Slovakia,2021-11-06,41565161,41565161,0,3504199,38060962,0,0,3475201,38089960,0,0,3475201,38089960,0,0,0,https://korona.gov.sk/,0.8817454632282713
Slovakia,2021-11-07,41565161,41565161,0,3504199,38060962,0,0,3475201,38089960,0,0,3475201,38089960,0,0,0,https://korona.gov.sk/,0.8817454632282713
Slovakia,2021-11-08,41565161,41565161,0,3504199,38060962,0,0,3475201,38089960,0,0,3475201,38089960,0,0,0,https://korona.gov.sk/,0.8817454632282713
Slovakia,2021-11-09,41565161,41565161,0,3504199,38060962,0,0,3475201,38089960,0,0,3475201,38089960,0,0,0,https://korona.gov.sk/,0.8817454632282713
Slovakia,2021-11-10,41565161,41565161,0,3504199,38060962,0,0,3475201,38089960,0,0,3475201,38089960,0,0,0,https://korona.gov.sk/,0.8817454632282713
Slovakia,2021-11-11,41565161,41565161,0,3504199,38060962,0,0,3475201,38089960,0,0,3475201,38089960,0,0,0,https://korona.gov.sk/,0.8817454632282713
Slovakia,2021-11-12,41565161,41565161,0,3504199,38060962,0,0,3475201,38089960,0,0,3475201,38089960,0,0,0,https://korona.gov.sk/,0.8817454632282713
Slovakia,2021-11-13,41565161,41565161,0,3504199,38060962,0,0,3475201,38089960,0,0,3475201,38089960,0,0,0,https://korona.gov.sk/,0.8817454632282713
Slovakia,2021-11-14,41565161,41565161,0,3504199,38060962,0,0,3475201,38089960,0,0,3475201,38089960,0,0,0,https://korona.gov.sk/,0.8817454632282713
Slovakia,2021-11-15,41565161,41565161,0,3504199,38060962,0,0,3475201,38089960,0,0,3475201,38089960,0,0,0,https://korona.gov.sk/,0.8817454632282713
Slovakia,2021-11-16,41565161,41565161,0,3504199,38060962,0,0,3475201,38089960,0,0,3475201,38089960,0,0,0,https://korona.gov.sk/,0.8817454632282713
Slovakia,2021-11-17,41565161,41565161,0,3504199,38060962,0,0,3475201,38089960,0,0,3475201,38089960,0,0,0,https://korona.gov.sk/,0.8817454632282713
Slovakia,2021-11-18,41565161,41565161,0,3504199,38060962,0,0,3475201,38089960,0,0,3475201,38089960,0,0,0,https://korona.gov.sk/,0.8817454632282713
Slovakia,2021-11-19,41565161,41565161,0,3504199,38060962,0,0,3475201,38089960,0,0,3475201,38089960,0,0,0,https://korona.gov.sk/,0.8817454632282713
Slovakia,2021-11-20,41565161,41565161,0,3504199,38060962,0,0,3475201,38089960,0,0,3475201,38089960,0,0,0,https://korona.gov.sk/,0.8817454632282713
Slovakia,2021-11-21,41565161,41565161,0,3504199,38060962,0,0,3475201,38089960,0,0,3475201,38089960,0,0,0,https://korona.gov.sk/,0.8817454632282713
Slovakia,2021-11-22,41565161,41565161,0,3504199,38060962,0,0,3475201,38089960,0,0,3475201,38089960,0,0,0,https://korona.gov.sk/,0.8817454632282713
Slovakia,2021-11-23,41565161,41565161,0,3504199,38060962,0,0,3475201,38089960,0,0,3475201,38089960,0,0,0,https://korona.gov.sk/,0.8817454632282713
Slovakia,2021-11-24,41565161,41565161,0,3504199,38060962,0,0,3475201,38089960,0,0,3475201,38089960,0,0,0,https://korona.gov.sk/,0.8817454632282713
Slovakia,2021-11-25,41565161,41565161,0,3504199,38060962,0,0,3475201,38089960,0,0,3475201,38089960,0,0,0,https://korona.gov.sk/,0.8817454632282713
Slovakia,2021-11-26,41565161,41565161,0,3504199,38060962,0,0,3475201,38089960,0,0,3475201,38089960,0,0,0,https://korona.gov.sk/,0.8817454632282713
Slovakia,2021-11-27,41565161,41565161,0,3504199,38060962,0,0,3475201,38089960,0,0,3475201,38089960,0,0,0,https://korona.gov.sk/,0.8817454632282713
Slovakia,2021-11-28,41565161,41565161,0,3504199,38060962,0,0,3475201,38089960,0,0,3475201,38089960,0,0,0,https://korona.gov.sk/,0.8817454632282713
Slovakia,2021-11-29,41565161,41565161,0,3504199,38060962,0,0,3475201,38089960,0,0,3475201,38089960,0,0,0,https://korona.gov.sk/,0.8817454632282713
Slovakia,2021-11-30,41565161,41565161,0,3504199,38060962,0,0,3475201,38089960,0,0,3475201,38089960,0,0,0,https://korona.gov.sk/,0.8817454632282713
Slovakia,2021-12-01,41565161,41565161,0,3504199,38060962,0,0,3475201,38089960,0,0,3475201,38089960,0,0,0,https://korona.gov.sk/,0.8817454632282713
Slovakia,2021-12-02,41565161,41565161,0,3504199,38060962,0,0,3475201,38089960,0,0,3475201,38089960,0,0,0,https://korona.gov.sk/,0.8817454632282713
Slovakia,2021-12-03,41565161,41565161,0,3504199,38060962,0,0,3475201,38089960,0,0,3475201,38089960,0,0,0,https://korona.gov.sk/,0.8817454632282713
Slovakia,2021-12-04,41565161,41565161,0,3504199,38060962,0,0,3475201,38089960,0,0,3475201,38089960,0,0,0,https://korona.gov.sk/,0.8817454632282713
Slovakia,2021-12-05,41565161,41565161,0,3504199,38060962,0,0,3475201,38089960,0,0,3475201,38089960,0,0,0,https://korona.gov.sk/,0.8817454632282713
Slovakia,2021-12-06,41565161,41565161,0,3504199,38060962,0,0,3475201,38089960,0,0,3475201,38089960,0,0,0,https://korona.gov.sk/,0.8817454632282713
Slovakia,2021-12-07,41565161,41565161,0,3504199,38060962,0,0,3475201,38089960,0,0,3475201,38089960,0,0,0,https://korona.gov.sk/,0.8817454632282713
Slovakia,2021-12-08,41565161,41565161,0,3504199,38060962,0,0,3475201,38089960,0,0,3475201,38089960,0,0,0,https://korona.gov.sk/,0.8817454632282713
Slovakia,2021-12-09,41565161,41565161,0,3504199,38060962,0,0,3475201,38089960,0,0,3475201,38089960,0,0,0,https://korona.gov.sk/,0.8817454632282713
Slovakia,2021-12-10,41565161,41565161,0,3504199,38060962,0,0,3475201,38089960,0,0,3475201,38089960,0,0,0,https://korona.gov.sk/,0.8817454632282713
Slovakia,2021-12-11,41565161,41565161,0,3504199,38060962,0,0,3475201,38089960,0,0,3475201,38089960,0,0,0,https://korona.gov.sk/,0.8817454632282713
Slovakia,2021-12-12,41565161,41565161,0,3504199,38060962,0,0,3475201,38089960,0,0,3475201,38089960,0,0,0,https://korona.gov.sk/,0.8817454632282713
Slovakia,2021-12-13,41565161,41565161,0,3504199,38060962,0,0,3475201,38089960,0,0,3475201,38089960,0,0,0,https://korona.gov.sk/,0.8817454632282713
Slovakia,2021-12-14,41565161,41565161,0,3504199,38060962,0,0,3475201,38089960,0,0,3475201,38089960,0,0,0,https://korona.gov.sk/,0.8817454632282713
Slovakia,2021-12-15,41565161,41565161,0,3504199,38060962,0,0,3475201,38089960,0,0,3475201,38089960,0,0,0,https://korona.gov.sk/,0.8817454632282713
Slovakia,2021-12-16,41565161,41565161,0,3504199,38060962,0,0,3475201,38089960,0,0,3475201,38089960,0,0,0,https://korona.gov.sk/,0.8817454632282713
Slovakia,2021-12-17,41565161,41565161,0,3504199,38060962,0,0,3475201,38089960,0,0,3475201,38089960,0,0,0,https://korona.gov.sk/,0.8817454632282713
Slovakia,2021-12-18,41565161,41565161,0,3504199,38060962,0,0,3475201,38089960,0,0,3475201,38089960,0,0,0,https://korona.gov.sk/,0.8817454632282713
Slovakia,2021-12-19,41565161,41565161,0,3504199,38060962,0,0,3475201,38089960,0,0,3475201,38089960,0,0,0,https://korona.gov.sk/,0.8817454632282713
Slovakia,2021-12-20,41565161,41565161,0,3504199,38060962,0,0,3475201,38089960,0,0,3475201,38089960,0,0,0,https://korona.gov.sk/,0.8817454632282713
Slovakia,2021-12-21,41565161,41565161,0,3504199,38060962,0,0,3475201,38089960,0,0,3475201,38089960,0,0,0,https://korona.gov.sk/,0.8817454632282713
Slovakia,2021-12-22,41565161,41565161,0,3504199,38060962,0,0,3475201,38089960,0,0,3475201,38089960,0,0,0,https://korona.gov.sk/,0.8817454632282713
Slovakia,2021-12-23,41565161,41565161,0,3504199,38060962,0,0,3475201,38089960,0,0,3475201,38089960,0,0,0,https://korona.gov.sk/,0.8817454632282713
Slovakia,2021-12-24,41565161,41565161,0,3504199,38060962,0,0,3475201,38089960,0,0,3475201,38089960,0,0,0,https://korona.gov.sk/,0.8817454632282713
Slovakia,2021-12-25,41565161,41565161,0,3504199,38060962,0,0,3475201,38089960,0,0,3475201,38089960,0,0,0,https://korona.gov.sk/,0.8817454632282713
Slovakia,2021-12-26,41565161,41565161,0,3504199,38060962,0,0,3475201,38089960,0,0,3475201,38089960,0,0,0,https://korona.gov.sk/,0.8817454632282713
Slovakia,2021-12-27,41565161,41565161,0,3504199,38060962,0,0,3475201,38089960,0,0,3475201,38089960,0,0,0,https://korona.gov.sk/,0.8817454632282713
Slovakia,2021-12-28,41565161,41565161,0,3504199,38060962,0,0,3475201,38089960,0,0,3475201,38089960,0,0,0,https://korona.gov.sk/,0.8817454632282713
Slovakia,2021-12-29,41565161,41565161,0,3504199,38060962,0,0,3475201,38089960,0,0,3475201,38089960,0,0,0,https://korona.gov.sk/,0.8817454632282713
Slovakia,2021-12-30,41565161,41565161,0,3504199,38060962,0,0,3475201,38089960,0,0,3475201,38089960,0,0,0,https://korona.gov.sk/,0.8817454632282713
Slovakia,2021-12-31,41565161,41565161,0,3504199,38060962,0,0,3475201,38089960,0,0,3475201,38089960,0,0,0,https://korona.gov.sk/,0.8817454632282713
Slovakia,2022-01-01,41565161,41565161,0,3504199,38060962,0,0,3475201,38089960,0,0,3475201,38089960,0,0,0,https://korona.gov.sk/,0.8817454632282713
Slovakia,2022-01-02,41565161,41565161,0,3504199,38060962,0,0,3475201,38089960,0,0,3475201,38089960,0,0,0,https://korona.gov.sk/,0.8817454632282713
Slovakia,2022-01-03,41565161,41565161,0,3504199,38060962,0,0,3475201,38089960,0,0,3475201,38089960,0,0,0,https://korona.gov.sk/,0.8817454632282713
Slovakia,2022-01-04,41565161,41565161,0,3504199,38060962,0,0,3475201,38089960,0,0,3475201,38089960,0,0,0,https://korona.gov.sk/,0.8817454632282713
Slovakia,2022-01-05,41565161,41565161,0,3504199,38060962,0,0,3475201,38089960,0,0,3475201,38089960,0,0,0,https://korona.gov.sk/,0.8817454632282713
Slovakia,2022-01-06,41565161,41565161,0,3504199,38060962,0,0,3475201,38089960,0,0,3475201,38089960,0,0,0,https://korona.gov.sk/,0.8817454632282713
Slovakia,2022-01-07,41565161,41565161,0,3504199,38060962,0,0,3475201,38089960,0,0,3475201,38089960,0,0,0,https://korona.gov.sk/,0.8817454632282713
Slovakia,2022-01-08,41565161,41565161,0,3504199,38060962,0,0,3475201,38089960,0,0,3475201,38089960,0,0,0,https://korona.gov.sk/,0.8817454632282713
Slovakia,2022-01-09,41565161,41565161,0,3504199,38060962,0,0,3475201,38089960,0,0,3475201,38089960,0,0,0,https://korona.gov.sk/,0.8817454632282713
Slovakia,2022-01-10,41565161,41565161,0,3504199,38060962,0,0,3475201,38089960,0,0,3475201,38089960,0,0,0,https://korona.gov.sk/,0.8817454632282713
Slovakia,2022-01-11,41565161,41565161,0,3504199,38060962,0,0,3475201,38089960,0,0,3475201,38089960,0,0,0,https://korona.gov.sk/,0.8817454632282713
Slovakia,2022-01-12,41565161,41565161,0,3504199,38060962,0,0,3475201,38089960,0,0,3475201,38089960,0,0,0,https://korona.gov.sk/,0.8817454632282713
Slovakia,2022-01-13,41565161,41565161,0,3504199,38060962,0,0,3475201,38089960,0,0,3475201,38089960,0,0,0,https://korona.gov.sk/,0.8817454632282713
Slovakia,2022-01-14,41565161,41565161,0,3504199,38060962,0,0,3475201,38089960,0,0,3475201,38089960,0,0,0,https://korona.gov.sk/,0.8817454632282713
Slovakia,2022-01-15,41565161,41565161,0,3504199,38060962,0,0,3475201,38089960,0,0,3475201,38089960,0,0,0,https://korona.gov.sk/,0.8817454632282713
Slovakia,2022-01-16,41565161,41565161,0,3504199,38060962,0,0,3475201,38089960,0,0,3475201,38089960,0,0,0,https://korona.gov.sk/,0.8817454632282713
Slovakia,2022-01-17,41565161,41565161,0,3504199,38060962,0,0,3475201,38089960,0,0,3475201,38089960,0,0,0,https://korona.gov.sk/,0.8817454632282713
Slovakia,2022-01-18,41565161,41565161,0,3504199,38060962,0,0,3475201,38089960,0,0,3475201,38089960,0,0,0,https://korona.gov.sk/,0.8817454632282713
Slovakia,2022-01-19,41565161,41565161,0,3504199,38060962,0,0,3475201,38089960,0,0,3475201,38089960,0,0,0,https://korona.gov.sk/,0.8817454632282713
Slovakia,2022-01-20,41565161,41565161,0,3504199,38060962,0,0,3475201,38089960,0,0,3475201,38089960,0,0,0,https://korona.gov.sk/,0.8817454632282713
Slovakia,2022-01-21,41565161,41565161,0,3504199,38060962,0,0,3475201,38089960,0,0,3475201,38089960,0,0,0,https://korona.gov.sk/,0.8817454632282713
Slovakia,2022-01-22,41565161,41565161,0,3504199,38060962,0,0,3475201,38089960,0,0,3475201,38089960,0,0,0,https://korona.gov.sk/,0.8817454632282713
Slovakia,2022-01-23,41565161,41565161,0,3504199,38060962,0,0,3475201,38089960,0,0,3475201,38089960,0,0,0,https://korona.gov.sk/,0.8817454632282713
Slovakia,2022-01-24,41565161,41565161,0,3504199,38060962,0,0,3475201,38089960,0,0,3475201,38089960,0,0,0,https://korona.gov.sk/,0.8817454632282713
Slovakia,2022-01-25,41565161,41565161,0,3504199,38060962,0,0,3475201,38089960,0,0,3475201,38089960,0,0,0,https://korona.gov.sk/,0.8817454632282713
Slovakia,2022-01-26,41565161,41565161,0,3504199,38060962,0,0,3475201,38089960,0,0,3475201,38089960,0,0,0,https://korona.gov.sk/,0.8817454632282713
Slovakia,2022-01-27,41565161,41565161,0,3504199,38060962,0,0,3475201,38089960,0,0,3475201,38089960,0,0,0,https://korona.gov.sk/,0.8817454632282713
Slovakia,2022-01-28,41565161,41565161,0,3504199,38060962,0,0,3475201,38089960,0,0,3475201,38089960,0,0,0,https://korona.gov.sk/,0.8817454632282713
Slovakia,2022-01-29,41565161,41565161,0,3504199,38060962,0,0,3475201,38089960,0,0,3475201,38089960,0,0,0,https://korona.gov.sk/,0.8817454632282713
Slovakia,2022-01-30,41565161,41565161,0,3504199,38060962,0,0,3475201,38089960,0,0,3475201,38089960,0,0,0,https://korona.gov.sk/,0.8817454632282713
Slovakia,2022-01-31,41565161,41565161,0,3504199,38060962,0,0,3475201,38089960,0,0,3475201,38089960,0,0,0,https://korona.gov.sk/,0.8817454632282713
Slovakia,2022-02-01,41565161,41565161,0,3504199,38060962,0,0,3475201,38089960,0,0,3475201,38089960,0,0,0,https://korona.gov.sk/,0.8817454632282713
Slovakia,2022-02-02,41565161,41565161,0,3504199,38060962,0,0,3475201,38089960,0,0,3475201,38089960,0,0,0,https://korona.gov.sk/,0.8817454632282713
Slovakia,2022-02-03,41565161,41565161,0,3504199,38060962,0,0,3475201,38089960,0,0,3475201,38089960,0,0,0,https://korona.gov.sk/,0.8817454632282713
Slovakia,2022-02-04,41565161,41565161,0,3504199,38060962,0,0,3475201,38089960,0,0,3475201,38089960,0,0,0,https://korona.gov.sk/,0.8817454632282713
Slovakia,2022-02-05,41565161,41565161,0,3504199,38060962,0,0,3475201,38089960,0,0,3475201,38089960,0,0,0,https://korona.gov.sk/,0.8817454632282713
Slovakia,2022-02-06,41565161,41565161,0,3504199,38060962,0,0,3475201,38089960,0,0,3475201,38089960,0,0,0,https://korona.gov.sk/,0.8817454632282713
Slovakia,2022-02-07,41565161,41565161,0,3504199,38060962,0,0,3475201,38089960,0,0,3475201,38089960,0,0,0,https://korona.gov.sk/,0.8817454632282713
Slovakia,2022-02-08,41565161,41565161,0,3504199,38060962,0,0,3475201,38089960,0,0,3475201,38089960,0,0,0,https://korona.gov.sk/,0.8817454632282713
Slovakia,2022-02-09,41565161,41565161,0,3504199,38060962,0,0,3475201,38089960,0,0,3475201,38089960,0,0,0,https://korona.gov.sk/,0.8817454632282713
Slovakia,2022-02-10,41565161,41565161,0,3504199,38060962,0,0,3475201,38089960,0,0,3475201,38089960,0,0,0,https://korona.gov.sk/,0.8817454632282713
Slovakia,2022-02-11,41565161,41565161,0,3504199,38060962,0,0,3475201,38089960,0,0,3475201,38089960,0,0,0,https://korona.gov.sk/,0.8817454632282713
Slovakia,2022-02-12,41565161,41565161,0,3504199,38060962,0,0,3475201,38089960,0,0,3475201,38089960,0,0,0,https://korona.gov.sk/,0.8817454632282713
Slovakia,2022-02-13,41565161,41565161,0,3504199,38060962,0,0,3475201,38089960,0,0,3475201,38089960,0,0,0,https://korona.gov.sk/,0.8817454632282713
Slovakia,2022-02-14,41565161,41565161,0,3504199,38060962,0,0,3475201,38089960,0,0,3475201,38089960,0,0,0,https://korona.gov.sk/,0.8817454632282713
Slovakia,2022-02-15,41565161,41565161,0,3504199,38060962,0,0,3475201,38089960,0,0,3475201,38089960,0,0,0,https://korona.gov.sk/,0.8817454632282713
Slovakia,2022-02-16,41565161,41565161,0,3504199,38060962,0,0,3475201,38089960,0,0,3475201,38089960,0,0,0,https://korona.gov.sk/,0.8817454632282713
Slovakia,2022-02-17,41565161,41565161,0,3504199,38060962,0,0,3475201,38089960,0,0,3475201,38089960,0,0,0,https://korona.gov.sk/,0.8817454632282713
Slovakia,2022-02-18,41565161,41565161,0,3504199,38060962,0,0,3475201,38089960,0,0,3475201,38089960,0,0,0,https://korona.gov.sk/,0.8817454632282713
Slovakia,2022-02-19,41565161,41565161,0,3504199,38060962,0,0,3475201,38089960,0,0,3475201,38089960,0,0,0,https://korona.gov.sk/,0.8817454632282713
Slovakia,2022-02-20,41565161,41565161,0,3504199,38060962,0,0,3475201,38089960,0,0,3475201,38089960,0,0,0,https://korona.gov.sk/,0.8817454632282713
Slovakia,2022-02-21,41565161,41565161,0,3504199,38060962,0,0,3475201,38089960,0,0,3475201,38089960,0,0,0,https://korona.gov.sk/,0.8817454632282713
Slovakia,2022-02-22,41565161,41565161,0,3504199,38060962,0,0,3475201,38089960,0,0,3475201,38089960,0,0,0,https://korona.gov.sk/,0.8817454632282713
Slovakia,2022-02-23,41565161,41565161,0,3504199,38060962,0,0,3475201,38089960,0,0,3475201,38089960,0,0,0,https://korona.gov.sk/,0.8817454632282713
Slovakia,2022-02-24,41565161,41565161,0,3504199,38060962,0,0,3475201,38089960,0,0,3475201,38089960,0,0,0,https://korona.gov.sk/,0.8817454632282713
Slovakia,2022-02-25,41565161,41565161,0,3504199,38060962,0,0,3475201,38089960,0,0,3475201,38089960,0,0,0,https://korona.gov.sk/,0.8817454632282713
Slovakia,2022-02-26,41565161,41565161,0,3504199,38060962,0,0,3475201,38089960,0,0,3475201,38089960,0,0,0,https://korona.gov.sk/,0.8817454632282713
Slovakia,2022-02-27,41565161,41565161,0,3504199,38060962,0,0,3475201,38089960,0,0,3475201,38089960,0,0,0,https://korona.gov.sk/,0.8817454632282713
Slovakia,2022-02-28,41565161,41565161,0,3504199,38060962,0,0,3475201,38089960,0,0,3475201,38089960,0,0,0,https://korona.gov.sk/,0.8817454632282713
Slovakia,2022-03-01,41565161,41565161,0,3504199,38060962,0,0,3475201,38089960,0,0,3475201,38089960,0,0,0,https://korona.gov.sk/,0.8817454632282713
Slovakia,2022-03-02,41565161,41565161,0,3504199,38060962,0,0,3475201,38089960,0,0,3475201,38089960,0,0,0,https://korona.gov.sk/,0.8817454632282713
Slovakia,2022-03-03,41565161,41565161,0,3504199,38060962,0,0,3475201,38089960,0,0,3475201,38089960,0,0,0,https://korona.gov.sk/,0.8817454632282713
Slovakia,2022-03-04,41565161,41565161,0,3504199,38060962,0,0,3475201,38089960,0,0,3475201,38089960,0,0,0,https://korona.gov.sk/,0.8817454632282713
Slovakia,2022-03-05,41565161,41565161,0,3504199,38060962,0,0,3475201,38089960,0,0,3475201,38089960,0,0,0,https://korona.gov.sk/,0.8817454632282713
Slovakia,2022-03-06,41565161,41565161,0,3504199,38060962,0,0,3475201,38089960,0,0,3475201,38089960,0,0,0,https://korona.gov.sk/,0.8817454632282713
Slovakia,2022-03-07,41565161,41565161,0,3504199,38060962,0,0,3475201,38089960,0,0,3475201,38089960,0,0,0,https://korona.gov.sk/,0.8817454632282713
Slovakia,2022-03-08,41565161,41565161,0,3504199,38060962,0,0,3475201,38089960,0,0,3475201,38089960,0,0,0,https://korona.gov.sk/,0.8817454632282713
Slovakia,2022-03-09,41565161,41565161,0,3504199,38060962,0,0,3475201,38089960,0,0,3475201,38089960,0,0,0,https://korona.gov.sk/,0.8817454632282713
Slovakia,2022-03-10,41565161,41565161,0,3504199,38060962,0,0,3475201,38089960,0,0,3475201,38089960,0,0,0,https://korona.gov.sk/,0.8817454632282713
Slovakia,2022-03-11,41565161,41565161,0,3504199,38060962,0,0,3475201,38089960,0,0,3475201,38089960,0,0,0,https://korona.gov.sk/,0.8817454632282713
Slovakia,2022-03-12,41565161,41565161,0,3504199,38060962,0,0,3475201,38089960,0,0,3475201,38089960,0,0,0,https://korona.gov.sk/,0.8817454632282713
Slovakia,2022-03-13,41565161,41565161,0,3504199,38060962,0,0,3475201,38089960,0,0,3475201,38089960,0,0,0,https://korona.gov.sk/,0.8817454632282713
Slovakia,2022-03-14,41565161,41565161,0,3504199,38060962,0,0,3475201,38089960,0,0,3475201,38089960,0,0,0,https://korona.gov.sk/,0.8817454632282713
Slovakia,2022-03-15,41565161,41565161,0,3504199,38060962,0,0,3475201,38089960,0,0,3475201,38089960,0,0,0,https://korona.gov.sk/,0.8817454632282713
Slovakia,2022-03-16,41565161,41565161,0,3504199,38060962,0,0,3475201,38089960,0,0,3475201,38089960,0,0,0,https://korona.gov.sk/,0.8817454632282713
Slovakia,2022-03-17,41565161,41565161,0,3504199,38060962,0,0,3475201,38089960,0,0,3475201,38089960,0,0,0,https://korona.gov.sk/,0.8817454632282713
Slovakia,2022-03-18,41565161,41565161,0,3504199,38060962,0,0,3475201,38089960,0,0,3475201,38089960,0,0,0,https://korona.gov.sk/,0.8817454632282713
Slovenia,2021-03-23,2427812,2427812,53578,1014210,1413602,5022,48556,1014210,1413602,5022,48556,1014210,1413602,NA,NA,NA,https://www.nijz.si/sl/dnevno-spremljanje-okuzb-s-sars-cov-2-covid-19,0.9062674978535966
Slovenia,2021-03-24,2462511,2462511,34699,1021189,1441322,6979,27720,1021189,1441322,6979,27720,1021189,1441322,NA,NA,NA,https://www.nijz.si/sl/dnevno-spremljanje-okuzb-s-sars-cov-2-covid-19,0.7988702844462376
Slovenia,2021-03-25,2500287,2500287,37776,1027621,1472666,6432,31344,1027621,1472666,6432,31344,1027621,1472666,NA,NA,NA,https://www.nijz.si/sl/dnevno-spremljanje-okuzb-s-sars-cov-2-covid-19,0.829733163913596
Slovenia,2021-03-26,2535274,2535274,34987,1034258,1501016,6637,28350,1034258,1501016,6637,28350,1034258,1501016,NA,NA,NA,https://www.nijz.si/sl/dnevno-spremljanje-okuzb-s-sars-cov-2-covid-19,0.8103009689313173
Slovenia,2021-03-27,2575248,2575248,39974,1041034,1534214,6776,33198,1041034,1534214,6776,33198,1041034,1534214,NA,NA,NA,https://www.nijz.si/sl/dnevno-spremljanje-okuzb-s-sars-cov-2-covid-19,0.8304898183819482
Slovenia,2021-03-28,2586119,2586119,10871,1044495,1541624,3461,7410,1044495,1541624,3461,7410,1044495,1541624,NA,NA,NA,https://www.nijz.si/sl/dnevno-spremljanje-okuzb-s-sars-cov-2-covid-19,0.6816300248367215
Slovenia,2021-03-29,2594516,2594516,8397,1046269,1548247,1774,6623,1046269,1548247,1774,6623,1046269,1548247,31469,5297,26172,https://www.nijz.si/sl/dnevno-spremljanje-okuzb-s-sars-cov-2-covid-19,0.788734071692271
Slovenia,2021-03-30,2648501,2648501,53985,1051664,1596837,5395,48590,1051664,1596837,5395,48590,1051664,1596837,31527,5351,26176,https://www.nijz.si/sl/dnevno-spremljanje-okuzb-s-sars-cov-2-covid-19,0.9000648328239326
Slovenia,2021-03-31,2682080,2682080,33579,1058870,1623210,7206,26373,1058870,1623210,7206,26373,1058870,1623210,31367,5383,25984,https://www.nijz.si/sl/dnevno-spremljanje-okuzb-s-sars-cov-2-covid-19,0.7854015902796391
Slovenia,2021-04-01,2710785,2710785,28705,1064492,1646293,5622,23083,1064492,1646293,5622,23083,1064492,1646293,30071,5267,24804,https://www.nijz.si/sl/dnevno-spremljanje-okuzb-s-sars-cov-2-covid-19,0.8041456192300993
Slovenia,2021-04-02,2735587,2735587,24802,1069845,1665742,5353,19449,1069845,1665742,5353,19449,1069845,1665742,28616,5084,23532,https://www.nijz.si/sl/dnevno-spremljanje-okuzb-s-sars-cov-2-covid-19,0.7841706314006935
Slovenia,2021-04-03,2760368,2760368,24781,1074848,1685520,5003,19778,1074848,1685520,5003,19778,1074848,1685520,26446,4831,21615,https://www.nijz.si/sl/dnevno-spremljanje-okuzb-s-sars-cov-2-covid-19,0.7981114563576934
Slovenia,2021-04-04,2767404,2767404,7036,1077645,1689759,2797,4239,1077645,1689759,2797,4239,1077645,1689759,25898,4736,21162,https://www.nijz.si/sl/dnevno-spremljanje-okuzb-s-sars-cov-2-covid-19,0.6024729960204662
Slovenia,2021-04-05,2770334,2770334,2930,1079181,1691153,1536,1394,1079181,1691153,1536,1394,1079181,1691153,25117,4702,20415,https://www.nijz.si/sl/dnevno-spremljanje-okuzb-s-sars-cov-2-covid-19,0.4757679180887372
Slovenia,2021-04-06,2775896,2775896,5562,1081060,1694836,1879,3683,1081060,1694836,1879,3683,1081060,1694836,18199,4199,14000,https://www.nijz.si/sl/dnevno-spremljanje-okuzb-s-sars-cov-2-covid-19,0.6621718806184825
Slovenia,2021-04-07,2811624,2811624,35728,1085872,1725752,4812,30916,1085872,1725752,4812,30916,1085872,1725752,18506,3857,14649,https://www.nijz.si/sl/dnevno-spremljanje-okuzb-s-sars-cov-2-covid-19,0.8653157187639946
Slovenia,2021-04-08,2839758,2839758,28134,1091232,1748526,5360,22774,1091232,1748526,5360,22774,1091232,1748526,18425,3820,14605,https://www.nijz.si/sl/dnevno-spremljanje-okuzb-s-sars-cov-2-covid-19,0.8094831876021895
Slovenia,2021-04-09,2867308,2867308,27550,1096430,1770878,5198,22352,1096430,1770878,5198,22352,1096430,1770878,18817,3798,15019,https://www.nijz.si/sl/dnevno-spremljanje-okuzb-s-sars-cov-2-covid-19,0.8113248638838475
Slovenia,2021-04-10,2899648,2899648,32340,1101160,1798488,4730,27610,1101160,1798488,4730,27610,1101160,1798488,19897,3759,16138,https://www.nijz.si/sl/dnevno-spremljanje-okuzb-s-sars-cov-2-covid-19,0.8537414965986394
Slovenia,2021-04-11,2910284,2910284,10636,1104024,1806260,2864,7772,1104024,1806260,2864,7772,1104024,1806260,20411,3768,16643,https://www.nijz.si/sl/dnevno-spremljanje-okuzb-s-sars-cov-2-covid-19,0.7307258367807447
Slovenia,2021-04-12,2917836,2917836,7552,1105508,1812328,1484,6068,1105508,1812328,1484,6068,1105508,1812328,21072,3761,17311,https://www.nijz.si/sl/dnevno-spremljanje-okuzb-s-sars-cov-2-covid-19,0.8034957627118644
Slovenia,2021-04-13,2967695,2967695,49859,1110096,1857599,4588,45271,1110096,1857599,4588,45271,1110096,1857599,27400,4148,23252,https://www.nijz.si/sl/dnevno-spremljanje-okuzb-s-sars-cov-2-covid-19,0.9079805050241682
Slovenia,2021-04-14,2997904,2997904,30209,1115402,1882502,5306,24903,1115402,1882502,5306,24903,1115402,1882502,26611,4219,22393,https://www.nijz.si/sl/dnevno-spremljanje-okuzb-s-sars-cov-2-covid-19,0.824356979708034
Slovenia,2021-04-15,3027200,3027200,29296,1119680,1907520,4278,25018,1119680,1907520,4278,25018,1119680,1907520,26777,4064,22713,https://www.nijz.si/sl/dnevno-spremljanje-okuzb-s-sars-cov-2-covid-19,0.8539732386673948
Slovenia,2021-04-16,3056906,3056906,29706,1123933,1932973,4253,25453,1123933,1932973,4253,25453,1123933,1932973,27085,3929,23156,https://www.nijz.si/sl/dnevno-spremljanje-okuzb-s-sars-cov-2-covid-19,0.8568302699791288
Slovenia,2021-04-17,3095660,3095660,38754,1127685,1967975,3752,35002,1127685,1967975,3752,35002,1127685,1967975,28002,3789,24212,https://www.nijz.si/sl/dnevno-spremljanje-okuzb-s-sars-cov-2-covid-19,0.903184187438716
Slovenia,2021-04-18,3105803,3105803,10143,1130305,1975498,2620,7523,1130305,1975498,2620,7523,1130305,1975498,27931,3754,24177,https://www.nijz.si/sl/dnevno-spremljanje-okuzb-s-sars-cov-2-covid-19,0.7416937789608598
Slovenia,2021-04-19,3114203,3114203,8400,1131910,1982293,1605,6795,1131910,1982293,1605,6795,1131910,1982293,28052,3772,24281,https://www.nijz.si/sl/dnevno-spremljanje-okuzb-s-sars-cov-2-covid-19,0.8089285714285714
Slovenia,2021-04-20,3158313,3158313,44110,1135447,2022866,3537,40573,1135447,2022866,3537,40573,1135447,2022866,27231,3622,23610,https://www.nijz.si/sl/dnevno-spremljanje-okuzb-s-sars-cov-2-covid-19,0.9198141011108593
Slovenia,2021-04-21,3190307,3190307,31994,1140285,2050022,4838,27156,1140285,2050022,4838,27156,1140285,2050022,27486,3555,23931,https://www.nijz.si/sl/dnevno-spremljanje-okuzb-s-sars-cov-2-covid-19,0.8487841470275677
Slovenia,2021-04-22,3221939,3221939,31632,1144543,2077396,4258,27374,1144543,2077396,4258,27374,1144543,2077396,27820,3552,24268,https://www.nijz.si/sl/dnevno-spremljanje-okuzb-s-sars-cov-2-covid-19,0.8653894790085989
Slovenia,2021-04-23,3259848,3259848,37909,1151493,2108355,6950,30959,1151493,2108355,6950,30959,1151493,2108355,28992,3937,25055,https://www.nijz.si/sl/dnevno-spremljanje-okuzb-s-sars-cov-2-covid-19,0.8166662270173309
Slovenia,2021-04-24,3308350,3308350,48502,1156673,2151677,5180,43322,1156673,2151677,5180,43322,1156673,2151677,30384,4141,26243,https://www.nijz.si/sl/dnevno-spremljanje-okuzb-s-sars-cov-2-covid-19,0.8932002804008082
Slovenia,2021-04-25,3320562,3320562,12212,1159363,2161199,2690,9522,1159363,2161199,2690,9522,1159363,2161199,30680,4151,26529,https://www.nijz.si/sl/dnevno-spremljanje-okuzb-s-sars-cov-2-covid-19,0.7797248607926629
Slovenia,2021-04-26,3328568,3328568,8006,1160717,2167851,1354,6652,1160717,2167851,1354,6652,1160717,2167851,30624,4115,26508,https://www.nijz.si/sl/dnevno-spremljanje-okuzb-s-sars-cov-2-covid-19,0.8308768423682238
Slovenia,2021-04-27,3364821,3364821,36253,1164370,2200451,3653,32600,1164370,2200451,3653,32600,1164370,2200451,29501,4132,25369,https://www.nijz.si/sl/dnevno-spremljanje-okuzb-s-sars-cov-2-covid-19,0.8992359253027336
Slovenia,2021-04-28,3371271,3371271,6450,1166377,2204894,2007,4443,1166377,2204894,2007,4443,1166377,2204894,25852,3727,22125,https://www.nijz.si/sl/dnevno-spremljanje-okuzb-s-sars-cov-2-covid-19,0.6888372093023256
Slovenia,2021-04-29,3410993,3410993,39722,1170314,2240679,3937,35785,1170314,2240679,3937,35785,1170314,2240679,27008,3682,23326,https://www.nijz.si/sl/dnevno-spremljanje-okuzb-s-sars-cov-2-covid-19,0.9008861588036856
Slovenia,2021-04-30,3448776,3448776,37783,1174756,2274020,4442,33341,1174756,2274020,4442,33341,1174756,2274020,26990,3323,23666,https://www.nijz.si/sl/dnevno-spremljanje-okuzb-s-sars-cov-2-covid-19,0.8824338988433952
Slovenia,2021-05-01,3488998,3488998,40222,1178953,2310045,4197,36025,1178953,2310045,4197,36025,1178953,2310045,25807,3183,22624,https://www.nijz.si/sl/dnevno-spremljanje-okuzb-s-sars-cov-2-covid-19,0.89565411963602
Slovenia,2021-05-02,3496430,3496430,7432,1180780,2315650,1827,5605,1180780,2315650,1827,5605,1180780,2315650,25124,3060,22064,https://www.nijz.si/sl/dnevno-spremljanje-okuzb-s-sars-cov-2-covid-19,0.7541711517761034
Slovenia,2021-05-03,3505109,3505109,8679,1182160,2322949,1380,7299,1182160,2322949,1380,7299,1182160,2322949,25220,3063,22157,https://www.nijz.si/sl/dnevno-spremljanje-okuzb-s-sars-cov-2-covid-19,0.840995506394746
Slovenia,2021-05-04,3555342,3555342,50233,1186184,2369158,4024,46209,1186184,2369158,4024,46209,1186184,2369158,27217,3116,24101,https://www.nijz.si/sl/dnevno-spremljanje-okuzb-s-sars-cov-2-covid-19,0.9198932972348854
Slovenia,2021-05-05,3587352,3587352,32010,1190939,2396413,4755,27255,1190939,2396413,4755,27255,1190939,2396413,30869,3509,27360,https://www.nijz.si/sl/dnevno-spremljanje-okuzb-s-sars-cov-2-covid-19,0.8514526710402999
Slovenia,2021-05-06,3622285,3622285,34933,1195168,2427117,4229,30704,1195168,2427117,4229,30704,1195168,2427117,30185,3551,26634,https://www.nijz.si/sl/dnevno-spremljanje-okuzb-s-sars-cov-2-covid-19,0.8789396845389746
Slovenia,2021-05-07,3658420,3658420,36135,1199197,2459223,4029,32106,1199197,2459223,4029,32106,1199197,2459223,29949,3492,26458,https://www.nijz.si/sl/dnevno-spremljanje-okuzb-s-sars-cov-2-covid-19,0.8885014528850145
Slovenia,2021-05-08,3702602,3702602,44182,1203524,2499078,4327,39855,1203524,2499078,4327,39855,1203524,2499078,30515,3510,27005,https://www.nijz.si/sl/dnevno-spremljanje-okuzb-s-sars-cov-2-covid-19,0.9020641890362591
Slovenia,2021-05-09,3713944,3713944,11342,1205930,2508014,2406,8936,1205930,2508014,2406,8936,1205930,2508014,31073,3593,27481,https://www.nijz.si/sl/dnevno-spremljanje-okuzb-s-sars-cov-2-covid-19,0.7878681008640451
Slovenia,2021-05-10,3722637,3722637,8693,1207240,2515397,1310,7383,1207240,2515397,1310,7383,1207240,2515397,31075,3583,27493,https://www.nijz.si/sl/dnevno-spremljanje-okuzb-s-sars-cov-2-covid-19,0.8493040377315081
Slovenia,2021-05-11,3771768,3771768,49131,1210882,2560886,3642,45489,1210882,2560886,3642,45489,1210882,2560886,30918,3528,27390,https://www.nijz.si/sl/dnevno-spremljanje-okuzb-s-sars-cov-2-covid-19,0.9258716492642121
Slovenia,2021-05-12,3804887,3804887,33119,1215660,2589227,4778,28341,1215660,2589227,4778,28341,1215660,2589227,31076,3532,27545,https://www.nijz.si/sl/dnevno-spremljanje-okuzb-s-sars-cov-2-covid-19,0.8557323590688125
Slovenia,2021-05-13,3839630,3839630,34743,1220298,2619332,4638,30105,1220298,2619332,4638,30105,1220298,2619332,31049,3590,27459,https://www.nijz.si/sl/dnevno-spremljanje-okuzb-s-sars-cov-2-covid-19,0.8665054831189016
Slovenia,2021-05-14,3874926,3874926,35296,1224259,2650667,3961,31335,1224259,2650667,3961,31335,1224259,2650667,30929,3580,27349,https://www.nijz.si/sl/dnevno-spremljanje-okuzb-s-sars-cov-2-covid-19,0.8877776518585675
Slovenia,2021-05-15,3921889,3921889,46963,1228436,2693453,4177,42786,1228436,2693453,4177,42786,1228436,2693453,31327,3559,27768,https://www.nijz.si/sl/dnevno-spremljanje-okuzb-s-sars-cov-2-covid-19,0.9110576411217342
Slovenia,2021-05-16,3933930,3933930,12041,1230907,2703023,2471,9570,1230907,2703023,2471,9570,1230907,2703023,31427,3568,27858,https://www.nijz.si/sl/dnevno-spremljanje-okuzb-s-sars-cov-2-covid-19,0.794784486338344
Slovenia,2021-05-17,3942990,3942990,9060,1232411,2710579,1504,7556,1232411,2710579,1504,7556,1232411,2710579,31479,3596,27883,https://www.nijz.si/sl/dnevno-spremljanje-okuzb-s-sars-cov-2-covid-19,0.8339955849889624
Slovenia,2021-05-18,3992198,3992198,49208,1236643,2755555,4232,44976,1236643,2755555,4232,44976,1236643,2755555,31490,3680,27810,https://www.nijz.si/sl/dnevno-spremljanje-okuzb-s-sars-cov-2-covid-19,0.9139977239473256
Slovenia,2021-05-19,4026829,4026829,34631,1241112,2785717,4469,30162,1241112,2785717,4469,30162,1241112,2785717,31706,3636,28070,https://www.nijz.si/sl/dnevno-spremljanje-okuzb-s-sars-cov-2-covid-19,0.8709537697438711
Slovenia,2021-05-20,4060952,4060952,34123,1244964,2815988,3852,30271,1244964,2815988,3852,30271,1244964,2815988,31617,3524,28094,https://www.nijz.si/sl/dnevno-spremljanje-okuzb-s-sars-cov-2-covid-19,0.8871142631069953
Slovenia,2021-05-21,4102985,4102985,42033,1249100,2853885,4136,37897,1249100,2853885,4136,37897,1249100,2853885,32580,3549,29031,https://www.nijz.si/sl/dnevno-spremljanje-okuzb-s-sars-cov-2-covid-19,0.9016011229272238
Slovenia,2021-05-22,4151440,4151440,48455,1252905,2898535,3805,44650,1252905,2898535,3805,44650,1252905,2898535,32793,3496,29297,https://www.nijz.si/sl/dnevno-spremljanje-okuzb-s-sars-cov-2-covid-19,0.9214735321432257
Slovenia,2021-05-23,4163636,4163636,12196,1255260,2908376,2355,9841,1255260,2908376,2355,9841,1255260,2908376,32815,3479,29336,https://www.nijz.si/sl/dnevno-spremljanje-okuzb-s-sars-cov-2-covid-19,0.8069039029189898
Slovenia,2021-05-24,4172408,4172408,8772,1256665,2915743,1405,7367,1256665,2915743,1405,7367,1256665,2915743,32774,3465,29309,https://www.nijz.si/sl/dnevno-spremljanje-okuzb-s-sars-cov-2-covid-19,0.8398312813497492
Slovenia,2021-05-25,4221468,4221468,49060,1260223,2961245,3558,45502,1260223,2961245,3558,45502,1260223,2961245,32753,3369,29384,https://www.nijz.si/sl/dnevno-spremljanje-okuzb-s-sars-cov-2-covid-19,0.9274765593151243
Slovenia,2021-05-26,4255513,4255513,34045,1264460,2991053,4237,29808,1264460,2991053,4237,29808,1264460,2991053,32669,3335,29334,https://www.nijz.si/sl/dnevno-spremljanje-okuzb-s-sars-cov-2-covid-19,0.8755470700543398
Slovenia,2021-05-27,4291136,4291136,35623,1268472,3022664,4012,31611,1268472,3022664,4012,31611,1268472,3022664,32883,3358,29525,https://www.nijz.si/sl/dnevno-spremljanje-okuzb-s-sars-cov-2-covid-19,0.8873761333969626
Slovenia,2021-05-28,4329417,4329417,38281,1272058,3057359,3586,34695,1272058,3057359,3586,34695,1272058,3057359,32347,3280,29068,https://www.nijz.si/sl/dnevno-spremljanje-okuzb-s-sars-cov-2-covid-19,0.9063242861994201
Slovenia,2021-05-29,4379393,4379393,49976,1275760,3103633,3702,46274,1275760,3103633,3702,46274,1275760,3103633,32565,3265,29300,https://www.nijz.si/sl/dnevno-spremljanje-okuzb-s-sars-cov-2-covid-19,0.9259244437329919
Slovenia,2021-05-30,4389901,4389901,10508,1277612,3112289,1852,8656,1277612,3112289,1852,8656,1277612,3112289,32324,3193,29130,https://www.nijz.si/sl/dnevno-spremljanje-okuzb-s-sars-cov-2-covid-19,0.8237533307955843
Slovenia,2021-05-31,4399594,4399594,9693,1279116,3120478,1504,8189,1279116,3120478,1504,8189,1279116,3120478,32455,3207,29248,https://www.nijz.si/sl/dnevno-spremljanje-okuzb-s-sars-cov-2-covid-19,0.8448364799339729
Slovenia,2021-06-01,4447382,4447382,47788,1282498,3164884,3382,44406,1282498,3164884,3382,44406,1282498,3164884,32273,3182,29091,https://www.nijz.si/sl/dnevno-spremljanje-okuzb-s-sars-cov-2-covid-19,0.9292290951703357
Slovenia,2021-06-02,4478682,4478682,31300,1286664,3192018,4166,27134,1286664,3192018,4166,27134,1286664,3192018,31881,3172,28709,https://www.nijz.si/sl/dnevno-spremljanje-okuzb-s-sars-cov-2-covid-19,0.8669009584664537
Slovenia,2021-06-03,4510076,4510076,31394,1290501,3219575,3837,27557,1290501,3219575,3837,27557,1290501,3219575,31277,3147,28130,https://www.nijz.si/sl/dnevno-spremljanje-okuzb-s-sars-cov-2-covid-19,0.8777791934764605
Slovenia,2021-06-04,4547029,4547029,36953,1294416,3252613,3915,33038,1294416,3252613,3915,33038,1294416,3252613,31087,3194,27893,https://www.nijz.si/sl/dnevno-spremljanje-okuzb-s-sars-cov-2-covid-19,0.8940546099098855
Slovenia,2021-06-05,4594972,4594972,47943,1297880,3297092,3464,44479,1297880,3297092,3464,44479,1297880,3297092,30797,3160,27637,https://www.nijz.si/sl/dnevno-spremljanje-okuzb-s-sars-cov-2-covid-19,0.9277475335293995
Slovenia,2021-06-06,4606258,4606258,11286,1300136,3306122,2256,9030,1300136,3306122,2256,9030,1300136,3306122,30908,3218,27690,https://www.nijz.si/sl/dnevno-spremljanje-okuzb-s-sars-cov-2-covid-19,0.8001063264221159
Slovenia,2021-06-07,4616050,4616050,9792,1301465,3314585,1329,8463,1301465,3314585,1329,8463,1301465,3314585,30922,3193,27730,https://www.nijz.si/sl/dnevno-spremljanje-okuzb-s-sars-cov-2-covid-19,0.8642769607843137
Slovenia,2021-06-08,4660062,4660062,44012,1304513,3355549,3048,40964,1304513,3355549,3048,40964,1304513,3355549,30383,3145,27238,https://www.nijz.si/sl/dnevno-spremljanje-okuzb-s-sars-cov-2-covid-19,0.9307461601381442
Slovenia,2021-06-09,4689101,4689101,29039,1308019,3381082,3506,25533,1308019,3381082,3506,25533,1308019,3381082,30060,3051,27009,https://www.nijz.si/sl/dnevno-spremljanje-okuzb-s-sars-cov-2-covid-19,0.879265814938531
Slovenia,2021-06-10,4689101,4689101,0,1308019,3381082,0,0,1308019,3381082,0,0,1308019,3381082,25575,2503,23072,https://www.nijz.si/sl/dnevno-spremljanje-okuzb-s-sars-cov-2-covid-19,0.879265814938531
Slovenia,2021-06-11,4689101,4689101,0,1308019,3381082,0,0,1308019,3381082,0,0,1308019,3381082,20296,1943,18353,https://www.nijz.si/sl/dnevno-spremljanje-okuzb-s-sars-cov-2-covid-19,0.879265814938531
Slovenia,2021-06-12,4689101,4689101,0,1308019,3381082,0,0,1308019,3381082,0,0,1308019,3381082,13447,1448,11999,https://www.nijz.si/sl/dnevno-spremljanje-okuzb-s-sars-cov-2-covid-19,0.879265814938531
Slovenia,2021-06-13,4689101,4689101,0,1308019,3381082,0,0,1308019,3381082,0,0,1308019,3381082,11835,1126,10709,https://www.nijz.si/sl/dnevno-spremljanje-okuzb-s-sars-cov-2-covid-19,0.879265814938531
Slovenia,2021-06-14,4689101,4689101,0,1308019,3381082,0,0,1308019,3381082,0,0,1308019,3381082,10436,936,9500,https://www.nijz.si/sl/dnevno-spremljanje-okuzb-s-sars-cov-2-covid-19,0.879265814938531
Slovenia,2021-06-15,4689101,4689101,0,1308019,3381082,0,0,1308019,3381082,0,0,1308019,3381082,4148,501,3648,https://www.nijz.si/sl/dnevno-spremljanje-okuzb-s-sars-cov-2-covid-19,0.879265814938531
Slovenia,2021-06-16,4689101,4689101,0,1308019,3381082,0,0,1308019,3381082,0,0,1308019,3381082,0,0,0,https://www.nijz.si/sl/dnevno-spremljanje-okuzb-s-sars-cov-2-covid-19,0.879265814938531
Slovenia,2021-06-17,4689101,4689101,0,1308019,3381082,0,0,1308019,3381082,0,0,1308019,3381082,0,0,0,https://www.nijz.si/sl/dnevno-spremljanje-okuzb-s-sars-cov-2-covid-19,0.879265814938531
Slovenia,2021-06-18,4689101,4689101,0,1308019,3381082,0,0,1308019,3381082,0,0,1308019,3381082,0,0,0,https://www.nijz.si/sl/dnevno-spremljanje-okuzb-s-sars-cov-2-covid-19,0.879265814938531
Slovenia,2021-06-19,4689101,4689101,0,1308019,3381082,0,0,1308019,3381082,0,0,1308019,3381082,0,0,0,https://www.nijz.si/sl/dnevno-spremljanje-okuzb-s-sars-cov-2-covid-19,0.879265814938531
Slovenia,2021-06-20,4689101,4689101,0,1308019,3381082,0,0,1308019,3381082,0,0,1308019,3381082,0,0,0,https://www.nijz.si/sl/dnevno-spremljanje-okuzb-s-sars-cov-2-covid-19,0.879265814938531
Slovenia,2021-06-21,4689101,4689101,0,1308019,3381082,0,0,1308019,3381082,0,0,1308019,3381082,0,0,0,https://www.nijz.si/sl/dnevno-spremljanje-okuzb-s-sars-cov-2-covid-19,0.879265814938531
Slovenia,2021-06-22,4689101,4689101,0,1308019,3381082,0,0,1308019,3381082,0,0,1308019,3381082,0,0,0,https://www.nijz.si/sl/dnevno-spremljanje-okuzb-s-sars-cov-2-covid-19,0.879265814938531
Slovenia,2021-06-23,4689101,4689101,0,1308019,3381082,0,0,1308019,3381082,0,0,1308019,3381082,0,0,0,https://www.nijz.si/sl/dnevno-spremljanje-okuzb-s-sars-cov-2-covid-19,0.879265814938531
Slovenia,2021-06-24,4689101,4689101,0,1308019,3381082,0,0,1308019,3381082,0,0,1308019,3381082,0,0,0,https://www.nijz.si/sl/dnevno-spremljanje-okuzb-s-sars-cov-2-covid-19,0.879265814938531
Slovenia,2021-06-25,4689101,4689101,0,1308019,3381082,0,0,1308019,3381082,0,0,1308019,3381082,0,0,0,https://www.nijz.si/sl/dnevno-spremljanje-okuzb-s-sars-cov-2-covid-19,0.879265814938531
Slovenia,2021-06-26,4689101,4689101,0,1308019,3381082,0,0,1308019,3381082,0,0,1308019,3381082,0,0,0,https://www.nijz.si/sl/dnevno-spremljanje-okuzb-s-sars-cov-2-covid-19,0.879265814938531
Slovenia,2021-06-27,4689101,4689101,0,1308019,3381082,0,0,1308019,3381082,0,0,1308019,3381082,0,0,0,https://www.nijz.si/sl/dnevno-spremljanje-okuzb-s-sars-cov-2-covid-19,0.879265814938531
Slovenia,2021-06-28,4689101,4689101,0,1308019,3381082,0,0,1308019,3381082,0,0,1308019,3381082,0,0,0,https://www.nijz.si/sl/dnevno-spremljanje-okuzb-s-sars-cov-2-covid-19,0.879265814938531
Slovenia,2021-06-29,4689101,4689101,0,1308019,3381082,0,0,1308019,3381082,0,0,1308019,3381082,0,0,0,https://www.nijz.si/sl/dnevno-spremljanje-okuzb-s-sars-cov-2-covid-19,0.879265814938531
Slovenia,2021-06-30,4689101,4689101,0,1308019,3381082,0,0,1308019,3381082,0,0,1308019,3381082,0,0,0,https://www.nijz.si/sl/dnevno-spremljanje-okuzb-s-sars-cov-2-covid-19,0.879265814938531
Slovenia,2021-07-01,4689101,4689101,0,1308019,3381082,0,0,1308019,3381082,0,0,1308019,3381082,0,0,0,https://www.nijz.si/sl/dnevno-spremljanje-okuzb-s-sars-cov-2-covid-19,0.879265814938531
Slovenia,2021-07-02,4689101,4689101,0,1308019,3381082,0,0,1308019,3381082,0,0,1308019,3381082,0,0,0,https://www.nijz.si/sl/dnevno-spremljanje-okuzb-s-sars-cov-2-covid-19,0.879265814938531
Slovenia,2021-07-03,4689101,4689101,0,1308019,3381082,0,0,1308019,3381082,0,0,1308019,3381082,0,0,0,https://www.nijz.si/sl/dnevno-spremljanje-okuzb-s-sars-cov-2-covid-19,0.879265814938531
Slovenia,2021-07-04,4689101,4689101,0,1308019,3381082,0,0,1308019,3381082,0,0,1308019,3381082,0,0,0,https://www.nijz.si/sl/dnevno-spremljanje-okuzb-s-sars-cov-2-covid-19,0.879265814938531
Slovenia,2021-07-05,5405692,5405692,716591,1308019,3381082,0,0,1394536,4011156,86517,630074,1394536,4011156,102370,12360,90011,https://www.nijz.si/sl/dnevno-spremljanje-okuzb-s-sars-cov-2-covid-19,0.879265814938531
Slovenia,2021-07-06,5425786,5425786,20094,1308019,3381082,0,0,1396962,4028824,2426,17668,1396962,4028824,105241,12706,92535,https://www.nijz.si/sl/dnevno-spremljanje-okuzb-s-sars-cov-2-covid-19,0.879265814938531
Slovenia,2021-07-07,5447476,5447476,21690,1308019,3381082,0,0,1399581,4047895,2619,19071,1399581,4047895,108339,13080,95259,https://www.nijz.si/sl/dnevno-spremljanje-okuzb-s-sars-cov-2-covid-19,0.879265814938531
Slovenia,2021-07-08,5473907,5473907,26431,1308019,3381082,0,0,1402772,4071135,3191,23240,1402772,4071135,112115,13536,98579,https://www.nijz.si/sl/dnevno-spremljanje-okuzb-s-sars-cov-2-covid-19,0.879265814938531
Slovenia,2021-07-09,5473907,5473907,0,1308019,3381082,0,0,1402772,4071135,0,0,1402772,4071135,112115,13536,98579,https://www.nijz.si/sl/dnevno-spremljanje-okuzb-s-sars-cov-2-covid-19,0.879265814938531
Slovenia,2021-07-10,5525632,5525632,51725,1308019,3381082,0,0,1409017,4116615,6245,45480,1409017,4116615,119504,14428,105076,https://www.nijz.si/sl/dnevno-spremljanje-okuzb-s-sars-cov-2-covid-19,0.879265814938531
Slovenia,2021-07-11,5532040,5532040,6408,1308019,3381082,0,0,1409791,4122249,774,5634,1409791,4122249,120420,14539,105881,https://www.nijz.si/sl/dnevno-spremljanje-okuzb-s-sars-cov-2-covid-19,0.879265814938531
Slovenia,2021-07-12,5560196,5560196,28156,1308019,3381082,0,0,1413190,4147006,3399,24757,1413190,4147006,22072,2665,19407,https://www.nijz.si/sl/dnevno-spremljanje-okuzb-s-sars-cov-2-covid-19,0.879265814938531
Slovenia,2021-07-13,5579222,5579222,19026,1308019,3381082,0,0,1415487,4163735,2297,16729,1415487,4163735,21919,2646,19273,https://www.nijz.si/sl/dnevno-spremljanje-okuzb-s-sars-cov-2-covid-19,0.879265814938531
Slovenia,2021-07-14,5601360,5601360,22138,1308019,3381082,0,0,1418160,4183200,2673,19465,1418160,4183200,21983,2654,19329,https://www.nijz.si/sl/dnevno-spremljanje-okuzb-s-sars-cov-2-covid-19,0.879265814938531
Slovenia,2021-07-15,5601360,5601360,0,1308019,3381082,0,0,1418160,4183200,0,0,1418160,4183200,18208,2198,16009,https://www.nijz.si/sl/dnevno-spremljanje-okuzb-s-sars-cov-2-covid-19,0.879265814938531
Slovenia,2021-07-16,5668848,5668848,67488,1308019,3381082,0,0,1426308,4242540,8148,59340,1426308,4242540,27849,3362,24486,https://www.nijz.si/sl/dnevno-spremljanje-okuzb-s-sars-cov-2-covid-19,0.879265814938531
Slovenia,2021-07-17,5684395,5684395,15547,1308019,3381082,0,0,1428185,4256210,1877,13670,1428185,4256210,22680,2738,19942,https://www.nijz.si/sl/dnevno-spremljanje-okuzb-s-sars-cov-2-covid-19,0.879265814938531
Slovenia,2021-07-18,5692032,5692032,7637,1308019,3381082,0,0,1429107,4262925,922,6715,1429107,4262925,22856,2759,20097,https://www.nijz.si/sl/dnevno-spremljanje-okuzb-s-sars-cov-2-covid-19,0.879265814938531
Slovenia,2021-07-19,5722104,5722104,30072,1308019,3381082,0,0,1432738,4289366,3631,26441,1432738,4289366,23130,2793,20337,https://www.nijz.si/sl/dnevno-spremljanje-okuzb-s-sars-cov-2-covid-19,0.879265814938531
Slovenia,2021-07-20,5743525,5743525,21421,1308019,3381082,0,0,1435324,4308201,2586,18835,1435324,4308201,23472,2834,20638,https://www.nijz.si/sl/dnevno-spremljanje-okuzb-s-sars-cov-2-covid-19,0.879265814938531
Slovenia,2021-07-21,5765930,5765930,22405,1308019,3381082,0,0,1438029,4327901,2705,19700,1438029,4327901,23510,2838,20672,https://www.nijz.si/sl/dnevno-spremljanje-okuzb-s-sars-cov-2-covid-19,0.879265814938531
Slovenia,2021-07-22,5792673,5792673,26743,1308019,3381082,0,0,1441258,4351415,3229,23514,1441258,4351415,27330,3300,24031,https://www.nijz.si/sl/dnevno-spremljanje-okuzb-s-sars-cov-2-covid-19,0.879265814938531
Slovenia,2021-07-23,5838758,5838758,46085,1308019,3381082,0,0,1446822,4391936,5564,40521,1446822,4391936,24273,2931,21342,https://www.nijz.si/sl/dnevno-spremljanje-okuzb-s-sars-cov-2-covid-19,0.879265814938531
Slovenia,2021-07-24,5857409,5857409,18651,1308019,3381082,0,0,1449074,4408335,2252,16399,1449074,4408335,24716,2984,21732,https://www.nijz.si/sl/dnevno-spremljanje-okuzb-s-sars-cov-2-covid-19,0.879265814938531
Slovenia,2021-07-25,5866347,5866347,8938,1308019,3381082,0,0,1450153,4416194,1079,7859,1450153,4416194,24902,3007,21896,https://www.nijz.si/sl/dnevno-spremljanje-okuzb-s-sars-cov-2-covid-19,0.879265814938531
Slovenia,2021-07-26,5896252,5896252,29905,1308019,3381082,0,0,1453764,4442488,3611,26294,1453764,4442488,24878,3004,21875,https://www.nijz.si/sl/dnevno-spremljanje-okuzb-s-sars-cov-2-covid-19,0.879265814938531
Slovenia,2021-07-27,5918361,5918361,22109,1308019,3381082,0,0,1456433,4461928,2669,19440,1456433,4461928,24977,3016,21961,https://www.nijz.si/sl/dnevno-spremljanje-okuzb-s-sars-cov-2-covid-19,0.879265814938531
Slovenia,2021-07-28,5941170,5941170,22809,1308019,3381082,0,0,1459187,4481983,2754,20055,1459187,4481983,25034,3023,22012,https://www.nijz.si/sl/dnevno-spremljanje-okuzb-s-sars-cov-2-covid-19,0.879265814938531
Slovenia,2021-07-29,5969700,5969700,28530,1308019,3381082,0,0,1462632,4507068,3445,25085,1462632,4507068,25290,3053,22236,https://www.nijz.si/sl/dnevno-spremljanje-okuzb-s-sars-cov-2-covid-19,0.879265814938531
Slovenia,2021-07-30,6017863,6017863,48163,1308019,3381082,0,0,1468447,4549416,5815,42348,1468447,4549416,25586,3089,22497,https://www.nijz.si/sl/dnevno-spremljanje-okuzb-s-sars-cov-2-covid-19,0.879265814938531
Slovenia,2021-07-31,6038084,6038084,20221,1308019,3381082,0,0,1470888,4567196,2441,17780,1470888,4567196,25811,3116,22694,https://www.nijz.si/sl/dnevno-spremljanje-okuzb-s-sars-cov-2-covid-19,0.879265814938531
Slovenia,2021-08-01,6047492,6047492,9408,1308019,3381082,0,0,1472024,4575468,1136,8272,1472024,4575468,25878,3124,22753,https://www.nijz.si/sl/dnevno-spremljanje-okuzb-s-sars-cov-2-covid-19,0.879265814938531
Slovenia,2021-08-02,6078924,6078924,31432,1308019,3381082,0,0,1475819,4603105,3795,27637,1475819,4603105,26096,3151,22945,https://www.nijz.si/sl/dnevno-spremljanje-okuzb-s-sars-cov-2-covid-19,0.879265814938531
Slovenia,2021-08-03,6100176,6100176,21252,1308019,3381082,0,0,1478385,4621791,2566,18686,1478385,4621791,25974,3136,22838,https://www.nijz.si/sl/dnevno-spremljanje-okuzb-s-sars-cov-2-covid-19,0.879265814938531
Slovenia,2021-08-04,6123201,6123201,23025,1308019,3381082,0,0,1481165,4642036,2780,20245,1481165,4642036,26004,3140,22865,https://www.nijz.si/sl/dnevno-spremljanje-okuzb-s-sars-cov-2-covid-19,0.879265814938531
Slovenia,2021-08-05,6123201,6123201,0,1308019,3381082,0,0,1481165,4642036,0,0,1481165,4642036,21929,2648,19281,https://www.nijz.si/sl/dnevno-spremljanje-okuzb-s-sars-cov-2-covid-19,0.879265814938531
Slovenia,2021-08-06,6194868,6194868,71667,1308019,3381082,0,0,1489818,4705050,8653,63014,1489818,4705050,25286,3053,22233,https://www.nijz.si/sl/dnevno-spremljanje-okuzb-s-sars-cov-2-covid-19,0.879265814938531
Slovenia,2021-08-07,6215331,6215331,20463,1308019,3381082,0,0,1492289,4723042,2471,17992,1492289,4723042,25321,3057,22264,https://www.nijz.si/sl/dnevno-spremljanje-okuzb-s-sars-cov-2-covid-19,0.879265814938531
Slovenia,2021-08-08,6223491,6223491,8160,1308019,3381082,0,0,1493274,4730217,985,7175,1493274,4730217,25143,3036,22107,https://www.nijz.si/sl/dnevno-spremljanje-okuzb-s-sars-cov-2-covid-19,0.879265814938531
Slovenia,2021-08-09,6253259,6253259,29768,1308019,3381082,0,0,1496868,4756391,3594,26174,1496868,4756391,24905,3007,21898,https://www.nijz.si/sl/dnevno-spremljanje-okuzb-s-sars-cov-2-covid-19,0.879265814938531
Slovenia,2021-08-10,6275053,6275053,21794,1308019,3381082,0,0,1499499,4775554,2631,19163,1499499,4775554,24982,3016,21966,https://www.nijz.si/sl/dnevno-spremljanje-okuzb-s-sars-cov-2-covid-19,0.879265814938531
Slovenia,2021-08-11,6298032,6298032,22979,1308019,3381082,0,0,1502273,4795759,2774,20205,1502273,4795759,24976,3015,21960,https://www.nijz.si/sl/dnevno-spremljanje-okuzb-s-sars-cov-2-covid-19,0.879265814938531
Slovenia,2021-08-12,6323383,6323383,25351,1308019,3381082,0,0,1505334,4818049,3061,22290,1505334,4818049,28597,3453,25145,https://www.nijz.si/sl/dnevno-spremljanje-okuzb-s-sars-cov-2-covid-19,0.879265814938531
Slovenia,2021-08-13,6323383,6323383,0,1308019,3381082,0,0,1505334,4818049,0,0,1505334,4818049,18359,2217,16143,https://www.nijz.si/sl/dnevno-spremljanje-okuzb-s-sars-cov-2-covid-19,0.879265814938531
Slovenia,2021-08-14,6392462,6392462,69079,1308019,3381082,0,0,1513674,4878788,8340,60739,1513674,4878788,25304,3055,22249,https://www.nijz.si/sl/dnevno-spremljanje-okuzb-s-sars-cov-2-covid-19,0.879265814938531
Slovenia,2021-08-15,6401371,6401371,8909,1308019,3381082,0,0,1514750,4886621,1076,7833,1514750,4886621,25411,3068,22343,https://www.nijz.si/sl/dnevno-spremljanje-okuzb-s-sars-cov-2-covid-19,0.879265814938531
Slovenia,2021-08-16,6432699,6432699,31328,1308019,3381082,0,0,1518532,4914167,3782,27546,1518532,4914167,25634,3095,22539,https://www.nijz.si/sl/dnevno-spremljanje-okuzb-s-sars-cov-2-covid-19,0.879265814938531
Slovenia,2021-08-17,6455627,6455627,22928,1308019,3381082,0,0,1521300,4934327,2768,20160,1521300,4934327,25796,3114,22682,https://www.nijz.si/sl/dnevno-spremljanje-okuzb-s-sars-cov-2-covid-19,0.879265814938531
Slovenia,2021-08-18,6479964,6479964,24337,1308019,3381082,0,0,1524238,4955726,2938,21399,1524238,4955726,25990,3138,22852,https://www.nijz.si/sl/dnevno-spremljanje-okuzb-s-sars-cov-2-covid-19,0.879265814938531
Slovenia,2021-08-19,6508647,6508647,28683,1308019,3381082,0,0,1527701,4980946,3463,25220,1527701,4980946,26466,3195,23271,https://www.nijz.si/sl/dnevno-spremljanje-okuzb-s-sars-cov-2-covid-19,0.879265814938531
Slovenia,2021-08-20,6508647,6508647,0,1308019,3381082,0,0,1527701,4980946,0,0,1527701,4980946,26466,3195,23271,https://www.nijz.si/sl/dnevno-spremljanje-okuzb-s-sars-cov-2-covid-19,0.879265814938531
Slovenia,2021-08-21,6583592,6583592,74945,1308019,3381082,0,0,1536749,5046843,9048,65897,1536749,5046843,27304,3296,24008,https://www.nijz.si/sl/dnevno-spremljanje-okuzb-s-sars-cov-2-covid-19,0.879265814938531
Slovenia,2021-08-22,6595592,6595592,12000,1308019,3381082,0,0,1538198,5057394,1449,10551,1538198,5057394,27746,3350,24396,https://www.nijz.si/sl/dnevno-spremljanje-okuzb-s-sars-cov-2-covid-19,0.879265814938531
Slovenia,2021-08-23,6625815,6625815,30223,1308019,3381082,0,0,1541847,5083968,3649,26574,1541847,5083968,27588,3331,24257,https://www.nijz.si/sl/dnevno-spremljanje-okuzb-s-sars-cov-2-covid-19,0.879265814938531
Slovenia,2021-08-24,6647240,6647240,21425,1308019,3381082,0,0,1544434,5102806,2587,18838,1544434,5102806,27373,3305,24068,https://www.nijz.si/sl/dnevno-spremljanje-okuzb-s-sars-cov-2-covid-19,0.879265814938531
Slovenia,2021-08-25,6670328,6670328,23088,1308019,3381082,0,0,1547222,5123106,2788,20300,1547222,5123106,27195,3283,23911,https://www.nijz.si/sl/dnevno-spremljanje-okuzb-s-sars-cov-2-covid-19,0.879265814938531
Slovenia,2021-08-26,6670328,6670328,0,1308019,3381082,0,0,1547222,5123106,0,0,1547222,5123106,23097,2789,20309,https://www.nijz.si/sl/dnevno-spremljanje-okuzb-s-sars-cov-2-covid-19,0.879265814938531
Slovenia,2021-08-27,6730895,6730895,60567,1308019,3381082,0,0,1554535,5176360,7313,53254,1554535,5176360,31750,3833,27916,https://www.nijz.si/sl/dnevno-spremljanje-okuzb-s-sars-cov-2-covid-19,0.879265814938531
Slovenia,2021-08-28,6748422,6748422,17527,1308019,3381082,0,0,1556651,5191771,2116,15411,1556651,5191771,23547,2843,20704,https://www.nijz.si/sl/dnevno-spremljanje-okuzb-s-sars-cov-2-covid-19,0.879265814938531
Slovenia,2021-08-29,6748422,6748422,0,1308019,3381082,0,0,1556651,5191771,0,0,1556651,5191771,21833,2636,19197,https://www.nijz.si/sl/dnevno-spremljanje-okuzb-s-sars-cov-2-covid-19,0.879265814938531
Slovenia,2021-08-30,6793788,6793788,45366,1308019,3381082,0,0,1562128,5231660,5477,39889,1562128,5231660,23996,2897,21099,https://www.nijz.si/sl/dnevno-spremljanje-okuzb-s-sars-cov-2-covid-19,0.879265814938531
Slovenia,2021-08-31,6821869,6821869,28081,1308019,3381082,0,0,1565518,5256351,3390,24691,1565518,5256351,24947,3012,21935,https://www.nijz.si/sl/dnevno-spremljanje-okuzb-s-sars-cov-2-covid-19,0.879265814938531
Slovenia,2021-09-01,6846162,6846162,24293,1308019,3381082,0,0,1568451,5277711,2933,21360,1568451,5277711,25119,3033,22086,https://www.nijz.si/sl/dnevno-spremljanje-okuzb-s-sars-cov-2-covid-19,0.879265814938531
Slovenia,2021-09-02,6846162,6846162,0,1308019,3381082,0,0,1568451,5277711,0,0,1568451,5277711,25119,3033,22086,https://www.nijz.si/sl/dnevno-spremljanje-okuzb-s-sars-cov-2-covid-19,0.879265814938531
Slovenia,2021-09-03,6846162,6846162,0,1308019,3381082,0,0,1568451,5277711,0,0,1568451,5277711,16467,1988,14479,https://www.nijz.si/sl/dnevno-spremljanje-okuzb-s-sars-cov-2-covid-19,0.879265814938531
Slovenia,2021-09-04,6930283,6930283,84121,1308019,3381082,0,0,1578607,5351676,10156,73965,1578607,5351676,25980,3137,22844,https://www.nijz.si/sl/dnevno-spremljanje-okuzb-s-sars-cov-2-covid-19,0.879265814938531
Slovenia,2021-09-05,6938470,6938470,8187,1308019,3381082,0,0,1579595,5358875,988,7199,1579595,5358875,27150,3278,23872,https://www.nijz.si/sl/dnevno-spremljanje-okuzb-s-sars-cov-2-covid-19,0.879265814938531
Slovenia,2021-09-06,6980605,6980605,42135,1308019,3381082,0,0,1584682,5395923,5087,37048,1584682,5395923,26688,3222,23466,https://www.nijz.si/sl/dnevno-spremljanje-okuzb-s-sars-cov-2-covid-19,0.879265814938531
Slovenia,2021-09-07,7009087,7009087,28482,1308019,3381082,0,0,1588121,5420966,3439,25043,1588121,5420966,26745,3229,23516,https://www.nijz.si/sl/dnevno-spremljanje-okuzb-s-sars-cov-2-covid-19,0.879265814938531
Slovenia,2021-09-08,7009087,7009087,0,1308019,3381082,0,0,1588121,5420966,0,0,1588121,5420966,23275,2810,20465,https://www.nijz.si/sl/dnevno-spremljanje-okuzb-s-sars-cov-2-covid-19,0.879265814938531
Slovenia,2021-09-09,7067406,7067406,58319,1308019,3381082,0,0,1595162,5472244,7041,51278,1595162,5472244,31606,3816,27790,https://www.nijz.si/sl/dnevno-spremljanje-okuzb-s-sars-cov-2-covid-19,0.879265814938531
Slovenia,2021-09-10,7067406,7067406,0,1308019,3381082,0,0,1595162,5472244,0,0,1595162,5472244,31606,3816,27790,https://www.nijz.si/sl/dnevno-spremljanje-okuzb-s-sars-cov-2-covid-19,0.879265814938531
Slovenia,2021-09-11,7067406,7067406,0,1308019,3381082,0,0,1595162,5472244,0,0,1595162,5472244,19589,2365,17224,https://www.nijz.si/sl/dnevno-spremljanje-okuzb-s-sars-cov-2-covid-19,0.879265814938531
Slovenia,2021-09-12,7138638,7138638,71232,1308019,3381082,0,0,1603762,5534876,8600,62632,1603762,5534876,28595,3452,25143,https://www.nijz.si/sl/dnevno-spremljanje-okuzb-s-sars-cov-2-covid-19,0.879265814938531
Slovenia,2021-09-13,7174037,7174037,35399,1308019,3381082,0,0,1608036,5566001,4274,31125,1608036,5566001,27633,3336,24297,https://www.nijz.si/sl/dnevno-spremljanje-okuzb-s-sars-cov-2-covid-19,0.879265814938531
Slovenia,2021-09-14,7174037,7174037,0,1308019,3381082,0,0,1608036,5566001,0,0,1608036,5566001,23564,2845,20719,https://www.nijz.si/sl/dnevno-spremljanje-okuzb-s-sars-cov-2-covid-19,0.879265814938531
Slovenia,2021-09-15,7254733,7254733,80696,1308019,3381082,0,0,1617779,5636954,9743,70953,1617779,5636954,35092,4237,30855,https://www.nijz.si/sl/dnevno-spremljanje-okuzb-s-sars-cov-2-covid-19,0.879265814938531
Slovenia,2021-09-16,7254733,7254733,0,1308019,3381082,0,0,1617779,5636954,0,0,1617779,5636954,26761,3231,23530,https://www.nijz.si/sl/dnevno-spremljanje-okuzb-s-sars-cov-2-covid-19,0.879265814938531
Slovenia,2021-09-17,7254733,7254733,0,1308019,3381082,0,0,1617779,5636954,0,0,1617779,5636954,26761,3231,23530,https://www.nijz.si/sl/dnevno-spremljanje-okuzb-s-sars-cov-2-covid-19,0.879265814938531
Slovenia,2021-09-18,7363636,7363636,108903,1308019,3381082,0,0,1630927,5732709,13148,95755,1630927,5732709,42319,5109,37209,https://www.nijz.si/sl/dnevno-spremljanje-okuzb-s-sars-cov-2-covid-19,0.879265814938531
Slovenia,2021-09-19,7363636,7363636,0,1308019,3381082,0,0,1630927,5732709,0,0,1630927,5732709,32143,3881,28262,https://www.nijz.si/sl/dnevno-spremljanje-okuzb-s-sars-cov-2-covid-19,0.879265814938531
Slovenia,2021-09-20,7421462,7421462,57826,1308019,3381082,0,0,1637909,5783553,6982,50844,1637909,5783553,35346,4268,31079,https://www.nijz.si/sl/dnevno-spremljanje-okuzb-s-sars-cov-2-covid-19,0.879265814938531
Slovenia,2021-09-21,7457010,7457010,35548,1308019,3381082,0,0,1642201,5814809,4292,31256,1642201,5814809,40425,4881,35544,https://www.nijz.si/sl/dnevno-spremljanje-okuzb-s-sars-cov-2-covid-19,0.879265814938531
Slovenia,2021-09-22,7494342,7494342,37332,1308019,3381082,0,0,1646708,5847634,4507,32825,1646708,5847634,34230,4133,30097,https://www.nijz.si/sl/dnevno-spremljanje-okuzb-s-sars-cov-2-covid-19,0.879265814938531
Slovenia,2021-09-23,7528025,7528025,33683,1308019,3381082,0,0,1650775,5877250,4067,29616,1650775,5877250,39042,4714,34328,https://www.nijz.si/sl/dnevno-spremljanje-okuzb-s-sars-cov-2-covid-19,0.879265814938531
Slovenia,2021-09-24,7528025,7528025,0,1308019,3381082,0,0,1650775,5877250,0,0,1650775,5877250,39042,4714,34328,https://www.nijz.si/sl/dnevno-spremljanje-okuzb-s-sars-cov-2-covid-19,0.879265814938531
Slovenia,2021-09-25,7528025,7528025,0,1308019,3381082,0,0,1650775,5877250,0,0,1650775,5877250,23484,2835,20649,https://www.nijz.si/sl/dnevno-spremljanje-okuzb-s-sars-cov-2-covid-19,0.879265814938531
Slovenia,2021-09-26,7528025,7528025,0,1308019,3381082,0,0,1650775,5877250,0,0,1650775,5877250,23484,2835,20649,https://www.nijz.si/sl/dnevno-spremljanje-okuzb-s-sars-cov-2-covid-19,0.879265814938531
Slovenia,2021-09-27,7528025,7528025,0,1308019,3381082,0,0,1650775,5877250,0,0,1650775,5877250,15223,1838,13385,https://www.nijz.si/sl/dnevno-spremljanje-okuzb-s-sars-cov-2-covid-19,0.879265814938531
Slovenia,2021-09-28,7528025,7528025,0,1308019,3381082,0,0,1650775,5877250,0,0,1650775,5877250,10145,1225,8920,https://www.nijz.si/sl/dnevno-spremljanje-okuzb-s-sars-cov-2-covid-19,0.879265814938531
Slovenia,2021-09-29,7528025,7528025,0,1308019,3381082,0,0,1650775,5877250,0,0,1650775,5877250,4812,581,4231,https://www.nijz.si/sl/dnevno-spremljanje-okuzb-s-sars-cov-2-covid-19,0.879265814938531
Slovenia,2021-09-30,7528025,7528025,0,1308019,3381082,0,0,1650775,5877250,0,0,1650775,5877250,0,0,0,https://www.nijz.si/sl/dnevno-spremljanje-okuzb-s-sars-cov-2-covid-19,0.879265814938531
Slovenia,2021-10-01,7528025,7528025,0,1308019,3381082,0,0,1650775,5877250,0,0,1650775,5877250,0,0,0,https://www.nijz.si/sl/dnevno-spremljanje-okuzb-s-sars-cov-2-covid-19,0.879265814938531
Slovenia,2021-10-02,7528025,7528025,0,1308019,3381082,0,0,1650775,5877250,0,0,1650775,5877250,0,0,0,https://www.nijz.si/sl/dnevno-spremljanje-okuzb-s-sars-cov-2-covid-19,0.879265814938531
Slovenia,2021-10-03,7528025,7528025,0,1308019,3381082,0,0,1650775,5877250,0,0,1650775,5877250,0,0,0,https://www.nijz.si/sl/dnevno-spremljanje-okuzb-s-sars-cov-2-covid-19,0.879265814938531
Slovenia,2021-10-04,7528025,7528025,0,1308019,3381082,0,0,1650775,5877250,0,0,1650775,5877250,0,0,0,https://www.nijz.si/sl/dnevno-spremljanje-okuzb-s-sars-cov-2-covid-19,0.879265814938531
Slovenia,2021-10-05,7528025,7528025,0,1308019,3381082,0,0,1650775,5877250,0,0,1650775,5877250,0,0,0,https://www.nijz.si/sl/dnevno-spremljanje-okuzb-s-sars-cov-2-covid-19,0.879265814938531
Slovenia,2021-10-06,7528025,7528025,0,1308019,3381082,0,0,1650775,5877250,0,0,1650775,5877250,0,0,0,https://www.nijz.si/sl/dnevno-spremljanje-okuzb-s-sars-cov-2-covid-19,0.879265814938531
Slovenia,2021-10-07,7528025,7528025,0,1308019,3381082,0,0,1650775,5877250,0,0,1650775,5877250,0,0,0,https://www.nijz.si/sl/dnevno-spremljanje-okuzb-s-sars-cov-2-covid-19,0.879265814938531
Slovenia,2021-10-08,7528025,7528025,0,1308019,3381082,0,0,1650775,5877250,0,0,1650775,5877250,0,0,0,https://www.nijz.si/sl/dnevno-spremljanje-okuzb-s-sars-cov-2-covid-19,0.879265814938531
Slovenia,2021-10-09,7528025,7528025,0,1308019,3381082,0,0,1650775,5877250,0,0,1650775,5877250,0,0,0,https://www.nijz.si/sl/dnevno-spremljanje-okuzb-s-sars-cov-2-covid-19,0.879265814938531
Slovenia,2021-10-10,7528025,7528025,0,1308019,3381082,0,0,1650775,5877250,0,0,1650775,5877250,0,0,0,https://www.nijz.si/sl/dnevno-spremljanje-okuzb-s-sars-cov-2-covid-19,0.879265814938531
Slovenia,2021-10-11,8025879,8025879,497854,1308019,3381082,0,0,1710883,6314996,60108,437746,1710883,6314996,71122,8587,62535,https://www.nijz.si/sl/dnevno-spremljanje-okuzb-s-sars-cov-2-covid-19,0.879265814938531
Slovenia,2021-10-12,8052760,8052760,26881,1308019,3381082,0,0,1714128,6338632,3245,23636,1714128,6338632,74962,9050,65912,https://www.nijz.si/sl/dnevno-spremljanje-okuzb-s-sars-cov-2-covid-19,0.879265814938531
Slovenia,2021-10-13,8082192,8082192,29432,1308019,3381082,0,0,1717681,6364511,3553,25879,1717681,6364511,79167,9558,69609,https://www.nijz.si/sl/dnevno-spremljanje-okuzb-s-sars-cov-2-covid-19,0.879265814938531
Slovenia,2021-10-14,8108731,8108731,26539,1308019,3381082,0,0,1720885,6387846,3204,23335,1720885,6387846,82958,10016,72942,https://www.nijz.si/sl/dnevno-spremljanje-okuzb-s-sars-cov-2-covid-19,0.879265814938531
Slovenia,2021-10-15,8108731,8108731,0,1308019,3381082,0,0,1720885,6387846,0,0,1720885,6387846,82958,10016,72942,https://www.nijz.si/sl/dnevno-spremljanje-okuzb-s-sars-cov-2-covid-19,0.879265814938531
Slovenia,2021-10-16,8108731,8108731,0,1308019,3381082,0,0,1720885,6387846,0,0,1720885,6387846,82958,10016,72942,https://www.nijz.si/sl/dnevno-spremljanje-okuzb-s-sars-cov-2-covid-19,0.879265814938531
Slovenia,2021-10-17,8169361,8169361,60630,1308019,3381082,0,0,1728205,6441156,7320,53310,1728205,6441156,91619,11061,80558,https://www.nijz.si/sl/dnevno-spremljanje-okuzb-s-sars-cov-2-covid-19,0.879265814938531
Slovenia,2021-10-18,8205000,8205000,35639,1308019,3381082,0,0,1732508,6472492,4303,31336,1732508,6472492,25589,3089,22499,https://www.nijz.si/sl/dnevno-spremljanje-okuzb-s-sars-cov-2-covid-19,0.879265814938531
Slovenia,2021-10-19,8205000,8205000,0,1308019,3381082,0,0,1732508,6472492,0,0,1732508,6472492,21749,2626,19123,https://www.nijz.si/sl/dnevno-spremljanje-okuzb-s-sars-cov-2-covid-19,0.879265814938531
Slovenia,2021-10-20,8264879,8264879,59879,1308019,3381082,0,0,1739737,6525142,7229,52650,1739737,6525142,26098,3151,22947,https://www.nijz.si/sl/dnevno-spremljanje-okuzb-s-sars-cov-2-covid-19,0.879265814938531
Slovenia,2021-10-21,8293799,8293799,28920,1308019,3381082,0,0,1743229,6550570,3492,25428,1743229,6550570,26438,3192,23246,https://www.nijz.si/sl/dnevno-spremljanje-okuzb-s-sars-cov-2-covid-19,0.879265814938531
Slovenia,2021-10-22,8334754,8334754,40955,1308019,3381082,0,0,1748174,6586580,4945,36010,1748174,6586580,32289,3898,28391,https://www.nijz.si/sl/dnevno-spremljanje-okuzb-s-sars-cov-2-covid-19,0.879265814938531
Slovenia,2021-10-23,8334754,8334754,0,1308019,3381082,0,0,1748174,6586580,0,0,1748174,6586580,32289,3898,28391,https://www.nijz.si/sl/dnevno-spremljanje-okuzb-s-sars-cov-2-covid-19,0.879265814938531
Slovenia,2021-10-24,8366964,8366964,32210,1308019,3381082,0,0,1752063,6614901,3889,28321,1752063,6614901,28229,3408,24821,https://www.nijz.si/sl/dnevno-spremljanje-okuzb-s-sars-cov-2-covid-19,0.879265814938531
Slovenia,2021-10-25,8404759,8404759,37795,1308019,3381082,0,0,1756626,6648133,4563,33232,1756626,6648133,28537,3445,25092,https://www.nijz.si/sl/dnevno-spremljanje-okuzb-s-sars-cov-2-covid-19,0.879265814938531
Slovenia,2021-10-26,8436382,8436382,31623,1308019,3381082,0,0,1760444,6675938,3818,27805,1760444,6675938,33055,3991,29064,https://www.nijz.si/sl/dnevno-spremljanje-okuzb-s-sars-cov-2-covid-19,0.879265814938531
Slovenia,2021-10-27,8470550,8470550,34168,1308019,3381082,0,0,1764569,6705981,4125,30043,1764569,6705981,29382,3547,25834,https://www.nijz.si/sl/dnevno-spremljanje-okuzb-s-sars-cov-2-covid-19,0.879265814938531
Slovenia,2021-10-28,8502287,8502287,31737,1308019,3381082,0,0,1768401,6733886,3832,27905,1768401,6733886,29784,3596,26188,https://www.nijz.si/sl/dnevno-spremljanje-okuzb-s-sars-cov-2-covid-19,0.879265814938531
Slovenia,2021-10-29,8543067,8543067,40780,1308019,3381082,0,0,1773325,6769742,4924,35856,1773325,6769742,29759,3593,26166,https://www.nijz.si/sl/dnevno-spremljanje-okuzb-s-sars-cov-2-covid-19,0.879265814938531
Slovenia,2021-10-30,8543067,8543067,0,1308019,3381082,0,0,1773325,6769742,0,0,1773325,6769742,29759,3593,26166,https://www.nijz.si/sl/dnevno-spremljanje-okuzb-s-sars-cov-2-covid-19,0.879265814938531
Slovenia,2021-10-31,8575143,8575143,32076,1308019,3381082,0,0,1777198,6797945,3873,28203,1777198,6797945,29740,3591,26149,https://www.nijz.si/sl/dnevno-spremljanje-okuzb-s-sars-cov-2-covid-19,0.879265814938531
Slovenia,2021-11-01,8584809,8584809,9666,1308019,3381082,0,0,1778365,6806444,1167,8499,1778365,6806444,25721,3106,22616,https://www.nijz.si/sl/dnevno-spremljanje-okuzb-s-sars-cov-2-covid-19,0.879265814938531
Slovenia,2021-11-02,8629014,8629014,44205,1308019,3381082,0,0,1783702,6845312,5337,38868,1783702,6845312,27519,3323,24196,https://www.nijz.si/sl/dnevno-spremljanje-okuzb-s-sars-cov-2-covid-19,0.879265814938531
Slovenia,2021-11-03,8664991,8664991,35977,1308019,3381082,0,0,1788046,6876945,4344,31633,1788046,6876945,27777,3354,24423,https://www.nijz.si/sl/dnevno-spremljanje-okuzb-s-sars-cov-2-covid-19,0.879265814938531
Slovenia,2021-11-04,8664991,8664991,0,1308019,3381082,0,0,1788046,6876945,0,0,1788046,6876945,23243,2806,20437,https://www.nijz.si/sl/dnevno-spremljanje-okuzb-s-sars-cov-2-covid-19,0.879265814938531
Slovenia,2021-11-05,8664991,8664991,0,1308019,3381082,0,0,1788046,6876945,0,0,1788046,6876945,17418,2103,15315,https://www.nijz.si/sl/dnevno-spremljanje-okuzb-s-sars-cov-2-covid-19,0.879265814938531
Slovenia,2021-11-06,8664991,8664991,0,1308019,3381082,0,0,1788046,6876945,0,0,1788046,6876945,17418,2103,15315,https://www.nijz.si/sl/dnevno-spremljanje-okuzb-s-sars-cov-2-covid-19,0.879265814938531
Slovenia,2021-11-07,8777778,8777778,112787,1308019,3381082,0,0,1801663,6976115,13617,99170,1801663,6976115,28948,3495,25453,https://www.nijz.si/sl/dnevno-spremljanje-okuzb-s-sars-cov-2-covid-19,0.879265814938531
Slovenia,2021-11-08,8841993,8841993,64215,1308019,3381082,0,0,1809416,7032577,7753,56462,1809416,7032577,36741,4436,32305,https://www.nijz.si/sl/dnevno-spremljanje-okuzb-s-sars-cov-2-covid-19,0.879265814938531
Slovenia,2021-11-09,8894312,8894312,52319,1308019,3381082,0,0,1815733,7078579,6317,46002,1815733,7078579,37900,4576,33324,https://www.nijz.si/sl/dnevno-spremljanje-okuzb-s-sars-cov-2-covid-19,0.879265814938531
Slovenia,2021-11-10,8961788,8961788,67476,1308019,3381082,0,0,1823880,7137908,8147,59329,1823880,7137908,42400,5119,37280,https://www.nijz.si/sl/dnevno-spremljanje-okuzb-s-sars-cov-2-covid-19,0.879265814938531
Slovenia,2021-11-11,9020440,9020440,58652,1308019,3381082,0,0,1830961,7189479,7081,51571,1830961,7189479,50778,6131,44648,https://www.nijz.si/sl/dnevno-spremljanje-okuzb-s-sars-cov-2-covid-19,0.879265814938531
Slovenia,2021-11-12,9020440,9020440,0,1308019,3381082,0,0,1830961,7189479,0,0,1830961,7189479,50778,6131,44648,https://www.nijz.si/sl/dnevno-spremljanje-okuzb-s-sars-cov-2-covid-19,0.879265814938531
Slovenia,2021-11-13,9020440,9020440,0,1308019,3381082,0,0,1830961,7189479,0,0,1830961,7189479,50778,6131,44648,https://www.nijz.si/sl/dnevno-spremljanje-okuzb-s-sars-cov-2-covid-19,0.879265814938531
Slovenia,2021-11-14,9163926,9163926,143486,1308019,3381082,0,0,1848285,7315641,17324,126162,1848285,7315641,55164,6660,48504,https://www.nijz.si/sl/dnevno-spremljanje-okuzb-s-sars-cov-2-covid-19,0.879265814938531
Slovenia,2021-11-15,9254903,9254903,90977,1308019,3381082,0,0,1859269,7395634,10984,79993,1859269,7395634,58987,7122,51865,https://www.nijz.si/sl/dnevno-spremljanje-okuzb-s-sars-cov-2-covid-19,0.879265814938531
Slovenia,2021-11-16,9320318,9320318,65415,1308019,3381082,0,0,1867167,7453151,7898,57517,1867167,7453151,60858,7348,53510,https://www.nijz.si/sl/dnevno-spremljanje-okuzb-s-sars-cov-2-covid-19,0.879265814938531
Slovenia,2021-11-17,9400969,9400969,80651,1308019,3381082,0,0,1876904,7524065,9737,70914,1876904,7524065,62740,7575,55165,https://www.nijz.si/sl/dnevno-spremljanje-okuzb-s-sars-cov-2-covid-19,0.879265814938531
Slovenia,2021-11-18,9470426,9470426,69457,1308019,3381082,0,0,1885290,7585136,8386,61071,1885290,7585136,64284,7761,56522,https://www.nijz.si/sl/dnevno-spremljanje-okuzb-s-sars-cov-2-covid-19,0.879265814938531
Slovenia,2021-11-19,9470426,9470426,0,1308019,3381082,0,0,1885290,7585136,0,0,1885290,7585136,64284,7761,56522,https://www.nijz.si/sl/dnevno-spremljanje-okuzb-s-sars-cov-2-covid-19,0.879265814938531
Slovenia,2021-11-20,9470426,9470426,0,1308019,3381082,0,0,1885290,7585136,0,0,1885290,7585136,64284,7761,56522,https://www.nijz.si/sl/dnevno-spremljanje-okuzb-s-sars-cov-2-covid-19,0.879265814938531
Slovenia,2021-11-21,9638664,9638664,168238,1308019,3381082,0,0,1905602,7733062,20312,147926,1905602,7733062,67820,8188,59632,https://www.nijz.si/sl/dnevno-spremljanje-okuzb-s-sars-cov-2-covid-19,0.879265814938531
Slovenia,2021-11-22,9736797,9736797,98133,1308019,3381082,0,0,1917450,7819347,11848,86285,1917450,7819347,68842,8312,60530,https://www.nijz.si/sl/dnevno-spremljanje-okuzb-s-sars-cov-2-covid-19,0.879265814938531
Slovenia,2021-11-23,9804126,9804126,67329,1308019,3381082,0,0,1925579,7878547,8129,59200,1925579,7878547,69115,8345,60771,https://www.nijz.si/sl/dnevno-spremljanje-okuzb-s-sars-cov-2-covid-19,0.879265814938531
Slovenia,2021-11-24,9889318,9889318,85192,1308019,3381082,0,0,1935865,7953453,10286,74906,1935865,7953453,69764,8423,61341,https://www.nijz.si/sl/dnevno-spremljanje-okuzb-s-sars-cov-2-covid-19,0.879265814938531
Slovenia,2021-11-25,9960311,9960311,70993,1308019,3381082,0,0,1944436,8015875,8571,62422,1944436,8015875,69984,8449,61534,https://www.nijz.si/sl/dnevno-spremljanje-okuzb-s-sars-cov-2-covid-19,0.879265814938531
Slovenia,2021-11-26,9960311,9960311,0,1308019,3381082,0,0,1944436,8015875,0,0,1944436,8015875,69984,8449,61534,https://www.nijz.si/sl/dnevno-spremljanje-okuzb-s-sars-cov-2-covid-19,0.879265814938531
Slovenia,2021-11-27,9960311,9960311,0,1308019,3381082,0,0,1944436,8015875,0,0,1944436,8015875,69984,8449,61534,https://www.nijz.si/sl/dnevno-spremljanje-okuzb-s-sars-cov-2-covid-19,0.879265814938531
Slovenia,2021-11-28,10127846,10127846,167535,1308019,3381082,0,0,1964663,8163183,20227,147308,1964663,8163183,69883,8437,61446,https://www.nijz.si/sl/dnevno-spremljanje-okuzb-s-sars-cov-2-covid-19,0.879265814938531
Slovenia,2021-11-29,10228794,10228794,100948,1308019,3381082,0,0,1976851,8251943,12188,88760,1976851,8251943,70285,8486,61799,https://www.nijz.si/sl/dnevno-spremljanje-okuzb-s-sars-cov-2-covid-19,0.879265814938531
Slovenia,2021-11-30,10296577,10296577,67783,1308019,3381082,0,0,1985035,8311542,8184,59599,1985035,8311542,70350,8494,61856,https://www.nijz.si/sl/dnevno-spremljanje-okuzb-s-sars-cov-2-covid-19,0.879265814938531
Slovenia,2021-12-01,10383346,10383346,86769,1308019,3381082,0,0,1995511,8387835,10476,76293,1995511,8387835,70575,8521,62055,https://www.nijz.si/sl/dnevno-spremljanje-okuzb-s-sars-cov-2-covid-19,0.879265814938531
Slovenia,2021-12-02,10451062,10451062,67716,1308019,3381082,0,0,2003687,8447375,8176,59540,2003687,8447375,70107,8464,61643,https://www.nijz.si/sl/dnevno-spremljanje-okuzb-s-sars-cov-2-covid-19,0.879265814938531
Slovenia,2021-12-03,10451062,10451062,0,1308019,3381082,0,0,2003687,8447375,0,0,2003687,8447375,70107,8464,61643,https://www.nijz.si/sl/dnevno-spremljanje-okuzb-s-sars-cov-2-covid-19,0.879265814938531
Slovenia,2021-12-04,10451062,10451062,0,1308019,3381082,0,0,2003687,8447375,0,0,2003687,8447375,70107,8464,61643,https://www.nijz.si/sl/dnevno-spremljanje-okuzb-s-sars-cov-2-covid-19,0.879265814938531
Slovenia,2021-12-05,10629872,10629872,178810,1308019,3381082,0,0,2025275,8604597,21588,157222,2025275,8604597,71718,8659,63059,https://www.nijz.si/sl/dnevno-spremljanje-okuzb-s-sars-cov-2-covid-19,0.879265814938531
Slovenia,2021-12-06,10731593,10731593,101721,1308019,3381082,0,0,2037556,8694037,12281,89440,2037556,8694037,71828,8672,63156,https://www.nijz.si/sl/dnevno-spremljanje-okuzb-s-sars-cov-2-covid-19,0.879265814938531
Slovenia,2021-12-07,10797433,10797433,65840,1308019,3381082,0,0,2045505,8751928,7949,57891,2045505,8751928,71551,8639,62912,https://www.nijz.si/sl/dnevno-spremljanje-okuzb-s-sars-cov-2-covid-19,0.879265814938531
Slovenia,2021-12-08,10885159,10885159,87726,1308019,3381082,0,0,2056097,8829062,10592,77134,2056097,8829062,71688,8655,63032,https://www.nijz.si/sl/dnevno-spremljanje-okuzb-s-sars-cov-2-covid-19,0.879265814938531
Slovenia,2021-12-09,10949555,10949555,64396,1308019,3381082,0,0,2063872,8885683,7775,56621,2063872,8885683,71213,8598,62615,https://www.nijz.si/sl/dnevno-spremljanje-okuzb-s-sars-cov-2-covid-19,0.879265814938531
Slovenia,2021-12-10,10949555,10949555,0,1308019,3381082,0,0,2063872,8885683,0,0,2063872,8885683,71213,8598,62615,https://www.nijz.si/sl/dnevno-spremljanje-okuzb-s-sars-cov-2-covid-19,0.879265814938531
Slovenia,2021-12-11,10949555,10949555,0,1308019,3381082,0,0,2063872,8885683,0,0,2063872,8885683,71213,8598,62615,https://www.nijz.si/sl/dnevno-spremljanje-okuzb-s-sars-cov-2-covid-19,0.879265814938531
Slovenia,2021-12-12,11136510,11136510,186955,1308019,3381082,0,0,2086444,9050066,22572,164383,2086444,9050066,72377,8738,63638,https://www.nijz.si/sl/dnevno-spremljanje-okuzb-s-sars-cov-2-covid-19,0.879265814938531
Slovenia,2021-12-13,11239542,11239542,103032,1308019,3381082,0,0,2098883,9140659,12439,90593,2098883,9140659,72564,8761,63803,https://www.nijz.si/sl/dnevno-spremljanje-okuzb-s-sars-cov-2-covid-19,0.879265814938531
Slovenia,2021-12-14,11311051,11311051,71509,1308019,3381082,0,0,2107517,9203534,8634,62875,2107517,9203534,73374,8859,64515,https://www.nijz.si/sl/dnevno-spremljanje-okuzb-s-sars-cov-2-covid-19,0.879265814938531
Slovenia,2021-12-15,11406421,11406421,95370,1308019,3381082,0,0,2119031,9287390,11514,83856,2119031,9287390,74466,8991,65475,https://www.nijz.si/sl/dnevno-spremljanje-okuzb-s-sars-cov-2-covid-19,0.879265814938531
Slovenia,2021-12-16,11489756,11489756,83335,1308019,3381082,0,0,2129092,9360664,10061,73274,2129092,9360664,77172,9317,67854,https://www.nijz.si/sl/dnevno-spremljanje-okuzb-s-sars-cov-2-covid-19,0.879265814938531
Slovenia,2021-12-17,11600058,11600058,110302,1308019,3381082,0,0,2142409,9457649,13317,96985,2142409,9457649,92929,11220,81709,https://www.nijz.si/sl/dnevno-spremljanje-okuzb-s-sars-cov-2-covid-19,0.879265814938531
Slovenia,2021-12-18,11600058,11600058,0,1308019,3381082,0,0,2142409,9457649,0,0,2142409,9457649,92929,11220,81709,https://www.nijz.si/sl/dnevno-spremljanje-okuzb-s-sars-cov-2-covid-19,0.879265814938531
Slovenia,2021-12-19,11703391,11703391,103333,1308019,3381082,0,0,2154885,9548506,12476,90857,2154885,9548506,80983,9777,71206,https://www.nijz.si/sl/dnevno-spremljanje-okuzb-s-sars-cov-2-covid-19,0.879265814938531
Slovenia,2021-12-20,11820316,11820316,116925,1308019,3381082,0,0,2169002,9651314,14117,102808,2169002,9651314,82968,10017,72951,https://www.nijz.si/sl/dnevno-spremljanje-okuzb-s-sars-cov-2-covid-19,0.879265814938531
Slovenia,2021-12-21,11901550,11901550,81234,1308019,3381082,0,0,2178810,9722740,9808,71426,2178810,9722740,84357,10185,74172,https://www.nijz.si/sl/dnevno-spremljanje-okuzb-s-sars-cov-2-covid-19,0.879265814938531
Slovenia,2021-12-22,11901550,11901550,0,1308019,3381082,0,0,2178810,9722740,0,0,2178810,9722740,70733,8540,62193,https://www.nijz.si/sl/dnevno-spremljanje-okuzb-s-sars-cov-2-covid-19,0.879265814938531
Slovenia,2021-12-23,11901550,11901550,0,1308019,3381082,0,0,2178810,9722740,0,0,2178810,9722740,58828,7103,51725,https://www.nijz.si/sl/dnevno-spremljanje-okuzb-s-sars-cov-2-covid-19,0.879265814938531
Slovenia,2021-12-24,11901550,11901550,0,1308019,3381082,0,0,2178810,9722740,0,0,2178810,9722740,43070,5200,37870,https://www.nijz.si/sl/dnevno-spremljanje-okuzb-s-sars-cov-2-covid-19,0.879265814938531
Slovenia,2021-12-25,11901550,11901550,0,1308019,3381082,0,0,2178810,9722740,0,0,2178810,9722740,43070,5200,37870,https://www.nijz.si/sl/dnevno-spremljanje-okuzb-s-sars-cov-2-covid-19,0.879265814938531
Slovenia,2021-12-26,11901550,11901550,0,1308019,3381082,0,0,2178810,9722740,0,0,2178810,9722740,28308,3418,24891,https://www.nijz.si/sl/dnevno-spremljanje-okuzb-s-sars-cov-2-covid-19,0.879265814938531
Slovenia,2021-12-27,11991553,11991553,90003,1308019,3381082,0,0,2189676,9801877,10866,79137,2189676,9801877,24462,2953,21509,https://www.nijz.si/sl/dnevno-spremljanje-okuzb-s-sars-cov-2-covid-19,0.879265814938531
Slovenia,2021-12-28,12091353,12091353,99800,1308019,3381082,0,0,2201725,9889628,12049,87751,2201725,9889628,27115,3274,23841,https://www.nijz.si/sl/dnevno-spremljanje-okuzb-s-sars-cov-2-covid-19,0.879265814938531
Slovenia,2021-12-29,12204853,12204853,113500,1308019,3381082,0,0,2215428,9989425,13703,99797,2215428,9989425,43329,5231,38098,https://www.nijz.si/sl/dnevno-spremljanje-okuzb-s-sars-cov-2-covid-19,0.879265814938531
Slovenia,2021-12-30,12309236,12309236,104383,1308019,3381082,0,0,2228031,10081205,12603,91780,2228031,10081205,58241,7032,51209,https://www.nijz.si/sl/dnevno-spremljanje-okuzb-s-sars-cov-2-covid-19,0.879265814938531
Slovenia,2021-12-31,12394659,12394659,85423,1308019,3381082,0,0,2238344,10156315,10313,75110,2238344,10156315,70444,8505,61939,https://www.nijz.si/sl/dnevno-spremljanje-okuzb-s-sars-cov-2-covid-19,0.879265814938531
Slovenia,2022-01-01,12407773,12407773,13114,1308019,3381082,0,0,2239927,10167846,1583,11531,2239927,10167846,72318,8731,63587,https://www.nijz.si/sl/dnevno-spremljanje-okuzb-s-sars-cov-2-covid-19,0.879265814938531
Slovenia,2022-01-02,12450623,12450623,42850,1308019,3381082,0,0,2245100,10205523,5173,37677,2245100,10205523,78439,9470,68969,https://www.nijz.si/sl/dnevno-spremljanje-okuzb-s-sars-cov-2-covid-19,0.879265814938531
Slovenia,2022-01-03,12557585,12557585,106962,1308019,3381082,0,0,2258014,10299571,12914,94048,2258014,10299571,80862,9763,71099,https://www.nijz.si/sl/dnevno-spremljanje-okuzb-s-sars-cov-2-covid-19,0.879265814938531
Slovenia,2022-01-04,12650795,12650795,93210,1308019,3381082,0,0,2269268,10381527,11254,81956,2269268,10381527,79920,9649,70271,https://www.nijz.si/sl/dnevno-spremljanje-okuzb-s-sars-cov-2-covid-19,0.879265814938531
Slovenia,2022-01-05,12751205,12751205,100410,1308019,3381082,0,0,2281391,10469814,12123,88287,2281391,10469814,78050,9423,68627,https://www.nijz.si/sl/dnevno-spremljanje-okuzb-s-sars-cov-2-covid-19,0.879265814938531
Slovenia,2022-01-06,12848737,12848737,97532,1308019,3381082,0,0,2293166,10555571,11775,85757,2293166,10555571,77072,9305,67767,https://www.nijz.si/sl/dnevno-spremljanje-okuzb-s-sars-cov-2-covid-19,0.879265814938531
Slovenia,2022-01-07,12959064,12959064,110327,1308019,3381082,0,0,2306486,10652578,13320,97007,2306486,10652578,80629,9735,70895,https://www.nijz.si/sl/dnevno-spremljanje-okuzb-s-sars-cov-2-covid-19,0.879265814938531
Slovenia,2022-01-08,13035276,13035276,76212,1308019,3381082,0,0,2315687,10719589,9201,67011,2315687,10719589,89643,10823,78820,https://www.nijz.si/sl/dnevno-spremljanje-okuzb-s-sars-cov-2-covid-19,0.879265814938531
Slovenia,2022-01-09,13078107,13078107,42831,1308019,3381082,0,0,2320858,10757249,5171,37660,2320858,10757249,89641,10823,78818,https://www.nijz.si/sl/dnevno-spremljanje-okuzb-s-sars-cov-2-covid-19,0.879265814938531
Slovenia,2022-01-10,13197153,13197153,119046,1308019,3381082,0,0,2335231,10861922,14373,104673,2335231,10861922,91367,11031,80336,https://www.nijz.si/sl/dnevno-spremljanje-okuzb-s-sars-cov-2-covid-19,0.879265814938531
Slovenia,2022-01-11,13296289,13296289,99136,1308019,3381082,0,0,2347200,10949089,11969,87167,2347200,10949089,92213,11133,81080,https://www.nijz.si/sl/dnevno-spremljanje-okuzb-s-sars-cov-2-covid-19,0.879265814938531
Slovenia,2022-01-12,13408209,13408209,111920,1308019,3381082,0,0,2360713,11047496,13513,98407,2360713,11047496,93858,11332,82526,https://www.nijz.si/sl/dnevno-spremljanje-okuzb-s-sars-cov-2-covid-19,0.879265814938531
Slovenia,2022-01-13,13509789,13509789,101580,1308019,3381082,0,0,2372977,11136812,12264,89316,2372977,11136812,94436,11402,83034,https://www.nijz.si/sl/dnevno-spremljanje-okuzb-s-sars-cov-2-covid-19,0.879265814938531
Slovenia,2022-01-14,13633221,13633221,123432,1308019,3381082,0,0,2387879,11245342,14902,108530,2387879,11245342,96308,11628,84681,https://www.nijz.si/sl/dnevno-spremljanje-okuzb-s-sars-cov-2-covid-19,0.879265814938531
Slovenia,2022-01-15,13719247,13719247,86026,1308019,3381082,0,0,2398265,11320982,10386,75640,2398265,11320982,97710,11797,85913,https://www.nijz.si/sl/dnevno-spremljanje-okuzb-s-sars-cov-2-covid-19,0.879265814938531
Slovenia,2022-01-16,13768974,13768974,49727,1308019,3381082,0,0,2404269,11364705,6004,43723,2404269,11364705,98695,11916,86779,https://www.nijz.si/sl/dnevno-spremljanje-okuzb-s-sars-cov-2-covid-19,0.879265814938531
Slovenia,2022-01-17,13894737,13894737,125763,1308019,3381082,0,0,2419453,11475284,15184,110579,2419453,11475284,99655,12032,87623,https://www.nijz.si/sl/dnevno-spremljanje-okuzb-s-sars-cov-2-covid-19,0.879265814938531
Slovenia,2022-01-18,14002419,14002419,107682,1308019,3381082,0,0,2432454,11569965,13001,94681,2432454,11569965,100876,12179,88697,https://www.nijz.si/sl/dnevno-spremljanje-okuzb-s-sars-cov-2-covid-19,0.879265814938531
Slovenia,2022-01-19,14002419,14002419,0,1308019,3381082,0,0,2432454,11569965,0,0,2432454,11569965,84887,10249,74638,https://www.nijz.si/sl/dnevno-spremljanje-okuzb-s-sars-cov-2-covid-19,0.879265814938531
Slovenia,2022-01-20,14002419,14002419,0,1308019,3381082,0,0,2432454,11569965,0,0,2432454,11569965,70376,8497,61879,https://www.nijz.si/sl/dnevno-spremljanje-okuzb-s-sars-cov-2-covid-19,0.879265814938531
Slovenia,2022-01-21,14002419,14002419,0,1308019,3381082,0,0,2432454,11569965,0,0,2432454,11569965,52743,6368,46375,https://www.nijz.si/sl/dnevno-spremljanje-okuzb-s-sars-cov-2-covid-19,0.879265814938531
Slovenia,2022-01-22,14002419,14002419,0,1308019,3381082,0,0,2432454,11569965,0,0,2432454,11569965,40453,4884,35569,https://www.nijz.si/sl/dnevno-spremljanje-okuzb-s-sars-cov-2-covid-19,0.879265814938531
Slovenia,2022-01-23,14002419,14002419,0,1308019,3381082,0,0,2432454,11569965,0,0,2432454,11569965,33349,4026,29323,https://www.nijz.si/sl/dnevno-spremljanje-okuzb-s-sars-cov-2-covid-19,0.879265814938531
Slovenia,2022-01-24,14002419,14002419,0,1308019,3381082,0,0,2432454,11569965,0,0,2432454,11569965,15383,1857,13526,https://www.nijz.si/sl/dnevno-spremljanje-okuzb-s-sars-cov-2-covid-19,0.879265814938531
Slovenia,2022-01-25,14002419,14002419,0,1308019,3381082,0,0,2432454,11569965,0,0,2432454,11569965,0,0,0,https://www.nijz.si/sl/dnevno-spremljanje-okuzb-s-sars-cov-2-covid-19,0.879265814938531
Slovenia,2022-01-26,15264096,15264096,1261677,1308019,3381082,0,0,2584782,12679314,152328,1109349,2584782,12679314,180240,21761,158478,https://www.nijz.si/sl/dnevno-spremljanje-okuzb-s-sars-cov-2-covid-19,0.879265814938531
Slovenia,2022-01-27,15380740,15380740,116644,1308019,3381082,0,0,2598865,12781875,14083,102561,2598865,12781875,196903,23773,173130,https://www.nijz.si/sl/dnevno-spremljanje-okuzb-s-sars-cov-2-covid-19,0.879265814938531
Slovenia,2022-01-28,15380740,15380740,0,1308019,3381082,0,0,2598865,12781875,0,0,2598865,12781875,196903,23773,173130,https://www.nijz.si/sl/dnevno-spremljanje-okuzb-s-sars-cov-2-covid-19,0.879265814938531
Slovenia,2022-01-29,15603738,15603738,222998,1308019,3381082,0,0,2625788,12977950,26923,196075,2625788,12977950,228760,27619,201141,https://www.nijz.si/sl/dnevno-spremljanje-okuzb-s-sars-cov-2-covid-19,0.879265814938531
Slovenia,2022-01-30,15667864,15667864,64126,1308019,3381082,0,0,2633530,13034334,7742,56384,2633530,13034334,237921,28725,209196,https://www.nijz.si/sl/dnevno-spremljanje-okuzb-s-sars-cov-2-covid-19,0.879265814938531
Slovenia,2022-01-31,15807818,15807818,139954,1308019,3381082,0,0,2650427,13157391,16897,123057,2650427,13157391,257914,31139,226775,https://www.nijz.si/sl/dnevno-spremljanje-okuzb-s-sars-cov-2-covid-19,0.879265814938531
Slovenia,2022-02-01,15925722,15925722,117904,1308019,3381082,0,0,2664662,13261060,14235,103669,2664662,13261060,274758,33173,241585,https://www.nijz.si/sl/dnevno-spremljanje-okuzb-s-sars-cov-2-covid-19,0.879265814938531
Slovenia,2022-02-02,16058367,16058367,132645,1308019,3381082,0,0,2680677,13377690,16015,116630,2680677,13377690,113467,13699,99768,https://www.nijz.si/sl/dnevno-spremljanje-okuzb-s-sars-cov-2-covid-19,0.879265814938531
Slovenia,2022-02-03,16168208,16168208,109841,1308019,3381082,0,0,2693939,13474269,13262,96579,2693939,13474269,112495,13582,98913,https://www.nijz.si/sl/dnevno-spremljanje-okuzb-s-sars-cov-2-covid-19,0.879265814938531
Slovenia,2022-02-04,16168208,16168208,0,1308019,3381082,0,0,2693939,13474269,0,0,2693939,13474269,112495,13582,98913,https://www.nijz.si/sl/dnevno-spremljanje-okuzb-s-sars-cov-2-covid-19,0.879265814938531
Slovenia,2022-02-05,16369743,16369743,201535,1308019,3381082,0,0,2718271,13651472,24332,177203,2718271,13651472,109429,13212,96217,https://www.nijz.si/sl/dnevno-spremljanje-okuzb-s-sars-cov-2-covid-19,0.879265814938531
Slovenia,2022-02-06,16418645,16418645,48902,1308019,3381082,0,0,2724175,13694470,5904,42998,2724175,13694470,107254,12949,94305,https://www.nijz.si/sl/dnevno-spremljanje-okuzb-s-sars-cov-2-covid-19,0.879265814938531
Slovenia,2022-02-07,16545210,16545210,126565,1308019,3381082,0,0,2739456,13805754,15281,111284,2739456,13805754,105342,12718,92623,https://www.nijz.si/sl/dnevno-spremljanje-okuzb-s-sars-cov-2-covid-19,0.879265814938531
Slovenia,2022-02-08,16598325,16598325,53115,1308019,3381082,0,0,2745869,13852456,6413,46702,2745869,13852456,96086,11601,84485,https://www.nijz.si/sl/dnevno-spremljanje-okuzb-s-sars-cov-2-covid-19,0.879265814938531
Slovenia,2022-02-09,16725650,16725650,127325,1308019,3381082,0,0,2761241,13964409,15372,111953,2761241,13964409,95326,11509,83817,https://www.nijz.si/sl/dnevno-spremljanje-okuzb-s-sars-cov-2-covid-19,0.879265814938531
Slovenia,2022-02-10,16819598,16819598,93948,1308019,3381082,0,0,2772584,14047014,11343,82605,2772584,14047014,93056,11235,81821,https://www.nijz.si/sl/dnevno-spremljanje-okuzb-s-sars-cov-2-covid-19,0.879265814938531
Slovenia,2022-02-11,16819598,16819598,0,1308019,3381082,0,0,2772584,14047014,0,0,2772584,14047014,93056,11235,81821,https://www.nijz.si/sl/dnevno-spremljanje-okuzb-s-sars-cov-2-covid-19,0.879265814938531
Slovenia,2022-02-12,17001814,17001814,182216,1308019,3381082,0,0,2794584,14207230,22000,160216,2794584,14207230,90296,10902,79394,https://www.nijz.si/sl/dnevno-spremljanje-okuzb-s-sars-cov-2-covid-19,0.879265814938531
Slovenia,2022-02-13,17051859,17051859,50045,1308019,3381082,0,0,2800626,14251233,6042,44003,2800626,14251233,90459,10922,79538,https://www.nijz.si/sl/dnevno-spremljanje-okuzb-s-sars-cov-2-covid-19,0.879265814938531
Slovenia,2022-02-14,17164064,17164064,112205,1308019,3381082,0,0,2814173,14349891,13547,98658,2814173,14349891,88408,10674,77734,https://www.nijz.si/sl/dnevno-spremljanje-okuzb-s-sars-cov-2-covid-19,0.879265814938531
Slovenia,2022-02-15,17245935,17245935,81871,1308019,3381082,0,0,2824058,14421877,9885,71986,2824058,14421877,92516,11170,81346,https://www.nijz.si/sl/dnevno-spremljanje-okuzb-s-sars-cov-2-covid-19,0.879265814938531
Slovenia,2022-02-16,17346426,17346426,100491,1308019,3381082,0,0,2836191,14510235,12133,88358,2836191,14510235,88682,10707,77975,https://www.nijz.si/sl/dnevno-spremljanje-okuzb-s-sars-cov-2-covid-19,0.879265814938531
Slovenia,2022-02-17,17425662,17425662,79236,1308019,3381082,0,0,2845757,14579905,9566,69670,2845757,14579905,86581,10453,76127,https://www.nijz.si/sl/dnevno-spremljanje-okuzb-s-sars-cov-2-covid-19,0.879265814938531
Slovenia,2022-02-18,17425662,17425662,0,1308019,3381082,0,0,2845757,14579905,0,0,2845757,14579905,86581,10453,76127,https://www.nijz.si/sl/dnevno-spremljanje-okuzb-s-sars-cov-2-covid-19,0.879265814938531
Slovenia,2022-02-19,17574088,17574088,148426,1308019,3381082,0,0,2863677,14710411,17920,130506,2863677,14710411,81753,9870,71883,https://www.nijz.si/sl/dnevno-spremljanje-okuzb-s-sars-cov-2-covid-19,0.879265814938531
Slovenia,2022-02-20,17609088,17609088,35000,1308019,3381082,0,0,2867903,14741185,4226,30774,2867903,14741185,79604,9611,69993,https://www.nijz.si/sl/dnevno-spremljanje-okuzb-s-sars-cov-2-covid-19,0.879265814938531
Slovenia,2022-02-21,17634955,17634955,25867,1308019,3381082,0,0,2871026,14763929,3123,22744,2871026,14763929,67270,8122,59148,https://www.nijz.si/sl/dnevno-spremljanje-okuzb-s-sars-cov-2-covid-19,0.879265814938531
Slovenia,2022-02-22,17652756,17652756,17801,1308019,3381082,0,0,2873175,14779581,2149,15652,2873175,14779581,58117,7017,51101,https://www.nijz.si/sl/dnevno-spremljanje-okuzb-s-sars-cov-2-covid-19,0.879265814938531
Slovenia,2022-02-23,17672425,17672425,19669,1308019,3381082,0,0,2875550,14796875,2375,17294,2875550,14796875,46571,5623,40949,https://www.nijz.si/sl/dnevno-spremljanje-okuzb-s-sars-cov-2-covid-19,0.879265814938531
Slovenia,2022-02-24,17687120,17687120,14695,1308019,3381082,0,0,2877324,14809796,1774,12921,2877324,14809796,37351,4510,32842,https://www.nijz.si/sl/dnevno-spremljanje-okuzb-s-sars-cov-2-covid-19,0.879265814938531
Slovenia,2022-02-25,17687120,17687120,0,1308019,3381082,0,0,2877324,14809796,0,0,2877324,14809796,37351,4510,32842,https://www.nijz.si/sl/dnevno-spremljanje-okuzb-s-sars-cov-2-covid-19,0.879265814938531
Slovenia,2022-02-26,17710459,17710459,23339,1308019,3381082,0,0,2880142,14830317,2818,20521,2880142,14830317,19482,2352,17129,https://www.nijz.si/sl/dnevno-spremljanje-okuzb-s-sars-cov-2-covid-19,0.879265814938531
Slovenia,2022-02-27,17715883,17715883,5424,1308019,3381082,0,0,2880797,14835086,655,4769,2880797,14835086,15256,1842,13414,https://www.nijz.si/sl/dnevno-spremljanje-okuzb-s-sars-cov-2-covid-19,0.879265814938531
Slovenia,2022-02-28,17735227,17735227,19344,1308019,3381082,0,0,2883132,14852095,2335,17009,2883132,14852095,14325,1729,12595,https://www.nijz.si/sl/dnevno-spremljanje-okuzb-s-sars-cov-2-covid-19,0.879265814938531
Slovenia,2022-03-01,17748952,17748952,13725,1308019,3381082,0,0,2884789,14864163,1657,12068,2884789,14864163,13742,1659,12083,https://www.nijz.si/sl/dnevno-spremljanje-okuzb-s-sars-cov-2-covid-19,0.879265814938531
Slovenia,2022-03-02,17764186,17764186,15234,1308019,3381082,0,0,2886628,14877558,1839,13395,2886628,14877558,13109,1583,11526,https://www.nijz.si/sl/dnevno-spremljanje-okuzb-s-sars-cov-2-covid-19,0.879265814938531
Slovenia,2022-03-03,17777879,17777879,13693,1308019,3381082,0,0,2888281,14889598,1653,12040,2888281,14889598,12966,1565,11400,https://www.nijz.si/sl/dnevno-spremljanje-okuzb-s-sars-cov-2-covid-19,0.879265814938531
Slovenia,2022-03-04,17777879,17777879,0,1308019,3381082,0,0,2888281,14889598,0,0,2888281,14889598,12966,1565,11400,https://www.nijz.si/sl/dnevno-spremljanje-okuzb-s-sars-cov-2-covid-19,0.879265814938531
Slovenia,2022-03-05,17798426,17798426,20547,1308019,3381082,0,0,2890762,14907664,2481,18066,2890762,14907664,12567,1517,11050,https://www.nijz.si/sl/dnevno-spremljanje-okuzb-s-sars-cov-2-covid-19,0.879265814938531
Slovenia,2022-03-06,17803049,17803049,4623,1308019,3381082,0,0,2891320,14911729,558,4065,2891320,14911729,12452,1503,10949,https://www.nijz.si/sl/dnevno-spremljanje-okuzb-s-sars-cov-2-covid-19,0.879265814938531
Slovenia,2022-03-07,17820373,17820373,17324,1308019,3381082,0,0,2893412,14926961,2092,15232,2893412,14926961,12164,1469,10695,https://www.nijz.si/sl/dnevno-spremljanje-okuzb-s-sars-cov-2-covid-19,0.879265814938531
Slovenia,2022-03-08,17831841,17831841,11468,1308019,3381082,0,0,2894797,14937044,1385,10083,2894797,14937044,11841,1430,10412,https://www.nijz.si/sl/dnevno-spremljanje-okuzb-s-sars-cov-2-covid-19,0.879265814938531
Slovenia,2022-03-09,17846639,17846639,14798,1308019,3381082,0,0,2896584,14950055,1787,13011,2896584,14950055,11779,1422,10357,https://www.nijz.si/sl/dnevno-spremljanje-okuzb-s-sars-cov-2-covid-19,0.879265814938531
Slovenia,2022-03-10,17859299,17859299,12660,1308019,3381082,0,0,2898112,14961187,1528,11132,2898112,14961187,11631,1404,10227,https://www.nijz.si/sl/dnevno-spremljanje-okuzb-s-sars-cov-2-covid-19,0.879265814938531
Slovenia,2022-03-11,17859299,17859299,0,1308019,3381082,0,0,2898112,14961187,0,0,2898112,14961187,11631,1404,10227,https://www.nijz.si/sl/dnevno-spremljanje-okuzb-s-sars-cov-2-covid-19,0.879265814938531
Slovenia,2022-03-12,17880815,17880815,21516,1308019,3381082,0,0,2900710,14980105,2598,18918,2900710,14980105,11770,1421,10349,https://www.nijz.si/sl/dnevno-spremljanje-okuzb-s-sars-cov-2-covid-19,0.879265814938531
Slovenia,2022-03-13,17885984,17885984,5169,1308019,3381082,0,0,2901334,14984650,624,4545,2901334,14984650,11848,1431,10417,https://www.nijz.si/sl/dnevno-spremljanje-okuzb-s-sars-cov-2-covid-19,0.879265814938531
Slovenia,2022-03-14,17905335,17905335,19351,1308019,3381082,0,0,2903670,15001665,2336,17015,2903670,15001665,12137,1465,10672,https://www.nijz.si/sl/dnevno-spremljanje-okuzb-s-sars-cov-2-covid-19,0.879265814938531
Slovenia,2022-03-15,17919608,17919608,14273,1308019,3381082,0,0,2905393,15014215,1723,12550,2905393,15014215,12538,1514,11024,https://www.nijz.si/sl/dnevno-spremljanje-okuzb-s-sars-cov-2-covid-19,0.879265814938531
Slovenia,2022-03-16,17935460,17935460,15852,1308019,3381082,0,0,2907307,15028153,1914,13938,2907307,15028153,12689,1532,11157,https://www.nijz.si/sl/dnevno-spremljanje-okuzb-s-sars-cov-2-covid-19,0.879265814938531
Slovenia,2022-03-17,17951305,17951305,15845,1308019,3381082,0,0,2909220,15042085,1913,13932,2909220,15042085,13144,1587,11557,https://www.nijz.si/sl/dnevno-spremljanje-okuzb-s-sars-cov-2-covid-19,0.879265814938531
Slovenia,2022-03-18,17951305,17951305,0,1308019,3381082,0,0,2909220,15042085,0,0,2909220,15042085,13144,1587,11557,https://www.nijz.si/sl/dnevno-spremljanje-okuzb-s-sars-cov-2-covid-19,0.879265814938531
Spain,2021-03-29,36300583,36300583,777080,27573864,8726719,526186,250894,27573864,8726719,526186,250894,27573864,8726719,NA,NA,NA,https://www.mscbs.gob.es/gabinete/notasPrensa.do,0.32286765841354814
Spain,2021-03-30,36300583,36300583,0,27573864,8726719,0,0,27573864,8726719,0,0,27573864,8726719,NA,NA,NA,https://www.mscbs.gob.es/gabinete/notasPrensa.do,0.32286765841354814
Spain,2021-03-31,36300583,36300583,0,27573864,8726719,0,0,27573864,8726719,0,0,27573864,8726719,NA,NA,NA,https://www.mscbs.gob.es/gabinete/notasPrensa.do,0.32286765841354814
Spain,2021-04-01,36300583,36300583,0,27573864,8726719,0,0,27573864,8726719,0,0,27573864,8726719,NA,NA,NA,https://www.mscbs.gob.es/gabinete/notasPrensa.do,0.32286765841354814
Spain,2021-04-02,36300583,36300583,0,27573864,8726719,0,0,27573864,8726719,0,0,27573864,8726719,NA,NA,NA,https://www.mscbs.gob.es/gabinete/notasPrensa.do,0.32286765841354814
Spain,2021-04-03,36300583,36300583,0,27573864,8726719,0,0,27573864,8726719,0,0,27573864,8726719,NA,NA,NA,https://www.mscbs.gob.es/gabinete/notasPrensa.do,0.32286765841354814
Spain,2021-04-04,36300583,36300583,0,27573864,8726719,0,0,27573864,8726719,0,0,27573864,8726719,111011,75169,35842,https://www.mscbs.gob.es/gabinete/notasPrensa.do,0.32286765841354814
Spain,2021-04-05,37012618,37012618,712035,28028393,8984225,454529,257506,28028393,8984225,454529,257506,28028393,8984225,101719,64933,36787,https://www.mscbs.gob.es/gabinete/notasPrensa.do,0.3616479526989544
Spain,2021-04-06,37012618,37012618,0,28028393,8984225,0,0,28028393,8984225,0,0,28028393,8984225,101719,64933,36787,https://www.mscbs.gob.es/gabinete/notasPrensa.do,0.3616479526989544
Spain,2021-04-07,37012618,37012618,0,28028393,8984225,0,0,28028393,8984225,0,0,28028393,8984225,101719,64933,36787,https://www.mscbs.gob.es/gabinete/notasPrensa.do,0.3616479526989544
Spain,2021-04-08,37012618,37012618,0,28028393,8984225,0,0,28028393,8984225,0,0,28028393,8984225,101719,64933,36787,https://www.mscbs.gob.es/gabinete/notasPrensa.do,0.3616479526989544
Spain,2021-04-09,37012618,37012618,0,28028393,8984225,0,0,28028393,8984225,0,0,28028393,8984225,101719,64933,36787,https://www.mscbs.gob.es/gabinete/notasPrensa.do,0.3616479526989544
Spain,2021-04-10,37012618,37012618,0,28028393,8984225,0,0,28028393,8984225,0,0,28028393,8984225,101719,64933,36787,https://www.mscbs.gob.es/gabinete/notasPrensa.do,0.3616479526989544
Spain,2021-04-11,37012618,37012618,0,28028393,8984225,0,0,28028393,8984225,0,0,28028393,8984225,101719,64933,36787,https://www.mscbs.gob.es/gabinete/notasPrensa.do,0.3616479526989544
Spain,2021-04-12,37755947,37755947,743329,28506257,9249690,477864,265465,28506257,9249690,477864,265465,28506257,9249690,106190,68266,37924,https://www.mscbs.gob.es/gabinete/notasPrensa.do,0.3571298846136771
Spain,2021-04-13,37755947,37755947,0,28506257,9249690,0,0,28506257,9249690,0,0,28506257,9249690,106190,68266,37924,https://www.mscbs.gob.es/gabinete/notasPrensa.do,0.3571298846136771
Spain,2021-04-14,37755947,37755947,0,28506257,9249690,0,0,28506257,9249690,0,0,28506257,9249690,106190,68266,37924,https://www.mscbs.gob.es/gabinete/notasPrensa.do,0.3571298846136771
Spain,2021-04-15,37755947,37755947,0,28506257,9249690,0,0,28506257,9249690,0,0,28506257,9249690,106190,68266,37924,https://www.mscbs.gob.es/gabinete/notasPrensa.do,0.3571298846136771
Spain,2021-04-16,37755947,37755947,0,28506257,9249690,0,0,28506257,9249690,0,0,28506257,9249690,106190,68266,37924,https://www.mscbs.gob.es/gabinete/notasPrensa.do,0.3571298846136771
Spain,2021-04-17,37755947,37755947,0,28506257,9249690,0,0,28506257,9249690,0,0,28506257,9249690,106190,68266,37924,https://www.mscbs.gob.es/gabinete/notasPrensa.do,0.3571298846136771
Spain,2021-04-18,37755947,37755947,0,28506257,9249690,0,0,28506257,9249690,0,0,28506257,9249690,106190,68266,37924,https://www.mscbs.gob.es/gabinete/notasPrensa.do,0.3571298846136771
Spain,2021-04-19,38644733,38644733,888786,29087554,9557179,581297,307489,29087554,9557179,581297,307489,29087554,9557179,126969,83042,43927,https://www.mscbs.gob.es/gabinete/notasPrensa.do,0.34596517046848174
Spain,2021-04-20,38644733,38644733,0,29087554,9557179,0,0,29087554,9557179,0,0,29087554,9557179,126969,83042,43927,https://www.mscbs.gob.es/gabinete/notasPrensa.do,0.34596517046848174
Spain,2021-04-21,38644733,38644733,0,29087554,9557179,0,0,29087554,9557179,0,0,29087554,9557179,126969,83042,43927,https://www.mscbs.gob.es/gabinete/notasPrensa.do,0.34596517046848174
Spain,2021-04-22,38644733,38644733,0,29087554,9557179,0,0,29087554,9557179,0,0,29087554,9557179,126969,83042,43927,https://www.mscbs.gob.es/gabinete/notasPrensa.do,0.34596517046848174
Spain,2021-04-23,38644733,38644733,0,29087554,9557179,0,0,29087554,9557179,0,0,29087554,9557179,126969,83042,43927,https://www.mscbs.gob.es/gabinete/notasPrensa.do,0.34596517046848174
Spain,2021-04-24,38644733,38644733,0,29087554,9557179,0,0,29087554,9557179,0,0,29087554,9557179,126969,83042,43927,https://www.mscbs.gob.es/gabinete/notasPrensa.do,0.34596517046848174
Spain,2021-04-25,38644733,38644733,0,29087554,9557179,0,0,29087554,9557179,0,0,29087554,9557179,126969,83042,43927,https://www.mscbs.gob.es/gabinete/notasPrensa.do,0.34596517046848174
Spain,2021-04-26,39533769,39533769,889036,29675676,9858093,588122,300914,29675676,9858093,588122,300914,29675676,9858093,127005,84017,42988,https://www.mscbs.gob.es/gabinete/notasPrensa.do,0.33847223284546407
Spain,2021-04-27,39533769,39533769,0,29675676,9858093,0,0,29675676,9858093,0,0,29675676,9858093,127005,84017,42988,https://www.mscbs.gob.es/gabinete/notasPrensa.do,0.33847223284546407
Spain,2021-04-28,39533769,39533769,0,29675676,9858093,0,0,29675676,9858093,0,0,29675676,9858093,127005,84017,42988,https://www.mscbs.gob.es/gabinete/notasPrensa.do,0.33847223284546407
Spain,2021-04-29,39533769,39533769,0,29675676,9858093,0,0,29675676,9858093,0,0,29675676,9858093,127005,84017,42988,https://www.mscbs.gob.es/gabinete/notasPrensa.do,0.33847223284546407
Spain,2021-04-30,39533769,39533769,0,29675676,9858093,0,0,29675676,9858093,0,0,29675676,9858093,127005,84017,42988,https://www.mscbs.gob.es/gabinete/notasPrensa.do,0.33847223284546407
Spain,2021-05-01,39533769,39533769,0,29675676,9858093,0,0,29675676,9858093,0,0,29675676,9858093,127005,84017,42988,https://www.mscbs.gob.es/gabinete/notasPrensa.do,0.33847223284546407
Spain,2021-05-02,39533769,39533769,0,29675676,9858093,0,0,29675676,9858093,0,0,29675676,9858093,127005,84017,42988,https://www.mscbs.gob.es/gabinete/notasPrensa.do,0.33847223284546407
Spain,2021-05-03,39533769,39533769,0,29675676,9858093,0,0,29675676,9858093,0,0,29675676,9858093,0,0,0,https://www.mscbs.gob.es/gabinete/notasPrensa.do,0.33847223284546407
Spain,2021-05-04,39533769,39533769,0,30277072,10185335,601396,327242,29675676,9858093,0,0,29675676,9858093,0,0,0,https://www.mscbs.gob.es/gabinete/notasPrensa.do,0.35238919794365514
Spain,2021-05-05,40462407,40462407,928638,30277072,10185335,0,0,30277072,10185335,601396,327242,30277072,10185335,132663,85914,46749,https://www.mscbs.gob.es/gabinete/notasPrensa.do,0.35238919794365514
Spain,2021-05-06,40462407,40462407,0,30277072,10185335,0,0,30277072,10185335,0,0,30277072,10185335,132663,85914,46749,https://www.mscbs.gob.es/gabinete/notasPrensa.do,0.35238919794365514
Spain,2021-05-07,40462407,40462407,0,30277072,10185335,0,0,30277072,10185335,0,0,30277072,10185335,132663,85914,46749,https://www.mscbs.gob.es/gabinete/notasPrensa.do,0.35238919794365514
Spain,2021-05-08,40462407,40462407,0,30277072,10185335,0,0,30277072,10185335,0,0,30277072,10185335,132663,85914,46749,https://www.mscbs.gob.es/gabinete/notasPrensa.do,0.35238919794365514
Spain,2021-05-09,40462407,40462407,0,30277072,10185335,0,0,30277072,10185335,0,0,30277072,10185335,132663,85914,46749,https://www.mscbs.gob.es/gabinete/notasPrensa.do,0.35238919794365514
Spain,2021-05-10,41297269,41297269,834862,30836976,10460293,559904,274958,30836976,10460293,559904,274958,30836976,10460293,251929,165900,86029,https://www.mscbs.gob.es/gabinete/notasPrensa.do,0.32934544870888843
Spain,2021-05-11,41297269,41297269,0,30836976,10460293,0,0,30836976,10460293,0,0,30836976,10460293,251929,165900,86029,https://www.mscbs.gob.es/gabinete/notasPrensa.do,0.32934544870888843
Spain,2021-05-12,41297269,41297269,0,30836976,10460293,0,0,30836976,10460293,0,0,30836976,10460293,119266,79986,39280,https://www.mscbs.gob.es/gabinete/notasPrensa.do,0.32934544870888843
Spain,2021-05-13,41297269,41297269,0,30836976,10460293,0,0,30836976,10460293,0,0,30836976,10460293,119266,79986,39280,https://www.mscbs.gob.es/gabinete/notasPrensa.do,0.32934544870888843
Spain,2021-05-14,41297269,41297269,0,30836976,10460293,0,0,30836976,10460293,0,0,30836976,10460293,119266,79986,39280,https://www.mscbs.gob.es/gabinete/notasPrensa.do,0.32934544870888843
Spain,2021-05-15,41297269,41297269,0,30836976,10460293,0,0,30836976,10460293,0,0,30836976,10460293,119266,79986,39280,https://www.mscbs.gob.es/gabinete/notasPrensa.do,0.32934544870888843
Spain,2021-05-16,41297269,41297269,0,30836976,10460293,0,0,30836976,10460293,0,0,30836976,10460293,119266,79986,39280,https://www.mscbs.gob.es/gabinete/notasPrensa.do,0.32934544870888843
Spain,2021-05-17,42089670,42089670,792401,31361349,10728321,524373,268028,31361349,10728321,524373,268028,31361349,10728321,113200,74910,38290,https://www.mscbs.gob.es/gabinete/notasPrensa.do,0.3382479325493027
Spain,2021-05-18,42089670,42089670,0,31361349,10728321,0,0,31361349,10728321,0,0,31361349,10728321,113200,74910,38290,https://www.mscbs.gob.es/gabinete/notasPrensa.do,0.3382479325493027
Spain,2021-05-19,42089670,42089670,0,31361349,10728321,0,0,31361349,10728321,0,0,31361349,10728321,113200,74910,38290,https://www.mscbs.gob.es/gabinete/notasPrensa.do,0.3382479325493027
Spain,2021-05-20,42089670,42089670,0,31361349,10728321,0,0,31361349,10728321,0,0,31361349,10728321,113200,74910,38290,https://www.mscbs.gob.es/gabinete/notasPrensa.do,0.3382479325493027
Spain,2021-05-21,42089670,42089670,0,31361349,10728321,0,0,31361349,10728321,0,0,31361349,10728321,113200,74910,38290,https://www.mscbs.gob.es/gabinete/notasPrensa.do,0.3382479325493027
Spain,2021-05-22,42089670,42089670,0,31361349,10728321,0,0,31361349,10728321,0,0,31361349,10728321,113200,74910,38290,https://www.mscbs.gob.es/gabinete/notasPrensa.do,0.3382479325493027
Spain,2021-05-23,42089670,42089670,0,31361349,10728321,0,0,31361349,10728321,0,0,31361349,10728321,113200,74910,38290,https://www.mscbs.gob.es/gabinete/notasPrensa.do,0.3382479325493027
Spain,2021-05-24,42846660,42846660,756990,31853049,10993611,491700,265290,31853049,10993611,491700,265290,31853049,10993611,108141,70243,37899,https://www.mscbs.gob.es/gabinete/notasPrensa.do,0.35045377085562557
Spain,2021-05-25,42846660,42846660,0,31853049,10993611,0,0,31853049,10993611,0,0,31853049,10993611,108141,70243,37899,https://www.mscbs.gob.es/gabinete/notasPrensa.do,0.35045377085562557
Spain,2021-05-26,42846660,42846660,0,31853049,10993611,0,0,31853049,10993611,0,0,31853049,10993611,108141,70243,37899,https://www.mscbs.gob.es/gabinete/notasPrensa.do,0.35045377085562557
Spain,2021-05-27,42846660,42846660,0,31853049,10993611,0,0,31853049,10993611,0,0,31853049,10993611,108141,70243,37899,https://www.mscbs.gob.es/gabinete/notasPrensa.do,0.35045377085562557
Spain,2021-05-28,42846660,42846660,0,31853049,10993611,0,0,31853049,10993611,0,0,31853049,10993611,108141,70243,37899,https://www.mscbs.gob.es/gabinete/notasPrensa.do,0.35045377085562557
Spain,2021-05-29,42846660,42846660,0,31853049,10993611,0,0,31853049,10993611,0,0,31853049,10993611,108141,70243,37899,https://www.mscbs.gob.es/gabinete/notasPrensa.do,0.35045377085562557
Spain,2021-05-30,42846660,42846660,0,31853049,10993611,0,0,31853049,10993611,0,0,31853049,10993611,108141,70243,37899,https://www.mscbs.gob.es/gabinete/notasPrensa.do,0.35045377085562557
Spain,2021-05-31,43557867,43557867,711207,32307229,11250638,454180,257027,32307229,11250638,454180,257027,32307229,11250638,101601,64883,36718,https://www.mscbs.gob.es/gabinete/notasPrensa.do,0.36139548682732314
Spain,2021-06-01,43557867,43557867,0,32307229,11250638,0,0,32307229,11250638,0,0,32307229,11250638,101601,64883,36718,https://www.mscbs.gob.es/gabinete/notasPrensa.do,0.36139548682732314
Spain,2021-06-02,43557867,43557867,0,32307229,11250638,0,0,32307229,11250638,0,0,32307229,11250638,101601,64883,36718,https://www.mscbs.gob.es/gabinete/notasPrensa.do,0.36139548682732314
Spain,2021-06-03,43557867,43557867,0,32307229,11250638,0,0,32307229,11250638,0,0,32307229,11250638,101601,64883,36718,https://www.mscbs.gob.es/gabinete/notasPrensa.do,0.36139548682732314
Spain,2021-06-04,43557867,43557867,0,32307229,11250638,0,0,32307229,11250638,0,0,32307229,11250638,101601,64883,36718,https://www.mscbs.gob.es/gabinete/notasPrensa.do,0.36139548682732314
Spain,2021-06-05,43557867,43557867,0,32307229,11250638,0,0,32307229,11250638,0,0,32307229,11250638,101601,64883,36718,https://www.mscbs.gob.es/gabinete/notasPrensa.do,0.36139548682732314
Spain,2021-06-06,43557867,43557867,0,32307229,11250638,0,0,32307229,11250638,0,0,32307229,11250638,101601,64883,36718,https://www.mscbs.gob.es/gabinete/notasPrensa.do,0.36139548682732314
Spain,2021-06-07,44294542,44294542,736675,32784136,11510406,476907,259768,32784136,11510406,476907,259768,32784136,11510406,105239,68130,37110,https://www.mscbs.gob.es/gabinete/notasPrensa.do,0.3526222554043506
Spain,2021-06-08,44294542,44294542,0,32784136,11510406,0,0,32784136,11510406,0,0,32784136,11510406,105239,68130,37110,https://www.mscbs.gob.es/gabinete/notasPrensa.do,0.3526222554043506
Spain,2021-06-09,44294542,44294542,0,32784136,11510406,0,0,32784136,11510406,0,0,32784136,11510406,105239,68130,37110,https://www.mscbs.gob.es/gabinete/notasPrensa.do,0.3526222554043506
Spain,2021-06-10,44294542,44294542,0,32784136,11510406,0,0,32784136,11510406,0,0,32784136,11510406,105239,68130,37110,https://www.mscbs.gob.es/gabinete/notasPrensa.do,0.3526222554043506
Spain,2021-06-11,44294542,44294542,0,32784136,11510406,0,0,32784136,11510406,0,0,32784136,11510406,105239,68130,37110,https://www.mscbs.gob.es/gabinete/notasPrensa.do,0.3526222554043506
Spain,2021-06-12,44294542,44294542,0,32784136,11510406,0,0,32784136,11510406,0,0,32784136,11510406,105239,68130,37110,https://www.mscbs.gob.es/gabinete/notasPrensa.do,0.3526222554043506
Spain,2021-06-13,44294542,44294542,0,32784136,11510406,0,0,32784136,11510406,0,0,32784136,11510406,105239,68130,37110,https://www.mscbs.gob.es/gabinete/notasPrensa.do,0.3526222554043506
Spain,2021-06-14,44966212,44966212,671670,33221873,11744339,437737,233933,33221873,11744339,437737,233933,33221873,11744339,95953,62534,33419,https://www.mscbs.gob.es/gabinete/notasPrensa.do,0.3482856164485536
Spain,2021-06-15,44966212,44966212,0,33221873,11744339,0,0,33221873,11744339,0,0,33221873,11744339,95953,62534,33419,https://www.mscbs.gob.es/gabinete/notasPrensa.do,0.3482856164485536
Spain,2021-06-16,44966212,44966212,0,33221873,11744339,0,0,33221873,11744339,0,0,33221873,11744339,95953,62534,33419,https://www.mscbs.gob.es/gabinete/notasPrensa.do,0.3482856164485536
Spain,2021-06-17,44966212,44966212,0,33221873,11744339,0,0,33221873,11744339,0,0,33221873,11744339,95953,62534,33419,https://www.mscbs.gob.es/gabinete/notasPrensa.do,0.3482856164485536
Spain,2021-06-18,44966212,44966212,0,33221873,11744339,0,0,33221873,11744339,0,0,33221873,11744339,95953,62534,33419,https://www.mscbs.gob.es/gabinete/notasPrensa.do,0.3482856164485536
Spain,2021-06-19,44966212,44966212,0,33221873,11744339,0,0,33221873,11744339,0,0,33221873,11744339,95953,62534,33419,https://www.mscbs.gob.es/gabinete/notasPrensa.do,0.3482856164485536
Spain,2021-06-20,44966212,44966212,0,33221873,11744339,0,0,33221873,11744339,0,0,33221873,11744339,95953,62534,33419,https://www.mscbs.gob.es/gabinete/notasPrensa.do,0.3482856164485536
Spain,2021-06-21,44966212,44966212,0,33221873,11744339,0,0,33221873,11744339,0,0,33221873,11744339,0,0,0,https://www.mscbs.gob.es/gabinete/notasPrensa.do,0.3482856164485536
Spain,2021-06-22,44966212,44966212,0,33221873,11744339,0,0,33221873,11744339,0,0,33221873,11744339,0,0,0,https://www.mscbs.gob.es/gabinete/notasPrensa.do,0.3482856164485536
Spain,2021-06-23,44966212,44966212,0,33221873,11744339,0,0,33221873,11744339,0,0,33221873,11744339,0,0,0,https://www.mscbs.gob.es/gabinete/notasPrensa.do,0.3482856164485536
Spain,2021-06-24,44966212,44966212,0,33221873,11744339,0,0,33221873,11744339,0,0,33221873,11744339,0,0,0,https://www.mscbs.gob.es/gabinete/notasPrensa.do,0.3482856164485536
Spain,2021-06-25,44966212,44966212,0,33221873,11744339,0,0,33221873,11744339,0,0,33221873,11744339,0,0,0,https://www.mscbs.gob.es/gabinete/notasPrensa.do,0.3482856164485536
Spain,2021-06-26,44966212,44966212,0,33221873,11744339,0,0,33221873,11744339,0,0,33221873,11744339,0,0,0,https://www.mscbs.gob.es/gabinete/notasPrensa.do,0.3482856164485536
Spain,2021-06-27,44966212,44966212,0,33221873,11744339,0,0,33221873,11744339,0,0,33221873,11744339,0,0,0,https://www.mscbs.gob.es/gabinete/notasPrensa.do,0.3482856164485536
Spain,2021-06-28,46257190,46257190,1290978,34044503,12212687,822630,468348,34044503,12212687,822630,468348,34044503,12212687,184425,117519,66907,https://www.mscbs.gob.es/gabinete/notasPrensa.do,0.36278542314431383
Spain,2021-06-29,46257190,46257190,0,34044503,12212687,0,0,34044503,12212687,0,0,34044503,12212687,184425,117519,66907,https://www.mscbs.gob.es/gabinete/notasPrensa.do,0.36278542314431383
Spain,2021-06-30,46257190,46257190,0,34044503,12212687,0,0,34044503,12212687,0,0,34044503,12212687,184425,117519,66907,https://www.mscbs.gob.es/gabinete/notasPrensa.do,0.36278542314431383
Spain,2021-07-01,46257190,46257190,0,34044503,12212687,0,0,34044503,12212687,0,0,34044503,12212687,184425,117519,66907,https://www.mscbs.gob.es/gabinete/notasPrensa.do,0.36278542314431383
Spain,2021-07-02,46257190,46257190,0,34044503,12212687,0,0,34044503,12212687,0,0,34044503,12212687,184425,117519,66907,https://www.mscbs.gob.es/gabinete/notasPrensa.do,0.36278542314431383
Spain,2021-07-03,46257190,46257190,0,34044503,12212687,0,0,34044503,12212687,0,0,34044503,12212687,184425,117519,66907,https://www.mscbs.gob.es/gabinete/notasPrensa.do,0.36278542314431383
Spain,2021-07-04,46257190,46257190,0,34044503,12212687,0,0,34044503,12212687,0,0,34044503,12212687,184425,117519,66907,https://www.mscbs.gob.es/gabinete/notasPrensa.do,0.36278542314431383
Spain,2021-07-05,47038074,47038074,780884,34520531,12520531,476028,307844,34518716,12519358,474213,306671,34518716,12519358,111555,67745,43810,https://www.mscbs.gob.es/gabinete/notasPrensa.do,0.3927222811887655
Spain,2021-07-06,47038074,47038074,0,34520531,12520531,0,0,34518716,12519358,0,0,34518716,12519358,111555,67745,43810,https://www.mscbs.gob.es/gabinete/notasPrensa.do,0.3927222811887655
Spain,2021-07-07,47038074,47038074,0,34520531,12520531,0,0,34518716,12519358,0,0,34518716,12519358,111555,67745,43810,https://www.mscbs.gob.es/gabinete/notasPrensa.do,0.3927222811887655
Spain,2021-07-08,47038074,47038074,0,34520531,12520531,0,0,34518716,12519358,0,0,34518716,12519358,111555,67745,43810,https://www.mscbs.gob.es/gabinete/notasPrensa.do,0.3927222811887655
Spain,2021-07-09,47038074,47038074,0,34520531,12520531,0,0,34518716,12519358,0,0,34518716,12519358,111555,67745,43810,https://www.mscbs.gob.es/gabinete/notasPrensa.do,0.3927222811887655
Spain,2021-07-10,47038074,47038074,0,34520531,12520531,0,0,34518716,12519358,0,0,34518716,12519358,111555,67745,43810,https://www.mscbs.gob.es/gabinete/notasPrensa.do,0.3927222811887655
Spain,2021-07-11,47038074,47038074,0,34520531,12520531,0,0,34518716,12519358,0,0,34518716,12519358,111555,67745,43810,https://www.mscbs.gob.es/gabinete/notasPrensa.do,0.3927222811887655
Spain,2021-07-12,48029113,48029113,991039,35140294,12888819,619763,368288,35140353,12888760,621637,369402,35140353,12888760,141577,88805,52772,https://www.mscbs.gob.es/gabinete/notasPrensa.do,0.3727418928779992
Spain,2021-07-13,48029113,48029113,0,35140294,12888819,0,0,35140353,12888760,0,0,35140353,12888760,141577,88805,52772,https://www.mscbs.gob.es/gabinete/notasPrensa.do,0.3727418928779992
Spain,2021-07-14,48029113,48029113,0,35140294,12888819,0,0,35140353,12888760,0,0,35140353,12888760,141577,88805,52772,https://www.mscbs.gob.es/gabinete/notasPrensa.do,0.3727418928779992
Spain,2021-07-15,48029113,48029113,0,35140294,12888819,0,0,35140353,12888760,0,0,35140353,12888760,141577,88805,52772,https://www.mscbs.gob.es/gabinete/notasPrensa.do,0.3727418928779992
Spain,2021-07-16,48029113,48029113,0,35140294,12888819,0,0,35140353,12888760,0,0,35140353,12888760,141577,88805,52772,https://www.mscbs.gob.es/gabinete/notasPrensa.do,0.3727418928779992
Spain,2021-07-17,48029113,48029113,0,35140294,12888819,0,0,35140353,12888760,0,0,35140353,12888760,141577,88805,52772,https://www.mscbs.gob.es/gabinete/notasPrensa.do,0.3727418928779992
Spain,2021-07-18,48029113,48029113,0,35140294,12888819,0,0,35140353,12888760,0,0,35140353,12888760,141577,88805,52772,https://www.mscbs.gob.es/gabinete/notasPrensa.do,0.3727418928779992
Spain,2021-07-19,49193277,49193277,1164164,35844382,13348985,704088,460166,35844387,13348890,704034,460130,35844387,13348890,166309,100576,65733,https://www.mscbs.gob.es/gabinete/notasPrensa.do,0.3952453674198242
Spain,2021-07-20,49193277,49193277,0,35844382,13348985,0,0,35844387,13348890,0,0,35844387,13348890,166309,100576,65733,https://www.mscbs.gob.es/gabinete/notasPrensa.do,0.3952453674198242
Spain,2021-07-21,49193277,49193277,0,35844382,13348985,0,0,35844387,13348890,0,0,35844387,13348890,166309,100576,65733,https://www.mscbs.gob.es/gabinete/notasPrensa.do,0.3952453674198242
Spain,2021-07-22,49193277,49193277,0,35844382,13348985,0,0,35844387,13348890,0,0,35844387,13348890,166309,100576,65733,https://www.mscbs.gob.es/gabinete/notasPrensa.do,0.3952453674198242
Spain,2021-07-23,49193277,49193277,0,35844382,13348985,0,0,35844387,13348890,0,0,35844387,13348890,166309,100576,65733,https://www.mscbs.gob.es/gabinete/notasPrensa.do,0.3952453674198242
Spain,2021-07-24,49193277,49193277,0,35844382,13348985,0,0,35844387,13348890,0,0,35844387,13348890,166309,100576,65733,https://www.mscbs.gob.es/gabinete/notasPrensa.do,0.3952453674198242
Spain,2021-07-25,49193277,49193277,0,35844382,13348985,0,0,35844387,13348890,0,0,35844387,13348890,166309,100576,65733,https://www.mscbs.gob.es/gabinete/notasPrensa.do,0.3952453674198242
Spain,2021-07-26,50474223,50474223,1280946,36635856,13838367,791474,489382,36635917,13838306,791530,489416,36635917,13838306,182992,113076,69917,https://www.mscbs.gob.es/gabinete/notasPrensa.do,0.38207417539520444
Spain,2021-07-27,50474223,50474223,0,36635856,13838367,0,0,36635917,13838306,0,0,36635917,13838306,182992,113076,69917,https://www.mscbs.gob.es/gabinete/notasPrensa.do,0.38207417539520444
Spain,2021-07-28,50474223,50474223,0,36635856,13838367,0,0,36635917,13838306,0,0,36635917,13838306,182992,113076,69917,https://www.mscbs.gob.es/gabinete/notasPrensa.do,0.38207417539520444
Spain,2021-07-29,50474223,50474223,0,36635856,13838367,0,0,36635917,13838306,0,0,36635917,13838306,182992,113076,69917,https://www.mscbs.gob.es/gabinete/notasPrensa.do,0.38207417539520444
Spain,2021-07-30,50474223,50474223,0,36635856,13838367,0,0,36635917,13838306,0,0,36635917,13838306,182992,113076,69917,https://www.mscbs.gob.es/gabinete/notasPrensa.do,0.38207417539520444
Spain,2021-07-31,50474223,50474223,0,36635856,13838367,0,0,36635917,13838306,0,0,36635917,13838306,182992,113076,69917,https://www.mscbs.gob.es/gabinete/notasPrensa.do,0.38207417539520444
Spain,2021-08-01,50474223,50474223,0,36635856,13838367,0,0,36635917,13838306,0,0,36635917,13838306,182992,113076,69917,https://www.mscbs.gob.es/gabinete/notasPrensa.do,0.38207417539520444
Spain,2021-08-02,51739721,51739721,1265498,37436536,14303185,800680,464818,37436597,14303124,800680,464818,37436597,14303124,180785,114383,66403,https://www.mscbs.gob.es/gabinete/notasPrensa.do,0.3673004619525278
Spain,2021-08-03,51739721,51739721,0,37436536,14303185,0,0,37436597,14303124,0,0,37436597,14303124,180785,114383,66403,https://www.mscbs.gob.es/gabinete/notasPrensa.do,0.3673004619525278
Spain,2021-08-04,51739721,51739721,0,37436536,14303185,0,0,37436597,14303124,0,0,37436597,14303124,180785,114383,66403,https://www.mscbs.gob.es/gabinete/notasPrensa.do,0.3673004619525278
Spain,2021-08-05,51739721,51739721,0,37436536,14303185,0,0,37436597,14303124,0,0,37436597,14303124,180785,114383,66403,https://www.mscbs.gob.es/gabinete/notasPrensa.do,0.3673004619525278
Spain,2021-08-06,51739721,51739721,0,37436536,14303185,0,0,37436597,14303124,0,0,37436597,14303124,180785,114383,66403,https://www.mscbs.gob.es/gabinete/notasPrensa.do,0.3673004619525278
Spain,2021-08-07,51739721,51739721,0,37436536,14303185,0,0,37436597,14303124,0,0,37436597,14303124,180785,114383,66403,https://www.mscbs.gob.es/gabinete/notasPrensa.do,0.3673004619525278
Spain,2021-08-08,51739721,51739721,0,37436536,14303185,0,0,37436597,14303124,0,0,37436597,14303124,180785,114383,66403,https://www.mscbs.gob.es/gabinete/notasPrensa.do,0.3673004619525278
Spain,2021-08-09,52887516,52887516,1147795,38172268,14715248,735732,412063,38172329,14715187,735732,412063,38172329,14715187,163971,105105,58866,https://www.mscbs.gob.es/gabinete/notasPrensa.do,0.35900400332812044
Spain,2021-08-10,52887516,52887516,0,38172268,14715248,0,0,38172329,14715187,0,0,38172329,14715187,163971,105105,58866,https://www.mscbs.gob.es/gabinete/notasPrensa.do,0.35900400332812044
Spain,2021-08-11,52887516,52887516,0,38172268,14715248,0,0,38172329,14715187,0,0,38172329,14715187,163971,105105,58866,https://www.mscbs.gob.es/gabinete/notasPrensa.do,0.35900400332812044
Spain,2021-08-12,52887516,52887516,0,38172268,14715248,0,0,38172329,14715187,0,0,38172329,14715187,163971,105105,58866,https://www.mscbs.gob.es/gabinete/notasPrensa.do,0.35900400332812044
Spain,2021-08-13,52887516,52887516,0,38172268,14715248,0,0,38172329,14715187,0,0,38172329,14715187,163971,105105,58866,https://www.mscbs.gob.es/gabinete/notasPrensa.do,0.35900400332812044
Spain,2021-08-14,52887516,52887516,0,38172268,14715248,0,0,38172329,14715187,0,0,38172329,14715187,163971,105105,58866,https://www.mscbs.gob.es/gabinete/notasPrensa.do,0.35900400332812044
Spain,2021-08-15,52887516,52887516,0,38172268,14715248,0,0,38172329,14715187,0,0,38172329,14715187,163971,105105,58866,https://www.mscbs.gob.es/gabinete/notasPrensa.do,0.35900400332812044
Spain,2021-08-16,53892999,53892999,1005483,38828914,15064085,656646,348837,38828975,15064024,656646,348837,38828975,15064024,143640,93807,49834,https://www.mscbs.gob.es/gabinete/notasPrensa.do,0.3469347567288557
Spain,2021-08-17,53892999,53892999,0,38828914,15064085,0,0,38828975,15064024,0,0,38828975,15064024,143640,93807,49834,https://www.mscbs.gob.es/gabinete/notasPrensa.do,0.3469347567288557
Spain,2021-08-18,53892999,53892999,0,38828914,15064085,0,0,38828975,15064024,0,0,38828975,15064024,143640,93807,49834,https://www.mscbs.gob.es/gabinete/notasPrensa.do,0.3469347567288557
Spain,2021-08-19,53892999,53892999,0,38828914,15064085,0,0,38828975,15064024,0,0,38828975,15064024,143640,93807,49834,https://www.mscbs.gob.es/gabinete/notasPrensa.do,0.3469347567288557
Spain,2021-08-20,53892999,53892999,0,38828914,15064085,0,0,38828975,15064024,0,0,38828975,15064024,143640,93807,49834,https://www.mscbs.gob.es/gabinete/notasPrensa.do,0.3469347567288557
Spain,2021-08-21,53892999,53892999,0,38828914,15064085,0,0,38828975,15064024,0,0,38828975,15064024,143640,93807,49834,https://www.mscbs.gob.es/gabinete/notasPrensa.do,0.3469347567288557
Spain,2021-08-22,53892999,53892999,0,38828914,15064085,0,0,38828975,15064024,0,0,38828975,15064024,143640,93807,49834,https://www.mscbs.gob.es/gabinete/notasPrensa.do,0.3469347567288557
Spain,2021-08-23,54719110,54719110,826111,39358008,15361102,529094,297017,39358069,15361041,529094,297017,39358069,15361041,118016,75585,42431,https://www.mscbs.gob.es/gabinete/notasPrensa.do,0.3595364303344224
Spain,2021-08-24,54719110,54719110,0,39358008,15361102,0,0,39358069,15361041,0,0,39358069,15361041,118016,75585,42431,https://www.mscbs.gob.es/gabinete/notasPrensa.do,0.3595364303344224
Spain,2021-08-25,54719110,54719110,0,39358008,15361102,0,0,39358069,15361041,0,0,39358069,15361041,118016,75585,42431,https://www.mscbs.gob.es/gabinete/notasPrensa.do,0.3595364303344224
Spain,2021-08-26,54719110,54719110,0,39358008,15361102,0,0,39358069,15361041,0,0,39358069,15361041,118016,75585,42431,https://www.mscbs.gob.es/gabinete/notasPrensa.do,0.3595364303344224
Spain,2021-08-27,54719110,54719110,0,39358008,15361102,0,0,39358069,15361041,0,0,39358069,15361041,118016,75585,42431,https://www.mscbs.gob.es/gabinete/notasPrensa.do,0.3595364303344224
Spain,2021-08-28,54719110,54719110,0,39358008,15361102,0,0,39358069,15361041,0,0,39358069,15361041,118016,75585,42431,https://www.mscbs.gob.es/gabinete/notasPrensa.do,0.3595364303344224
Spain,2021-08-29,54719110,54719110,0,39358008,15361102,0,0,39358069,15361041,0,0,39358069,15361041,118016,75585,42431,https://www.mscbs.gob.es/gabinete/notasPrensa.do,0.3595364303344224
Spain,2021-08-30,55478210,55478210,759100,39840576,15637634,482568,276532,39840637,15637573,482568,276532,39840637,15637573,108443,68938,39505,https://www.mscbs.gob.es/gabinete/notasPrensa.do,0.36428928994862336
Spain,2021-08-31,55478210,55478210,0,39840576,15637634,0,0,39840637,15637573,0,0,39840637,15637573,108443,68938,39505,https://www.mscbs.gob.es/gabinete/notasPrensa.do,0.36428928994862336
Spain,2021-09-01,55478210,55478210,0,39840576,15637634,0,0,39840637,15637573,0,0,39840637,15637573,108443,68938,39505,https://www.mscbs.gob.es/gabinete/notasPrensa.do,0.36428928994862336
Spain,2021-09-02,55478210,55478210,0,39840576,15637634,0,0,39840637,15637573,0,0,39840637,15637573,108443,68938,39505,https://www.mscbs.gob.es/gabinete/notasPrensa.do,0.36428928994862336
Spain,2021-09-03,55478210,55478210,0,39840576,15637634,0,0,39840637,15637573,0,0,39840637,15637573,108443,68938,39505,https://www.mscbs.gob.es/gabinete/notasPrensa.do,0.36428928994862336
Spain,2021-09-04,55478210,55478210,0,39840576,15637634,0,0,39840637,15637573,0,0,39840637,15637573,108443,68938,39505,https://www.mscbs.gob.es/gabinete/notasPrensa.do,0.36428928994862336
Spain,2021-09-05,55478210,55478210,0,39840576,15637634,0,0,39840637,15637573,0,0,39840637,15637573,108443,68938,39505,https://www.mscbs.gob.es/gabinete/notasPrensa.do,0.36428928994862336
Spain,2021-09-06,55478210,55478210,0,40347879,15906952,507303,269318,39840637,15637573,0,0,39840637,15637573,0,0,0,https://www.mscbs.gob.es/gabinete/notasPrensa.do,0.34678176356292195
Spain,2021-09-07,56254831,56254831,776621,40347879,15906952,0,0,40347940,15906891,507303,269318,40347940,15906891,110946,72472,38474,https://www.mscbs.gob.es/gabinete/notasPrensa.do,0.34678176356292195
Spain,2021-09-08,56254831,56254831,0,40347879,15906952,0,0,40347940,15906891,0,0,40347940,15906891,110946,72472,38474,https://www.mscbs.gob.es/gabinete/notasPrensa.do,0.34678176356292195
Spain,2021-09-09,56254831,56254831,0,40347879,15906952,0,0,40347940,15906891,0,0,40347940,15906891,110946,72472,38474,https://www.mscbs.gob.es/gabinete/notasPrensa.do,0.34678176356292195
Spain,2021-09-10,56254831,56254831,0,40347879,15906952,0,0,40347940,15906891,0,0,40347940,15906891,110946,72472,38474,https://www.mscbs.gob.es/gabinete/notasPrensa.do,0.34678176356292195
Spain,2021-09-11,56254831,56254831,0,40347879,15906952,0,0,40347940,15906891,0,0,40347940,15906891,110946,72472,38474,https://www.mscbs.gob.es/gabinete/notasPrensa.do,0.34678176356292195
Spain,2021-09-12,56254831,56254831,0,40347879,15906952,0,0,40347940,15906891,0,0,40347940,15906891,110946,72472,38474,https://www.mscbs.gob.es/gabinete/notasPrensa.do,0.34678176356292195
Spain,2021-09-13,56889626,56889626,634795,40772029,16117597,424150,210645,40772090,16117536,424150,210645,40772090,16117536,201631,133065,68566,https://www.mscbs.gob.es/gabinete/notasPrensa.do,0.3318315361652187
Spain,2021-09-14,56889626,56889626,0,40772029,16117597,0,0,40772090,16117536,0,0,40772090,16117536,90685,60593,30092,https://www.mscbs.gob.es/gabinete/notasPrensa.do,0.3318315361652187
Spain,2021-09-15,56889626,56889626,0,40772029,16117597,0,0,40772090,16117536,0,0,40772090,16117536,90685,60593,30092,https://www.mscbs.gob.es/gabinete/notasPrensa.do,0.3318315361652187
Spain,2021-09-16,56889626,56889626,0,40772029,16117597,0,0,40772090,16117536,0,0,40772090,16117536,90685,60593,30092,https://www.mscbs.gob.es/gabinete/notasPrensa.do,0.3318315361652187
Spain,2021-09-17,56889626,56889626,0,40772029,16117597,0,0,40772090,16117536,0,0,40772090,16117536,90685,60593,30092,https://www.mscbs.gob.es/gabinete/notasPrensa.do,0.3318315361652187
Spain,2021-09-18,56889626,56889626,0,40772029,16117597,0,0,40772090,16117536,0,0,40772090,16117536,90685,60593,30092,https://www.mscbs.gob.es/gabinete/notasPrensa.do,0.3318315361652187
Spain,2021-09-19,56889626,56889626,0,40772029,16117597,0,0,40772090,16117536,0,0,40772090,16117536,90685,60593,30092,https://www.mscbs.gob.es/gabinete/notasPrensa.do,0.3318315361652187
Spain,2021-09-20,57549938,57549938,660312,41220650,16329288,448621,211691,41220711,16329227,448621,211691,41220711,16329227,94330,64089,30242,https://www.mscbs.gob.es/gabinete/notasPrensa.do,0.32059238662935097
Spain,2021-09-21,57549938,57549938,0,41220650,16329288,0,0,41220711,16329227,0,0,41220711,16329227,94330,64089,30242,https://www.mscbs.gob.es/gabinete/notasPrensa.do,0.32059238662935097
Spain,2021-09-22,57549938,57549938,0,41220650,16329288,0,0,41220711,16329227,0,0,41220711,16329227,94330,64089,30242,https://www.mscbs.gob.es/gabinete/notasPrensa.do,0.32059238662935097
Spain,2021-09-23,57549938,57549938,0,41220650,16329288,0,0,41220711,16329227,0,0,41220711,16329227,94330,64089,30242,https://www.mscbs.gob.es/gabinete/notasPrensa.do,0.32059238662935097
Spain,2021-09-24,57549938,57549938,0,41220650,16329288,0,0,41220711,16329227,0,0,41220711,16329227,94330,64089,30242,https://www.mscbs.gob.es/gabinete/notasPrensa.do,0.32059238662935097
Spain,2021-09-25,57549938,57549938,0,41220650,16329288,0,0,41220711,16329227,0,0,41220711,16329227,94330,64089,30242,https://www.mscbs.gob.es/gabinete/notasPrensa.do,0.32059238662935097
Spain,2021-09-26,57549938,57549938,0,41220650,16329288,0,0,41220711,16329227,0,0,41220711,16329227,94330,64089,30242,https://www.mscbs.gob.es/gabinete/notasPrensa.do,0.32059238662935097
Spain,2021-09-27,58381365,58381365,831427,41702534,16678831,481884,349543,41702595,16678770,481884,349543,41702595,16678770,118775,68841,49935,https://www.mscbs.gob.es/gabinete/notasPrensa.do,0.42041333755098165
Spain,2021-09-28,58381365,58381365,0,41702534,16678831,0,0,41702595,16678770,0,0,41702595,16678770,118775,68841,49935,https://www.mscbs.gob.es/gabinete/notasPrensa.do,0.42041333755098165
Spain,2021-09-29,58381365,58381365,0,41702534,16678831,0,0,41702595,16678770,0,0,41702595,16678770,118775,68841,49935,https://www.mscbs.gob.es/gabinete/notasPrensa.do,0.42041333755098165
Spain,2021-09-30,58381365,58381365,0,41702534,16678831,0,0,41702595,16678770,0,0,41702595,16678770,118775,68841,49935,https://www.mscbs.gob.es/gabinete/notasPrensa.do,0.42041333755098165
Spain,2021-10-01,58381365,58381365,0,41702534,16678831,0,0,41702595,16678770,0,0,41702595,16678770,118775,68841,49935,https://www.mscbs.gob.es/gabinete/notasPrensa.do,0.42041333755098165
Spain,2021-10-02,58381365,58381365,0,41702534,16678831,0,0,41702595,16678770,0,0,41702595,16678770,118775,68841,49935,https://www.mscbs.gob.es/gabinete/notasPrensa.do,0.42041333755098165
Spain,2021-10-03,58381365,58381365,0,41702534,16678831,0,0,41702595,16678770,0,0,41702595,16678770,118775,68841,49935,https://www.mscbs.gob.es/gabinete/notasPrensa.do,0.42041333755098165
Spain,2021-10-04,58381365,58381365,0,42247856,17066487,545322,387656,41702595,16678770,0,0,41702595,16678770,0,0,0,https://www.mscbs.gob.es/gabinete/notasPrensa.do,0.41550390255718783
Spain,2021-10-05,59314343,59314343,932978,42247856,17066487,0,0,42247917,17066426,545322,387656,42247917,17066426,133283,77903,55379,https://www.mscbs.gob.es/gabinete/notasPrensa.do,0.41550390255718783
Spain,2021-10-06,59314343,59314343,0,42247856,17066487,0,0,42247917,17066426,0,0,42247917,17066426,133283,77903,55379,https://www.mscbs.gob.es/gabinete/notasPrensa.do,0.41550390255718783
Spain,2021-10-07,59314343,59314343,0,42247856,17066487,0,0,42247917,17066426,0,0,42247917,17066426,133283,77903,55379,https://www.mscbs.gob.es/gabinete/notasPrensa.do,0.41550390255718783
Spain,2021-10-08,59314343,59314343,0,42247856,17066487,0,0,42247917,17066426,0,0,42247917,17066426,133283,77903,55379,https://www.mscbs.gob.es/gabinete/notasPrensa.do,0.41550390255718783
Spain,2021-10-09,59314343,59314343,0,42247856,17066487,0,0,42247917,17066426,0,0,42247917,17066426,133283,77903,55379,https://www.mscbs.gob.es/gabinete/notasPrensa.do,0.41550390255718783
Spain,2021-10-10,59314343,59314343,0,42247856,17066487,0,0,42247917,17066426,0,0,42247917,17066426,133283,77903,55379,https://www.mscbs.gob.es/gabinete/notasPrensa.do,0.41550390255718783
Spain,2021-10-11,60002572,60002572,688229,42676882,17325690,429026,259203,42676943,17325629,429026,259203,42676943,17325629,231601,139193,92408,https://www.mscbs.gob.es/gabinete/notasPrensa.do,0.3766231879214622
Spain,2021-10-12,60002572,60002572,0,42676882,17325690,0,0,42676943,17325629,0,0,42676943,17325629,98318,61289,37029,https://www.mscbs.gob.es/gabinete/notasPrensa.do,0.3766231879214622
Spain,2021-10-13,60002572,60002572,0,42676882,17325690,0,0,42676943,17325629,0,0,42676943,17325629,98318,61289,37029,https://www.mscbs.gob.es/gabinete/notasPrensa.do,0.3766231879214622
Spain,2021-10-14,60002572,60002572,0,42676882,17325690,0,0,42676943,17325629,0,0,42676943,17325629,98318,61289,37029,https://www.mscbs.gob.es/gabinete/notasPrensa.do,0.3766231879214622
Spain,2021-10-15,60002572,60002572,0,42676882,17325690,0,0,42676943,17325629,0,0,42676943,17325629,98318,61289,37029,https://www.mscbs.gob.es/gabinete/notasPrensa.do,0.3766231879214622
Spain,2021-10-16,60002572,60002572,0,42676882,17325690,0,0,42676943,17325629,0,0,42676943,17325629,98318,61289,37029,https://www.mscbs.gob.es/gabinete/notasPrensa.do,0.3766231879214622
Spain,2021-10-17,60002572,60002572,0,42676882,17325690,0,0,42676943,17325629,0,0,42676943,17325629,98318,61289,37029,https://www.mscbs.gob.es/gabinete/notasPrensa.do,0.3766231879214622
Spain,2021-10-18,60530642,60530642,528070,42987382,17543260,310500,217570,42987443,17543199,310500,217570,42987443,17543199,75439,44357,31081,https://www.mscbs.gob.es/gabinete/notasPrensa.do,0.4120097714318178
Spain,2021-10-19,60530642,60530642,0,42987382,17543260,0,0,42987443,17543199,0,0,42987443,17543199,75439,44357,31081,https://www.mscbs.gob.es/gabinete/notasPrensa.do,0.4120097714318178
Spain,2021-10-20,60530642,60530642,0,42987382,17543260,0,0,42987443,17543199,0,0,42987443,17543199,75439,44357,31081,https://www.mscbs.gob.es/gabinete/notasPrensa.do,0.4120097714318178
Spain,2021-10-21,60530642,60530642,0,42987382,17543260,0,0,42987443,17543199,0,0,42987443,17543199,75439,44357,31081,https://www.mscbs.gob.es/gabinete/notasPrensa.do,0.4120097714318178
Spain,2021-10-22,60530642,60530642,0,42987382,17543260,0,0,42987443,17543199,0,0,42987443,17543199,75439,44357,31081,https://www.mscbs.gob.es/gabinete/notasPrensa.do,0.4120097714318178
Spain,2021-10-23,60530642,60530642,0,42987382,17543260,0,0,42987443,17543199,0,0,42987443,17543199,75439,44357,31081,https://www.mscbs.gob.es/gabinete/notasPrensa.do,0.4120097714318178
Spain,2021-10-24,60530642,60530642,0,42987382,17543260,0,0,42987443,17543199,0,0,42987443,17543199,75439,44357,31081,https://www.mscbs.gob.es/gabinete/notasPrensa.do,0.4120097714318178
Spain,2021-10-25,61113853,61113853,583211,43333416,17780437,346034,237177,43333477,17780376,346034,237177,43333477,17780376,83316,49433,33882,https://www.mscbs.gob.es/gabinete/notasPrensa.do,0.4066744282943909
Spain,2021-10-26,61113853,61113853,0,43333416,17780437,0,0,43333477,17780376,0,0,43333477,17780376,83316,49433,33882,https://www.mscbs.gob.es/gabinete/notasPrensa.do,0.4066744282943909
Spain,2021-10-27,61113853,61113853,0,43333416,17780437,0,0,43333477,17780376,0,0,43333477,17780376,83316,49433,33882,https://www.mscbs.gob.es/gabinete/notasPrensa.do,0.4066744282943909
Spain,2021-10-28,61113853,61113853,0,43333416,17780437,0,0,43333477,17780376,0,0,43333477,17780376,83316,49433,33882,https://www.mscbs.gob.es/gabinete/notasPrensa.do,0.4066744282943909
Spain,2021-10-29,61113853,61113853,0,43333416,17780437,0,0,43333477,17780376,0,0,43333477,17780376,83316,49433,33882,https://www.mscbs.gob.es/gabinete/notasPrensa.do,0.4066744282943909
Spain,2021-10-30,61113853,61113853,0,43333416,17780437,0,0,43333477,17780376,0,0,43333477,17780376,83316,49433,33882,https://www.mscbs.gob.es/gabinete/notasPrensa.do,0.4066744282943909
Spain,2021-10-31,61113853,61113853,0,43333416,17780437,0,0,43333477,17780376,0,0,43333477,17780376,83316,49433,33882,https://www.mscbs.gob.es/gabinete/notasPrensa.do,0.4066744282943909
Spain,2021-11-01,61113853,61113853,0,43333416,17780437,0,0,43333477,17780376,0,0,43333477,17780376,0,0,0,https://www.mscbs.gob.es/gabinete/notasPrensa.do,0.4066744282943909
Spain,2021-11-02,61727174,61727174,613321,43698032,18029142,364616,248705,43698093,18029081,364616,248705,43698093,18029081,87617,52088,35529,https://www.mscbs.gob.es/gabinete/notasPrensa.do,0.40550543679410944
Spain,2021-11-03,61727174,61727174,0,43698032,18029142,0,0,43698093,18029081,0,0,43698093,18029081,87617,52088,35529,https://www.mscbs.gob.es/gabinete/notasPrensa.do,0.40550543679410944
Spain,2021-11-04,61727174,61727174,0,43698032,18029142,0,0,43698093,18029081,0,0,43698093,18029081,87617,52088,35529,https://www.mscbs.gob.es/gabinete/notasPrensa.do,0.40550543679410944
Spain,2021-11-05,61727174,61727174,0,43698032,18029142,0,0,43698093,18029081,0,0,43698093,18029081,87617,52088,35529,https://www.mscbs.gob.es/gabinete/notasPrensa.do,0.40550543679410944
Spain,2021-11-06,61727174,61727174,0,43698032,18029142,0,0,43698093,18029081,0,0,43698093,18029081,87617,52088,35529,https://www.mscbs.gob.es/gabinete/notasPrensa.do,0.40550543679410944
Spain,2021-11-07,61727174,61727174,0,43698032,18029142,0,0,43698093,18029081,0,0,43698093,18029081,87617,52088,35529,https://www.mscbs.gob.es/gabinete/notasPrensa.do,0.40550543679410944
Spain,2021-11-08,61727174,61727174,0,43698032,18029142,0,0,43698093,18029081,0,0,43698093,18029081,87617,52088,35529,https://www.mscbs.gob.es/gabinete/notasPrensa.do,0.40550543679410944
Spain,2021-11-09,61727174,61727174,0,43698032,18029142,0,0,43698093,18029081,0,0,43698093,18029081,0,0,0,https://www.mscbs.gob.es/gabinete/notasPrensa.do,0.40550543679410944
Spain,2021-11-10,62267790,62267790,540616,44031458,18236332,333426,207190,44031519,18236271,333426,207190,44031519,18236271,77231,47632,29599,https://www.mscbs.gob.es/gabinete/notasPrensa.do,0.38324799857939834
Spain,2021-11-11,62267790,62267790,0,44031458,18236332,0,0,44031519,18236271,0,0,44031519,18236271,77231,47632,29599,https://www.mscbs.gob.es/gabinete/notasPrensa.do,0.38324799857939834
Spain,2021-11-12,62267790,62267790,0,44031458,18236332,0,0,44031519,18236271,0,0,44031519,18236271,77231,47632,29599,https://www.mscbs.gob.es/gabinete/notasPrensa.do,0.38324799857939834
Spain,2021-11-13,62267790,62267790,0,44031458,18236332,0,0,44031519,18236271,0,0,44031519,18236271,77231,47632,29599,https://www.mscbs.gob.es/gabinete/notasPrensa.do,0.38324799857939834
Spain,2021-11-14,62267790,62267790,0,44031458,18236332,0,0,44031519,18236271,0,0,44031519,18236271,77231,47632,29599,https://www.mscbs.gob.es/gabinete/notasPrensa.do,0.38324799857939834
Spain,2021-11-15,62986857,62986857,719067,44427888,18558969,396430,322637,44427949,18558908,396430,322637,44427949,18558908,179955,104265,75690,https://www.mscbs.gob.es/gabinete/notasPrensa.do,0.4486883697902977
Spain,2021-11-16,62986857,62986857,0,44427888,18558969,0,0,44427949,18558908,0,0,44427949,18558908,179955,104265,75690,https://www.mscbs.gob.es/gabinete/notasPrensa.do,0.4486883697902977
Spain,2021-11-17,62986857,62986857,0,44427888,18558969,0,0,44427949,18558908,0,0,44427949,18558908,102724,56633,46091,https://www.mscbs.gob.es/gabinete/notasPrensa.do,0.4486883697902977
Spain,2021-11-18,62986857,62986857,0,44427888,18558969,0,0,44427949,18558908,0,0,44427949,18558908,102724,56633,46091,https://www.mscbs.gob.es/gabinete/notasPrensa.do,0.4486883697902977
Spain,2021-11-19,62986857,62986857,0,44427888,18558969,0,0,44427949,18558908,0,0,44427949,18558908,102724,56633,46091,https://www.mscbs.gob.es/gabinete/notasPrensa.do,0.4486883697902977
Spain,2021-11-20,62986857,62986857,0,44427888,18558969,0,0,44427949,18558908,0,0,44427949,18558908,102724,56633,46091,https://www.mscbs.gob.es/gabinete/notasPrensa.do,0.4486883697902977
Spain,2021-11-21,62986857,62986857,0,44427888,18558969,0,0,44427949,18558908,0,0,44427949,18558908,102724,56633,46091,https://www.mscbs.gob.es/gabinete/notasPrensa.do,0.4486883697902977
Spain,2021-11-22,62986857,62986857,0,44427888,18558969,0,0,44427949,18558908,0,0,44427949,18558908,0,0,0,https://www.mscbs.gob.es/gabinete/notasPrensa.do,0.4486883697902977
Spain,2021-11-23,62986857,62986857,0,44427888,18558969,0,0,44427949,18558908,0,0,44427949,18558908,0,0,0,https://www.mscbs.gob.es/gabinete/notasPrensa.do,0.4486883697902977
Spain,2021-11-24,62986857,62986857,0,44427888,18558969,0,0,44427949,18558908,0,0,44427949,18558908,0,0,0,https://www.mscbs.gob.es/gabinete/notasPrensa.do,0.4486883697902977
Spain,2021-11-25,62986857,62986857,0,44427888,18558969,0,0,44427949,18558908,0,0,44427949,18558908,0,0,0,https://www.mscbs.gob.es/gabinete/notasPrensa.do,0.4486883697902977
Spain,2021-11-26,62986857,62986857,0,44427888,18558969,0,0,44427949,18558908,0,0,44427949,18558908,0,0,0,https://www.mscbs.gob.es/gabinete/notasPrensa.do,0.4486883697902977
Spain,2021-11-27,62986857,62986857,0,44427888,18558969,0,0,44427949,18558908,0,0,44427949,18558908,0,0,0,https://www.mscbs.gob.es/gabinete/notasPrensa.do,0.4486883697902977
Spain,2021-11-28,62986857,62986857,0,44427888,18558969,0,0,44427949,18558908,0,0,44427949,18558908,0,0,0,https://www.mscbs.gob.es/gabinete/notasPrensa.do,0.4486883697902977
Spain,2021-11-29,62986857,62986857,0,44427888,18558969,0,0,44427949,18558908,0,0,44427949,18558908,0,0,0,https://www.mscbs.gob.es/gabinete/notasPrensa.do,0.4486883697902977
Spain,2021-11-30,62986857,62986857,0,44427888,18558969,0,0,44427949,18558908,0,0,44427949,18558908,0,0,0,https://www.mscbs.gob.es/gabinete/notasPrensa.do,0.4486883697902977
Spain,2021-12-01,62986857,62986857,0,44427888,18558969,0,0,44427949,18558908,0,0,44427949,18558908,0,0,0,https://www.mscbs.gob.es/gabinete/notasPrensa.do,0.4486883697902977
Spain,2021-12-02,62986857,62986857,0,44427888,18558969,0,0,44427949,18558908,0,0,44427949,18558908,0,0,0,https://www.mscbs.gob.es/gabinete/notasPrensa.do,0.4486883697902977
Spain,2021-12-03,62986857,62986857,0,44427888,18558969,0,0,44427949,18558908,0,0,44427949,18558908,0,0,0,https://www.mscbs.gob.es/gabinete/notasPrensa.do,0.4486883697902977
Spain,2021-12-04,62986857,62986857,0,44427888,18558969,0,0,44427949,18558908,0,0,44427949,18558908,0,0,0,https://www.mscbs.gob.es/gabinete/notasPrensa.do,0.4486883697902977
Spain,2021-12-05,62986857,62986857,0,44427888,18558969,0,0,44427949,18558908,0,0,44427949,18558908,0,0,0,https://www.mscbs.gob.es/gabinete/notasPrensa.do,0.4486883697902977
Spain,2021-12-06,62986857,62986857,0,44427888,18558969,0,0,44427949,18558908,0,0,44427949,18558908,0,0,0,https://www.mscbs.gob.es/gabinete/notasPrensa.do,0.4486883697902977
Spain,2021-12-07,62986857,62986857,0,44427888,18558969,0,0,44427949,18558908,0,0,44427949,18558908,0,0,0,https://www.mscbs.gob.es/gabinete/notasPrensa.do,0.4486883697902977
Spain,2021-12-08,62986857,62986857,0,44427888,18558969,0,0,44427949,18558908,0,0,44427949,18558908,0,0,0,https://www.mscbs.gob.es/gabinete/notasPrensa.do,0.4486883697902977
Spain,2021-12-09,62986857,62986857,0,44427888,18558969,0,0,44427949,18558908,0,0,44427949,18558908,0,0,0,https://www.mscbs.gob.es/gabinete/notasPrensa.do,0.4486883697902977
Spain,2021-12-10,62986857,62986857,0,44427888,18558969,0,0,44427949,18558908,0,0,44427949,18558908,0,0,0,https://www.mscbs.gob.es/gabinete/notasPrensa.do,0.4486883697902977
Spain,2021-12-11,62986857,62986857,0,44427888,18558969,0,0,44427949,18558908,0,0,44427949,18558908,0,0,0,https://www.mscbs.gob.es/gabinete/notasPrensa.do,0.4486883697902977
Spain,2021-12-12,62986857,62986857,0,44427888,18558969,0,0,44427949,18558908,0,0,44427949,18558908,0,0,0,https://www.mscbs.gob.es/gabinete/notasPrensa.do,0.4486883697902977
Spain,2021-12-13,62986857,62986857,0,44427888,18558969,0,0,44427949,18558908,0,0,44427949,18558908,0,0,0,https://www.mscbs.gob.es/gabinete/notasPrensa.do,0.4486883697902977
Spain,2021-12-14,62986857,62986857,0,44427888,18558969,0,0,44427949,18558908,0,0,44427949,18558908,0,0,0,https://www.mscbs.gob.es/gabinete/notasPrensa.do,0.4486883697902977
Spain,2021-12-15,62986857,62986857,0,44427888,18558969,0,0,44427949,18558908,0,0,44427949,18558908,0,0,0,https://www.mscbs.gob.es/gabinete/notasPrensa.do,0.4486883697902977
Spain,2021-12-16,62986857,62986857,0,44427888,18558969,0,0,44427949,18558908,0,0,44427949,18558908,0,0,0,https://www.mscbs.gob.es/gabinete/notasPrensa.do,0.4486883697902977
Spain,2021-12-17,62986857,62986857,0,44427888,18558969,0,0,44427949,18558908,0,0,44427949,18558908,0,0,0,https://www.mscbs.gob.es/gabinete/notasPrensa.do,0.4486883697902977
Spain,2021-12-18,62986857,62986857,0,44427888,18558969,0,0,44427949,18558908,0,0,44427949,18558908,0,0,0,https://www.mscbs.gob.es/gabinete/notasPrensa.do,0.4486883697902977
Spain,2021-12-19,62986857,62986857,0,44427888,18558969,0,0,44427949,18558908,0,0,44427949,18558908,0,0,0,https://www.mscbs.gob.es/gabinete/notasPrensa.do,0.4486883697902977
Spain,2021-12-20,62986857,62986857,0,44427888,18558969,0,0,44427949,18558908,0,0,44427949,18558908,0,0,0,https://www.mscbs.gob.es/gabinete/notasPrensa.do,0.4486883697902977
Spain,2021-12-21,62986857,62986857,0,44427888,18558969,0,0,44427949,18558908,0,0,44427949,18558908,0,0,0,https://www.mscbs.gob.es/gabinete/notasPrensa.do,0.4486883697902977
Spain,2021-12-22,62986857,62986857,0,44427888,18558969,0,0,44427949,18558908,0,0,44427949,18558908,0,0,0,https://www.mscbs.gob.es/gabinete/notasPrensa.do,0.4486883697902977
Spain,2021-12-23,62986857,62986857,0,44427888,18558969,0,0,44427949,18558908,0,0,44427949,18558908,0,0,0,https://www.mscbs.gob.es/gabinete/notasPrensa.do,0.4486883697902977
Spain,2021-12-24,62986857,62986857,0,44427888,18558969,0,0,44427949,18558908,0,0,44427949,18558908,0,0,0,https://www.mscbs.gob.es/gabinete/notasPrensa.do,0.4486883697902977
Spain,2021-12-25,62986857,62986857,0,44427888,18558969,0,0,44427949,18558908,0,0,44427949,18558908,0,0,0,https://www.mscbs.gob.es/gabinete/notasPrensa.do,0.4486883697902977
Spain,2021-12-26,62986857,62986857,0,44427888,18558969,0,0,44427949,18558908,0,0,44427949,18558908,0,0,0,https://www.mscbs.gob.es/gabinete/notasPrensa.do,0.4486883697902977
Spain,2021-12-27,62986857,62986857,0,44427888,18558969,0,0,44427949,18558908,0,0,44427949,18558908,0,0,0,https://www.mscbs.gob.es/gabinete/notasPrensa.do,0.4486883697902977
Spain,2021-12-28,62986857,62986857,0,44427888,18558969,0,0,44427949,18558908,0,0,44427949,18558908,0,0,0,https://www.mscbs.gob.es/gabinete/notasPrensa.do,0.4486883697902977
Spain,2021-12-29,62986857,62986857,0,44427888,18558969,0,0,44427949,18558908,0,0,44427949,18558908,0,0,0,https://www.mscbs.gob.es/gabinete/notasPrensa.do,0.4486883697902977
Spain,2021-12-30,62986857,62986857,0,44427888,18558969,0,0,44427949,18558908,0,0,44427949,18558908,0,0,0,https://www.mscbs.gob.es/gabinete/notasPrensa.do,0.4486883697902977
Spain,2021-12-31,62986857,62986857,0,44427888,18558969,0,0,44427949,18558908,0,0,44427949,18558908,0,0,0,https://www.mscbs.gob.es/gabinete/notasPrensa.do,0.4486883697902977
Spain,2022-01-01,62986857,62986857,0,44427888,18558969,0,0,44427949,18558908,0,0,44427949,18558908,0,0,0,https://www.mscbs.gob.es/gabinete/notasPrensa.do,0.4486883697902977
Spain,2022-01-02,62986857,62986857,0,44427888,18558969,0,0,44427949,18558908,0,0,44427949,18558908,0,0,0,https://www.mscbs.gob.es/gabinete/notasPrensa.do,0.4486883697902977
Spain,2022-01-03,62986857,62986857,0,44427888,18558969,0,0,44427949,18558908,0,0,44427949,18558908,0,0,0,https://www.mscbs.gob.es/gabinete/notasPrensa.do,0.4486883697902977
Spain,2022-01-04,62986857,62986857,0,44427888,18558969,0,0,44427949,18558908,0,0,44427949,18558908,0,0,0,https://www.mscbs.gob.es/gabinete/notasPrensa.do,0.4486883697902977
Spain,2022-01-05,62986857,62986857,0,44427888,18558969,0,0,44427949,18558908,0,0,44427949,18558908,0,0,0,https://www.mscbs.gob.es/gabinete/notasPrensa.do,0.4486883697902977
Spain,2022-01-06,62986857,62986857,0,44427888,18558969,0,0,44427949,18558908,0,0,44427949,18558908,0,0,0,https://www.mscbs.gob.es/gabinete/notasPrensa.do,0.4486883697902977
Spain,2022-01-07,62986857,62986857,0,44427888,18558969,0,0,44427949,18558908,0,0,44427949,18558908,0,0,0,https://www.mscbs.gob.es/gabinete/notasPrensa.do,0.4486883697902977
Spain,2022-01-08,62986857,62986857,0,44427888,18558969,0,0,44427949,18558908,0,0,44427949,18558908,0,0,0,https://www.mscbs.gob.es/gabinete/notasPrensa.do,0.4486883697902977
Spain,2022-01-09,62986857,62986857,0,44427888,18558969,0,0,44427949,18558908,0,0,44427949,18558908,0,0,0,https://www.mscbs.gob.es/gabinete/notasPrensa.do,0.4486883697902977
Spain,2022-01-10,62986857,62986857,0,44427888,18558969,0,0,44427949,18558908,0,0,44427949,18558908,0,0,0,https://www.mscbs.gob.es/gabinete/notasPrensa.do,0.4486883697902977
Spain,2022-01-11,62986857,62986857,0,44427888,18558969,0,0,44427949,18558908,0,0,44427949,18558908,0,0,0,https://www.mscbs.gob.es/gabinete/notasPrensa.do,0.4486883697902977
Spain,2022-01-12,62986857,62986857,0,44427888,18558969,0,0,44427949,18558908,0,0,44427949,18558908,0,0,0,https://www.mscbs.gob.es/gabinete/notasPrensa.do,0.4486883697902977
Spain,2022-01-13,62986857,62986857,0,44427888,18558969,0,0,44427949,18558908,0,0,44427949,18558908,0,0,0,https://www.mscbs.gob.es/gabinete/notasPrensa.do,0.4486883697902977
Spain,2022-01-14,62986857,62986857,0,44427888,18558969,0,0,44427949,18558908,0,0,44427949,18558908,0,0,0,https://www.mscbs.gob.es/gabinete/notasPrensa.do,0.4486883697902977
Spain,2022-01-15,62986857,62986857,0,44427888,18558969,0,0,44427949,18558908,0,0,44427949,18558908,0,0,0,https://www.mscbs.gob.es/gabinete/notasPrensa.do,0.4486883697902977
Spain,2022-01-16,62986857,62986857,0,44427888,18558969,0,0,44427949,18558908,0,0,44427949,18558908,0,0,0,https://www.mscbs.gob.es/gabinete/notasPrensa.do,0.4486883697902977
Spain,2022-01-17,62986857,62986857,0,44427888,18558969,0,0,44427949,18558908,0,0,44427949,18558908,0,0,0,https://www.mscbs.gob.es/gabinete/notasPrensa.do,0.4486883697902977
Spain,2022-01-18,62986857,62986857,0,44427888,18558969,0,0,44427949,18558908,0,0,44427949,18558908,0,0,0,https://www.mscbs.gob.es/gabinete/notasPrensa.do,0.4486883697902977
Spain,2022-01-19,62986857,62986857,0,44427888,18558969,0,0,44427949,18558908,0,0,44427949,18558908,0,0,0,https://www.mscbs.gob.es/gabinete/notasPrensa.do,0.4486883697902977
Spain,2022-01-20,62986857,62986857,0,44427888,18558969,0,0,44427949,18558908,0,0,44427949,18558908,0,0,0,https://www.mscbs.gob.es/gabinete/notasPrensa.do,0.4486883697902977
Spain,2022-01-21,62986857,62986857,0,44427888,18558969,0,0,44427949,18558908,0,0,44427949,18558908,0,0,0,https://www.mscbs.gob.es/gabinete/notasPrensa.do,0.4486883697902977
Spain,2022-01-22,62986857,62986857,0,44427888,18558969,0,0,44427949,18558908,0,0,44427949,18558908,0,0,0,https://www.mscbs.gob.es/gabinete/notasPrensa.do,0.4486883697902977
Spain,2022-01-23,62986857,62986857,0,44427888,18558969,0,0,44427949,18558908,0,0,44427949,18558908,0,0,0,https://www.mscbs.gob.es/gabinete/notasPrensa.do,0.4486883697902977
Spain,2022-01-24,62986857,62986857,0,44427888,18558969,0,0,44427949,18558908,0,0,44427949,18558908,0,0,0,https://www.mscbs.gob.es/gabinete/notasPrensa.do,0.4486883697902977
Spain,2022-01-25,62986857,62986857,0,44427888,18558969,0,0,44427949,18558908,0,0,44427949,18558908,0,0,0,https://www.mscbs.gob.es/gabinete/notasPrensa.do,0.4486883697902977
Spain,2022-01-26,62986857,62986857,0,44427888,18558969,0,0,44427949,18558908,0,0,44427949,18558908,0,0,0,https://www.mscbs.gob.es/gabinete/notasPrensa.do,0.4486883697902977
Spain,2022-01-27,62986857,62986857,0,44427888,18558969,0,0,44427949,18558908,0,0,44427949,18558908,0,0,0,https://www.mscbs.gob.es/gabinete/notasPrensa.do,0.4486883697902977
Spain,2022-01-28,62986857,62986857,0,44427888,18558969,0,0,44427949,18558908,0,0,44427949,18558908,0,0,0,https://www.mscbs.gob.es/gabinete/notasPrensa.do,0.4486883697902977
Spain,2022-01-29,62986857,62986857,0,44427888,18558969,0,0,44427949,18558908,0,0,44427949,18558908,0,0,0,https://www.mscbs.gob.es/gabinete/notasPrensa.do,0.4486883697902977
Spain,2022-01-30,62986857,62986857,0,44427888,18558969,0,0,44427949,18558908,0,0,44427949,18558908,0,0,0,https://www.mscbs.gob.es/gabinete/notasPrensa.do,0.4486883697902977
Spain,2022-01-31,62986857,62986857,0,44427888,18558969,0,0,44427949,18558908,0,0,44427949,18558908,0,0,0,https://www.mscbs.gob.es/gabinete/notasPrensa.do,0.4486883697902977
Spain,2022-02-01,62986857,62986857,0,44427888,18558969,0,0,44427949,18558908,0,0,44427949,18558908,0,0,0,https://www.mscbs.gob.es/gabinete/notasPrensa.do,0.4486883697902977
Spain,2022-02-02,62986857,62986857,0,44427888,18558969,0,0,44427949,18558908,0,0,44427949,18558908,0,0,0,https://www.mscbs.gob.es/gabinete/notasPrensa.do,0.4486883697902977
Spain,2022-02-03,62986857,62986857,0,44427888,18558969,0,0,44427949,18558908,0,0,44427949,18558908,0,0,0,https://www.mscbs.gob.es/gabinete/notasPrensa.do,0.4486883697902977
Spain,2022-02-04,62986857,62986857,0,44427888,18558969,0,0,44427949,18558908,0,0,44427949,18558908,0,0,0,https://www.mscbs.gob.es/gabinete/notasPrensa.do,0.4486883697902977
Spain,2022-02-05,62986857,62986857,0,44427888,18558969,0,0,44427949,18558908,0,0,44427949,18558908,0,0,0,https://www.mscbs.gob.es/gabinete/notasPrensa.do,0.4486883697902977
Spain,2022-02-06,62986857,62986857,0,44427888,18558969,0,0,44427949,18558908,0,0,44427949,18558908,0,0,0,https://www.mscbs.gob.es/gabinete/notasPrensa.do,0.4486883697902977
Spain,2022-02-07,62986857,62986857,0,44427888,18558969,0,0,44427949,18558908,0,0,44427949,18558908,0,0,0,https://www.mscbs.gob.es/gabinete/notasPrensa.do,0.4486883697902977
Spain,2022-02-08,62986857,62986857,0,44427888,18558969,0,0,44427949,18558908,0,0,44427949,18558908,0,0,0,https://www.mscbs.gob.es/gabinete/notasPrensa.do,0.4486883697902977
Spain,2022-02-09,62986857,62986857,0,44427888,18558969,0,0,44427949,18558908,0,0,44427949,18558908,0,0,0,https://www.mscbs.gob.es/gabinete/notasPrensa.do,0.4486883697902977
Spain,2022-02-10,62986857,62986857,0,44427888,18558969,0,0,44427949,18558908,0,0,44427949,18558908,0,0,0,https://www.mscbs.gob.es/gabinete/notasPrensa.do,0.4486883697902977
Spain,2022-02-11,62986857,62986857,0,44427888,18558969,0,0,44427949,18558908,0,0,44427949,18558908,0,0,0,https://www.mscbs.gob.es/gabinete/notasPrensa.do,0.4486883697902977
Spain,2022-02-12,62986857,62986857,0,44427888,18558969,0,0,44427949,18558908,0,0,44427949,18558908,0,0,0,https://www.mscbs.gob.es/gabinete/notasPrensa.do,0.4486883697902977
Spain,2022-02-13,62986857,62986857,0,44427888,18558969,0,0,44427949,18558908,0,0,44427949,18558908,0,0,0,https://www.mscbs.gob.es/gabinete/notasPrensa.do,0.4486883697902977
Spain,2022-02-14,62986857,62986857,0,44427888,18558969,0,0,44427949,18558908,0,0,44427949,18558908,0,0,0,https://www.mscbs.gob.es/gabinete/notasPrensa.do,0.4486883697902977
Spain,2022-02-15,62986857,62986857,0,44427888,18558969,0,0,44427949,18558908,0,0,44427949,18558908,0,0,0,https://www.mscbs.gob.es/gabinete/notasPrensa.do,0.4486883697902977
Spain,2022-02-16,62986857,62986857,0,44427888,18558969,0,0,44427949,18558908,0,0,44427949,18558908,0,0,0,https://www.mscbs.gob.es/gabinete/notasPrensa.do,0.4486883697902977
Spain,2022-02-17,62986857,62986857,0,44427888,18558969,0,0,44427949,18558908,0,0,44427949,18558908,0,0,0,https://www.mscbs.gob.es/gabinete/notasPrensa.do,0.4486883697902977
Spain,2022-02-18,62986857,62986857,0,44427888,18558969,0,0,44427949,18558908,0,0,44427949,18558908,0,0,0,https://www.mscbs.gob.es/gabinete/notasPrensa.do,0.4486883697902977
Spain,2022-02-19,62986857,62986857,0,44427888,18558969,0,0,44427949,18558908,0,0,44427949,18558908,0,0,0,https://www.mscbs.gob.es/gabinete/notasPrensa.do,0.4486883697902977
Spain,2022-02-20,62986857,62986857,0,44427888,18558969,0,0,44427949,18558908,0,0,44427949,18558908,0,0,0,https://www.mscbs.gob.es/gabinete/notasPrensa.do,0.4486883697902977
Spain,2022-02-21,62986857,62986857,0,44427888,18558969,0,0,44427949,18558908,0,0,44427949,18558908,0,0,0,https://www.mscbs.gob.es/gabinete/notasPrensa.do,0.4486883697902977
Spain,2022-02-22,62986857,62986857,0,44427888,18558969,0,0,44427949,18558908,0,0,44427949,18558908,0,0,0,https://www.mscbs.gob.es/gabinete/notasPrensa.do,0.4486883697902977
Spain,2022-02-23,62986857,62986857,0,44427888,18558969,0,0,44427949,18558908,0,0,44427949,18558908,0,0,0,https://www.mscbs.gob.es/gabinete/notasPrensa.do,0.4486883697902977
Spain,2022-02-24,62986857,62986857,0,44427888,18558969,0,0,44427949,18558908,0,0,44427949,18558908,0,0,0,https://www.mscbs.gob.es/gabinete/notasPrensa.do,0.4486883697902977
Spain,2022-02-25,62986857,62986857,0,44427888,18558969,0,0,44427949,18558908,0,0,44427949,18558908,0,0,0,https://www.mscbs.gob.es/gabinete/notasPrensa.do,0.4486883697902977
Spain,2022-02-26,62986857,62986857,0,44427888,18558969,0,0,44427949,18558908,0,0,44427949,18558908,0,0,0,https://www.mscbs.gob.es/gabinete/notasPrensa.do,0.4486883697902977
Spain,2022-02-27,62986857,62986857,0,44427888,18558969,0,0,44427949,18558908,0,0,44427949,18558908,0,0,0,https://www.mscbs.gob.es/gabinete/notasPrensa.do,0.4486883697902977
Spain,2022-02-28,62986857,62986857,0,44427888,18558969,0,0,44427949,18558908,0,0,44427949,18558908,0,0,0,https://www.mscbs.gob.es/gabinete/notasPrensa.do,0.4486883697902977
Spain,2022-03-01,62986857,62986857,0,44427888,18558969,0,0,44427949,18558908,0,0,44427949,18558908,0,0,0,https://www.mscbs.gob.es/gabinete/notasPrensa.do,0.4486883697902977
Spain,2022-03-02,62986857,62986857,0,44427888,18558969,0,0,44427949,18558908,0,0,44427949,18558908,0,0,0,https://www.mscbs.gob.es/gabinete/notasPrensa.do,0.4486883697902977
Spain,2022-03-03,62986857,62986857,0,44427888,18558969,0,0,44427949,18558908,0,0,44427949,18558908,0,0,0,https://www.mscbs.gob.es/gabinete/notasPrensa.do,0.4486883697902977
Spain,2022-03-04,62986857,62986857,0,44427888,18558969,0,0,44427949,18558908,0,0,44427949,18558908,0,0,0,https://www.mscbs.gob.es/gabinete/notasPrensa.do,0.4486883697902977
Spain,2022-03-05,62986857,62986857,0,44427888,18558969,0,0,44427949,18558908,0,0,44427949,18558908,0,0,0,https://www.mscbs.gob.es/gabinete/notasPrensa.do,0.4486883697902977
Spain,2022-03-06,62986857,62986857,0,44427888,18558969,0,0,44427949,18558908,0,0,44427949,18558908,0,0,0,https://www.mscbs.gob.es/gabinete/notasPrensa.do,0.4486883697902977
Spain,2022-03-07,62986857,62986857,0,44427888,18558969,0,0,44427949,18558908,0,0,44427949,18558908,0,0,0,https://www.mscbs.gob.es/gabinete/notasPrensa.do,0.4486883697902977
Spain,2022-03-08,62986857,62986857,0,44427888,18558969,0,0,44427949,18558908,0,0,44427949,18558908,0,0,0,https://www.mscbs.gob.es/gabinete/notasPrensa.do,0.4486883697902977
Spain,2022-03-09,62986857,62986857,0,44427888,18558969,0,0,44427949,18558908,0,0,44427949,18558908,0,0,0,https://www.mscbs.gob.es/gabinete/notasPrensa.do,0.4486883697902977
Spain,2022-03-10,62986857,62986857,0,44427888,18558969,0,0,44427949,18558908,0,0,44427949,18558908,0,0,0,https://www.mscbs.gob.es/gabinete/notasPrensa.do,0.4486883697902977
Spain,2022-03-11,62986857,62986857,0,44427888,18558969,0,0,44427949,18558908,0,0,44427949,18558908,0,0,0,https://www.mscbs.gob.es/gabinete/notasPrensa.do,0.4486883697902977
Spain,2022-03-12,62986857,62986857,0,44427888,18558969,0,0,44427949,18558908,0,0,44427949,18558908,0,0,0,https://www.mscbs.gob.es/gabinete/notasPrensa.do,0.4486883697902977
Spain,2022-03-13,62986857,62986857,0,44427888,18558969,0,0,44427949,18558908,0,0,44427949,18558908,0,0,0,https://www.mscbs.gob.es/gabinete/notasPrensa.do,0.4486883697902977
Spain,2022-03-14,62986857,62986857,0,44427888,18558969,0,0,44427949,18558908,0,0,44427949,18558908,0,0,0,https://www.mscbs.gob.es/gabinete/notasPrensa.do,0.4486883697902977
Spain,2022-03-15,62986857,62986857,0,44427888,18558969,0,0,44427949,18558908,0,0,44427949,18558908,0,0,0,https://www.mscbs.gob.es/gabinete/notasPrensa.do,0.4486883697902977
Spain,2022-03-16,62986857,62986857,0,44427888,18558969,0,0,44427949,18558908,0,0,44427949,18558908,0,0,0,https://www.mscbs.gob.es/gabinete/notasPrensa.do,0.4486883697902977
Spain,2022-03-17,62986857,62986857,0,44427888,18558969,0,0,44427949,18558908,0,0,44427949,18558908,0,0,0,https://www.mscbs.gob.es/gabinete/notasPrensa.do,0.4486883697902977
Spain,2022-03-18,62986857,62986857,0,44427888,18558969,0,0,44427949,18558908,0,0,44427949,18558908,0,0,0,https://www.mscbs.gob.es/gabinete/notasPrensa.do,0.4486883697902977
Switzerland,2021-03-23,5720475,5720475,31691,4808900,911575,17302,14389,4808900,911575,17302,14389,4808900,911575,NA,NA,NA,https://www.covid19.admin.ch/en/overview?ovTime=total,0.4540405793442933
Switzerland,2021-03-24,5765946,5765946,45471,4840971,924975,32071,13400,4840971,924975,32071,13400,4840971,924975,NA,NA,NA,https://www.covid19.admin.ch/en/overview?ovTime=total,0.29469332101779155
Switzerland,2021-03-25,5808823,5808823,42877,4870430,938393,29459,13418,4870430,938393,29459,13418,4870430,938393,NA,NA,NA,https://www.covid19.admin.ch/en/overview?ovTime=total,0.3129416703594001
Switzerland,2021-03-26,5851917,5851917,43094,4899229,952688,28799,14295,4899229,952688,28799,14295,4899229,952688,NA,NA,NA,https://www.covid19.admin.ch/en/overview?ovTime=total,0.3317167123033369
Switzerland,2021-03-27,5851917,5851917,0,4899229,952688,0,0,4899229,952688,0,0,4899229,952688,NA,NA,NA,https://www.covid19.admin.ch/en/overview?ovTime=total,0.3317167123033369
Switzerland,2021-03-28,5851917,5851917,0,4899229,952688,0,0,4899229,952688,0,0,4899229,952688,NA,NA,NA,https://www.covid19.admin.ch/en/overview?ovTime=total,0.3317167123033369
Switzerland,2021-03-29,5942810,5942810,90893,4958765,984045,59536,31357,4958765,984045,59536,31357,4958765,984045,36289,23881,12408,https://www.covid19.admin.ch/en/overview?ovTime=total,0.344988062887131
Switzerland,2021-03-30,5968525,5968525,25715,4970013,998512,11248,14467,4970013,998512,11248,14467,4970013,998512,35436,23016,12420,https://www.covid19.admin.ch/en/overview?ovTime=total,0.5625899280575539
Switzerland,2021-03-31,6012966,6012966,44441,5001104,1011862,31091,13350,5001104,1011862,31091,13350,5001104,1011862,35289,22876,12412,https://www.covid19.admin.ch/en/overview?ovTime=total,0.3003982808667672
Switzerland,2021-04-01,6069595,6069595,56629,5040722,1028873,39618,17011,5040722,1028873,39618,17011,5040722,1028873,37253,24327,12926,https://www.covid19.admin.ch/en/overview?ovTime=total,0.3003937911670699
Switzerland,2021-04-02,6126488,6126488,56893,5077299,1049189,36577,20316,5077299,1049189,36577,20316,5077299,1049189,39224,25439,13786,https://www.covid19.admin.ch/en/overview?ovTime=total,0.3570913820680927
Switzerland,2021-04-03,6126488,6126488,0,5077299,1049189,0,0,5077299,1049189,0,0,5077299,1049189,39224,25439,13786,https://www.covid19.admin.ch/en/overview?ovTime=total,0.3570913820680927
Switzerland,2021-04-04,6126488,6126488,0,5077299,1049189,0,0,5077299,1049189,0,0,5077299,1049189,39224,25439,13786,https://www.covid19.admin.ch/en/overview?ovTime=total,0.3570913820680927
Switzerland,2021-04-05,6126488,6126488,0,5077299,1049189,0,0,5077299,1049189,0,0,5077299,1049189,26240,16933,9306,https://www.covid19.admin.ch/en/overview?ovTime=total,0.3570913820680927
Switzerland,2021-04-06,6226564,6226564,100076,5139424,1087140,62125,37951,5139424,1087140,62125,37951,5139424,1087140,36863,24202,12661,https://www.covid19.admin.ch/en/overview?ovTime=total,0.37922179143850676
Switzerland,2021-04-07,6260306,6260306,33742,5158523,1101783,19099,14643,5158523,1101783,19099,14643,5158523,1101783,35334,22488,12846,https://www.covid19.admin.ch/en/overview?ovTime=total,0.43396953351905637
Switzerland,2021-04-08,6300365,6300365,40059,5186035,1114330,27512,12547,5186035,1114330,27512,12547,5186035,1114330,32967,20759,12208,https://www.covid19.admin.ch/en/overview?ovTime=total,0.31321301080905667
Switzerland,2021-04-09,6339396,6339396,39031,5212732,1126664,26697,12334,5212732,1126664,26697,12334,5212732,1126664,30415,19348,11068,https://www.covid19.admin.ch/en/overview?ovTime=total,0.3160052266147421
Switzerland,2021-04-10,6339396,6339396,0,5212732,1126664,0,0,5212732,1126664,0,0,5212732,1126664,30415,19348,11068,https://www.covid19.admin.ch/en/overview?ovTime=total,0.3160052266147421
Switzerland,2021-04-11,6339396,6339396,0,5212732,1126664,0,0,5212732,1126664,0,0,5212732,1126664,30415,19348,11068,https://www.covid19.admin.ch/en/overview?ovTime=total,0.3160052266147421
Switzerland,2021-04-12,6412371,6412371,72975,5264697,1147674,51965,21010,5264697,1147674,51965,21010,5264697,1147674,40840,26771,14069,https://www.covid19.admin.ch/en/overview?ovTime=total,0.28790681740322027
Switzerland,2021-04-13,6437818,6437818,25447,5279756,1158062,15059,10388,5279756,1158062,15059,10388,5279756,1158062,30179,20047,10132,https://www.covid19.admin.ch/en/overview?ovTime=total,0.40822100837033837
Switzerland,2021-04-14,6474822,6474822,37004,5307510,1167312,27754,9250,5307510,1167312,27754,9250,5307510,1167312,30645,21284,9361,https://www.covid19.admin.ch/en/overview?ovTime=total,0.24997297589449788
Switzerland,2021-04-15,6505841,6505841,31019,5329794,1176047,22284,8735,5329794,1176047,22284,8735,5329794,1176047,29354,20537,8817,https://www.covid19.admin.ch/en/overview?ovTime=total,0.2816015990199555
Switzerland,2021-04-16,6538153,6538153,32312,5353602,1184551,23808,8504,5353602,1184551,23808,8504,5353602,1184551,28394,20124,8270,https://www.covid19.admin.ch/en/overview?ovTime=total,0.26318395642485765
Switzerland,2021-04-17,6538153,6538153,0,5353602,1184551,0,0,5353602,1184551,0,0,5353602,1184551,28394,20124,8270,https://www.covid19.admin.ch/en/overview?ovTime=total,0.26318395642485765
Switzerland,2021-04-18,6538153,6538153,0,5353602,1184551,0,0,5353602,1184551,0,0,5353602,1184551,28394,20124,8270,https://www.covid19.admin.ch/en/overview?ovTime=total,0.26318395642485765
Switzerland,2021-04-19,6609958,6609958,71805,5406498,1203460,52896,18909,5406498,1203460,52896,18909,5406498,1203460,28227,20257,7969,https://www.covid19.admin.ch/en/overview?ovTime=total,0.26333820764570715
Switzerland,2021-04-20,6633770,6633770,23812,5420952,1212818,14454,9358,5420952,1212818,14454,9358,5420952,1212818,27993,20171,7822,https://www.covid19.admin.ch/en/overview?ovTime=total,0.3929951285066353
Switzerland,2021-04-21,6663629,6663629,29859,5443440,1220189,22488,7371,5443440,1220189,22488,7371,5443440,1220189,26972,19419,7554,https://www.covid19.admin.ch/en/overview?ovTime=total,0.24686024314277102
Switzerland,2021-04-22,6692508,6692508,28879,5464887,1227621,21447,7432,5464887,1227621,21447,7432,5464887,1227621,26667,19299,7368,https://www.covid19.admin.ch/en/overview?ovTime=total,0.2573496312199176
Switzerland,2021-04-23,6723694,6723694,31186,5487857,1235837,22970,8216,5487857,1235837,22970,8216,5487857,1235837,26506,19179,7327,https://www.covid19.admin.ch/en/overview?ovTime=total,0.2634515487718848
Switzerland,2021-04-24,6723694,6723694,0,5487857,1235837,0,0,5487857,1235837,0,0,5487857,1235837,26506,19179,7327,https://www.covid19.admin.ch/en/overview?ovTime=total,0.2634515487718848
Switzerland,2021-04-25,6723694,6723694,0,5487857,1235837,0,0,5487857,1235837,0,0,5487857,1235837,26506,19179,7327,https://www.covid19.admin.ch/en/overview?ovTime=total,0.2634515487718848
Switzerland,2021-04-26,6794311,6794311,70617,5540717,1253594,52860,17757,5540717,1253594,52860,17757,5540717,1253594,26336,19174,7162,https://www.covid19.admin.ch/en/overview?ovTime=total,0.25145503207442965
Switzerland,2021-04-27,6818583,6818583,24272,5555757,1262826,15040,9232,5555757,1262826,15040,9232,5555757,1262826,26402,19258,7144,https://www.covid19.admin.ch/en/overview?ovTime=total,0.3803559657218194
Switzerland,2021-04-28,6848517,6848517,29934,5578032,1270485,22275,7659,5578032,1270485,22275,7659,5578032,1270485,26413,19227,7185,https://www.covid19.admin.ch/en/overview?ovTime=total,0.2558628983764281
Switzerland,2021-04-29,6878392,6878392,29875,5600472,1277920,22440,7435,5600472,1277920,22440,7435,5600472,1277920,26555,19369,7186,https://www.covid19.admin.ch/en/overview?ovTime=total,0.24887029288702928
Switzerland,2021-04-30,6911371,6911371,32979,5625232,1286139,24760,8219,5625232,1286139,24760,8219,5625232,1286139,26811,19625,7186,https://www.covid19.admin.ch/en/overview?ovTime=total,0.24921920009703144
Switzerland,2021-05-01,6911371,6911371,0,5625232,1286139,0,0,5625232,1286139,0,0,5625232,1286139,26811,19625,7186,https://www.covid19.admin.ch/en/overview?ovTime=total,0.24921920009703144
Switzerland,2021-05-02,6911371,6911371,0,5625232,1286139,0,0,5625232,1286139,0,0,5625232,1286139,26811,19625,7186,https://www.covid19.admin.ch/en/overview?ovTime=total,0.24921920009703144
Switzerland,2021-05-03,6978583,6978583,67212,5674650,1303933,49418,17794,5674650,1303933,49418,17794,5674650,1303933,26325,19133,7191,https://www.covid19.admin.ch/en/overview?ovTime=total,0.2647443908825805
Switzerland,2021-05-04,7001299,7001299,22716,5688687,1312612,14037,8679,5688687,1312612,14037,8679,5688687,1312612,26102,18990,7112,https://www.covid19.admin.ch/en/overview?ovTime=total,0.38206550449022714
Switzerland,2021-05-05,7029684,7029684,28385,5710443,1319241,21756,6629,5710443,1319241,21756,6629,5710443,1319241,25881,18916,6965,https://www.covid19.admin.ch/en/overview?ovTime=total,0.23353884093711466
Switzerland,2021-05-06,7057364,7057364,27680,5731298,1326066,20855,6825,5731298,1326066,20855,6825,5731298,1326066,25567,18689,6878,https://www.covid19.admin.ch/en/overview?ovTime=total,0.2465679190751445
Switzerland,2021-05-07,7088449,7088449,31085,5754515,1333934,23217,7868,5754515,1333934,23217,7868,5754515,1333934,25297,18469,6828,https://www.covid19.admin.ch/en/overview?ovTime=total,0.25311243364967023
Switzerland,2021-05-08,7088449,7088449,0,5754515,1333934,0,0,5754515,1333934,0,0,5754515,1333934,25297,18469,6828,https://www.covid19.admin.ch/en/overview?ovTime=total,0.25311243364967023
Switzerland,2021-05-09,7088449,7088449,0,5754515,1333934,0,0,5754515,1333934,0,0,5754515,1333934,25297,18469,6828,https://www.covid19.admin.ch/en/overview?ovTime=total,0.25311243364967023
Switzerland,2021-05-10,7154659,7154659,66210,5803532,1351127,49017,17193,5803532,1351127,49017,17193,5803532,1351127,25154,18412,6742,https://www.covid19.admin.ch/en/overview?ovTime=total,0.25967376529225195
Switzerland,2021-05-11,7179360,7179360,24701,5820019,1359341,16487,8214,5820019,1359341,16487,8214,5820019,1359341,25437,18762,6676,https://www.covid19.admin.ch/en/overview?ovTime=total,0.3325371442451723
Switzerland,2021-05-12,7216520,7216520,37160,5848311,1368209,28292,8868,5848311,1368209,28292,8868,5848311,1368209,26691,19695,6995,https://www.covid19.admin.ch/en/overview?ovTime=total,0.23864370290635092
Switzerland,2021-05-13,7216520,7216520,0,5848311,1368209,0,0,5848311,1368209,0,0,5848311,1368209,22737,16716,6020,https://www.covid19.admin.ch/en/overview?ovTime=total,0.23864370290635092
Switzerland,2021-05-14,7273942,7273942,57422,5891014,1382928,42703,14719,5891014,1382928,42703,14719,5891014,1382928,26499,19500,6999,https://www.covid19.admin.ch/en/overview?ovTime=total,0.25633032635575215
Switzerland,2021-05-15,7273942,7273942,0,5891014,1382928,0,0,5891014,1382928,0,0,5891014,1382928,26499,19500,6999,https://www.covid19.admin.ch/en/overview?ovTime=total,0.25633032635575215
Switzerland,2021-05-16,7273942,7273942,0,5891014,1382928,0,0,5891014,1382928,0,0,5891014,1382928,26499,19500,6999,https://www.covid19.admin.ch/en/overview?ovTime=total,0.25633032635575215
Switzerland,2021-05-17,7338506,7338506,64564,5936767,1401739,45753,18811,5936767,1401739,45753,18811,5936767,1401739,26264,19034,7230,https://www.covid19.admin.ch/en/overview?ovTime=total,0.29135431509819715
Switzerland,2021-05-18,7360542,7360542,22036,5950290,1410252,13523,8513,5950290,1410252,13523,8513,5950290,1410252,25883,18610,7273,https://www.covid19.admin.ch/en/overview?ovTime=total,0.38632238155745147
Switzerland,2021-05-19,7390415,7390415,29873,5972923,1417492,22633,7240,5972923,1417492,22633,7240,5972923,1417492,24842,17802,7040,https://www.covid19.admin.ch/en/overview?ovTime=total,0.24235932112610048
Switzerland,2021-05-20,7421613,7421613,31198,5995772,1425841,22849,8349,5995772,1425841,22849,8349,5995772,1425841,29299,21066,8233,https://www.covid19.admin.ch/en/overview?ovTime=total,0.2676133085454196
Switzerland,2021-05-21,7460843,7460843,39230,6022549,1438294,26777,12453,6022549,1438294,26777,12453,6022549,1438294,26700,18791,7909,https://www.covid19.admin.ch/en/overview?ovTime=total,0.3174356359928626
Switzerland,2021-05-22,7460843,7460843,0,6022549,1438294,0,0,6022549,1438294,0,0,6022549,1438294,26700,18791,7909,https://www.covid19.admin.ch/en/overview?ovTime=total,0.3174356359928626
Switzerland,2021-05-23,7460843,7460843,0,6022549,1438294,0,0,6022549,1438294,0,0,6022549,1438294,26700,18791,7909,https://www.covid19.admin.ch/en/overview?ovTime=total,0.3174356359928626
Switzerland,2021-05-24,7460843,7460843,0,6022549,1438294,0,0,6022549,1438294,0,0,6022549,1438294,17477,12255,5222,https://www.covid19.admin.ch/en/overview?ovTime=total,0.3174356359928626
Switzerland,2021-05-25,7549270,7549270,88427,6080470,1468800,57921,30506,6080470,1468800,57921,30506,6080470,1468800,26961,18597,8364,https://www.covid19.admin.ch/en/overview?ovTime=total,0.34498512897644384
Switzerland,2021-05-26,7571745,7571745,22475,6095013,1476732,14543,7932,6095013,1476732,14543,7932,6095013,1476732,25904,17441,8463,https://www.covid19.admin.ch/en/overview?ovTime=total,0.3529254727474972
Switzerland,2021-05-27,7600865,7600865,29120,6117070,1483795,22057,7063,6117070,1483795,22057,7063,6117070,1483795,25607,17328,8279,https://www.covid19.admin.ch/en/overview?ovTime=total,0.24254807692307692
Switzerland,2021-05-28,7630534,7630534,29669,6138289,1492245,21219,8450,6138289,1492245,21219,8450,6138289,1492245,24242,16534,7707,https://www.covid19.admin.ch/en/overview?ovTime=total,0.28480905996157607
Switzerland,2021-05-29,7630534,7630534,0,6138289,1492245,0,0,6138289,1492245,0,0,6138289,1492245,24242,16534,7707,https://www.covid19.admin.ch/en/overview?ovTime=total,0.28480905996157607
Switzerland,2021-05-30,7630534,7630534,0,6138289,1492245,0,0,6138289,1492245,0,0,6138289,1492245,24242,16534,7707,https://www.covid19.admin.ch/en/overview?ovTime=total,0.28480905996157607
Switzerland,2021-05-31,7692747,7692747,62213,6182011,1510736,43722,18491,6182011,1510736,43722,18491,6182011,1510736,33129,22780,10349,https://www.covid19.admin.ch/en/overview?ovTime=total,0.2972208380885024
Switzerland,2021-06-01,7713814,7713814,21067,6195414,1518400,13403,7664,6195414,1518400,13403,7664,6195414,1518400,23506,16421,7086,https://www.covid19.admin.ch/en/overview?ovTime=total,0.36379171215645323
Switzerland,2021-06-02,7741923,7741923,28109,6215287,1526636,19873,8236,6215287,1526636,19873,8236,6215287,1526636,24311,17182,7129,https://www.covid19.admin.ch/en/overview?ovTime=total,0.2930022412750365
Switzerland,2021-06-03,7773369,7773369,31446,6236224,1537145,20937,10509,6236224,1537145,20937,10509,6236224,1537145,24643,17022,7621,https://www.covid19.admin.ch/en/overview?ovTime=total,0.3341919481015073
Switzerland,2021-06-04,7799402,7799402,26033,6255357,1544045,19133,6900,6255357,1544045,19133,6900,6255357,1544045,24124,16724,7400,https://www.covid19.admin.ch/en/overview?ovTime=total,0.26504820804363693
Switzerland,2021-06-05,7799402,7799402,0,6255357,1544045,0,0,6255357,1544045,0,0,6255357,1544045,24124,16724,7400,https://www.covid19.admin.ch/en/overview?ovTime=total,0.26504820804363693
Switzerland,2021-06-06,7799402,7799402,0,6255357,1544045,0,0,6255357,1544045,0,0,6255357,1544045,24124,16724,7400,https://www.covid19.admin.ch/en/overview?ovTime=total,0.26504820804363693
Switzerland,2021-06-07,7857449,7857449,58047,6294516,1562933,39159,18888,6294516,1562933,39159,18888,6294516,1562933,23529,16072,7457,https://www.covid19.admin.ch/en/overview?ovTime=total,0.32539149310041865
Switzerland,2021-06-08,7875323,7875323,17874,6305261,1570062,10745,7129,6305261,1570062,10745,7129,6305261,1570062,23073,15692,7380,https://www.covid19.admin.ch/en/overview?ovTime=total,0.39884748797135505
Switzerland,2021-06-09,7897523,7897523,22200,6321621,1575902,16360,5840,6321621,1575902,16360,5840,6321621,1575902,22229,15191,7038,https://www.covid19.admin.ch/en/overview?ovTime=total,0.26306306306306304
Switzerland,2021-06-10,7919475,7919475,21952,6336863,1582612,15242,6710,6336863,1582612,15242,6710,6336863,1582612,20872,14377,6495,https://www.covid19.admin.ch/en/overview?ovTime=total,0.30566690962099125
Switzerland,2021-06-11,7945174,7945174,25699,6353571,1591603,16708,8991,6353571,1591603,16708,8991,6353571,1591603,20825,14031,6794,https://www.covid19.admin.ch/en/overview?ovTime=total,0.34985797112728123
Switzerland,2021-06-12,7945174,7945174,0,6353571,1591603,0,0,6353571,1591603,0,0,6353571,1591603,20825,14031,6794,https://www.covid19.admin.ch/en/overview?ovTime=total,0.34985797112728123
Switzerland,2021-06-13,7945174,7945174,0,6353571,1591603,0,0,6353571,1591603,0,0,6353571,1591603,20825,14031,6794,https://www.covid19.admin.ch/en/overview?ovTime=total,0.34985797112728123
Switzerland,2021-06-14,7999355,7999355,54181,6386579,1612776,33008,21173,6386579,1612776,33008,21173,6386579,1612776,20272,13152,7120,https://www.covid19.admin.ch/en/overview?ovTime=total,0.39078274671932967
Switzerland,2021-06-15,8017244,8017244,17889,6396700,1620544,10121,7768,6396700,1620544,10121,7768,6396700,1620544,20274,13063,7212,https://www.covid19.admin.ch/en/overview?ovTime=total,0.4342333277433059
Switzerland,2021-06-16,8037136,8037136,19892,6409590,1627546,12890,7002,6409590,1627546,12890,7002,6409590,1627546,19945,12567,7378,https://www.covid19.admin.ch/en/overview?ovTime=total,0.35200080434345465
Switzerland,2021-06-17,8058247,8058247,21111,6423228,1635019,13638,7473,6423228,1635019,13638,7473,6423228,1635019,19825,12338,7487,https://www.covid19.admin.ch/en/overview?ovTime=total,0.3539860736109137
Switzerland,2021-06-18,8084820,8084820,26573,6439056,1645764,15828,10745,6439056,1645764,15828,10745,6439056,1645764,19949,12212,7737,https://www.covid19.admin.ch/en/overview?ovTime=total,0.40435780679637223
Switzerland,2021-06-19,8084820,8084820,0,6439056,1645764,0,0,6439056,1645764,0,0,6439056,1645764,19949,12212,7737,https://www.covid19.admin.ch/en/overview?ovTime=total,0.40435780679637223
Switzerland,2021-06-20,8084820,8084820,0,6439056,1645764,0,0,6439056,1645764,0,0,6439056,1645764,19949,12212,7737,https://www.covid19.admin.ch/en/overview?ovTime=total,0.40435780679637223
Switzerland,2021-06-21,8140729,8140729,55909,6468935,1671794,29879,26030,6468935,1671794,29879,26030,6468935,1671794,20196,11765,8431,https://www.covid19.admin.ch/en/overview?ovTime=total,0.4655779928097444
Switzerland,2021-06-22,8157861,8157861,17132,6477420,1680441,8485,8647,6477420,1680441,8485,8647,6477420,1680441,20088,11531,8557,https://www.covid19.admin.ch/en/overview?ovTime=total,0.5047279943964511
Switzerland,2021-06-23,8176521,8176521,18660,6488832,1687689,11412,7248,6488832,1687689,11412,7248,6488832,1687689,19912,11320,8592,https://www.covid19.admin.ch/en/overview?ovTime=total,0.38842443729903536
Switzerland,2021-06-24,8196899,8196899,20378,6501185,1695714,12353,8025,6501185,1695714,12353,8025,6501185,1695714,19807,11137,8671,https://www.covid19.admin.ch/en/overview?ovTime=total,0.39380704681519285
Switzerland,2021-06-25,8221551,8221551,24652,6514700,1706851,13515,11137,6514700,1706851,13515,11137,6514700,1706851,19533,10806,8727,https://www.covid19.admin.ch/en/overview?ovTime=total,0.45176861917897126
Switzerland,2021-06-26,8221551,8221551,0,6514700,1706851,0,0,6514700,1706851,0,0,6514700,1706851,19533,10806,8727,https://www.covid19.admin.ch/en/overview?ovTime=total,0.45176861917897126
Switzerland,2021-06-27,8221551,8221551,0,6514700,1706851,0,0,6514700,1706851,0,0,6514700,1706851,19533,10806,8727,https://www.covid19.admin.ch/en/overview?ovTime=total,0.45176861917897126
Switzerland,2021-06-28,8273152,8273152,51601,6540466,1732686,25766,25835,6540466,1732686,25766,25835,6540466,1732686,18918,10219,8699,https://www.covid19.admin.ch/en/overview?ovTime=total,0.5006685916939594
Switzerland,2021-06-29,8289363,8289363,16211,6548042,1741321,7576,8635,6548042,1741321,7576,8635,6548042,1741321,18786,10089,8697,https://www.covid19.admin.ch/en/overview?ovTime=total,0.5326630066004565
Switzerland,2021-06-30,8306968,8306968,17605,6559180,1747788,11138,6467,6559180,1747788,11138,6467,6559180,1747788,18635,10050,8586,https://www.covid19.admin.ch/en/overview?ovTime=total,0.3673388241976711
Switzerland,2021-07-01,8329750,8329750,22782,6571764,1757986,12584,10198,6571764,1757986,12584,10198,6571764,1757986,18979,10083,8896,https://www.covid19.admin.ch/en/overview?ovTime=total,0.44763409709419716
Switzerland,2021-07-02,8359875,8359875,30125,6586554,1773321,14790,15335,6586554,1773321,14790,15335,6586554,1773321,19761,10265,9496,https://www.covid19.admin.ch/en/overview?ovTime=total,0.509045643153527
Switzerland,2021-07-03,8359875,8359875,0,6586554,1773321,0,0,6586554,1773321,0,0,6586554,1773321,19761,10265,9496,https://www.covid19.admin.ch/en/overview?ovTime=total,0.509045643153527
Switzerland,2021-07-04,8359875,8359875,0,6586554,1773321,0,0,6586554,1773321,0,0,6586554,1773321,19761,10265,9496,https://www.covid19.admin.ch/en/overview?ovTime=total,0.509045643153527
Switzerland,2021-07-05,8437613,8437613,77738,6618543,1819070,31989,45749,6618543,1819070,31989,45749,6618543,1819070,23494,11154,12341,https://www.covid19.admin.ch/en/overview?ovTime=total,0.5885024055159639
Switzerland,2021-07-06,8459588,8459588,21975,6628833,1830755,10290,11685,6628833,1830755,10290,11685,6628833,1830755,24318,11542,12776,https://www.covid19.admin.ch/en/overview?ovTime=total,0.531740614334471
Switzerland,2021-07-07,8482848,8482848,23260,6640263,1842585,11430,11830,6640263,1842585,11430,11830,6640263,1842585,25126,11583,13542,https://www.covid19.admin.ch/en/overview?ovTime=total,0.5085984522785899
Switzerland,2021-07-08,8506560,8506560,23712,6652049,1854511,11786,11926,6652049,1854511,11786,11926,6652049,1854511,25259,11469,13789,https://www.covid19.admin.ch/en/overview?ovTime=total,0.5029520917678812
Switzerland,2021-07-09,8540340,8540340,33780,6667474,1872866,15425,18355,6667474,1872866,15425,18355,6667474,1872866,25781,11560,14221,https://www.covid19.admin.ch/en/overview?ovTime=total,0.5433688573120189
Switzerland,2021-07-10,8540340,8540340,0,6667474,1872866,0,0,6667474,1872866,0,0,6667474,1872866,25781,11560,14221,https://www.covid19.admin.ch/en/overview?ovTime=total,0.5433688573120189
Switzerland,2021-07-11,8540340,8540340,0,6667474,1872866,0,0,6667474,1872866,0,0,6667474,1872866,25781,11560,14221,https://www.covid19.admin.ch/en/overview?ovTime=total,0.5433688573120189
Switzerland,2021-07-12,8627251,8627251,86911,6699223,1928028,31749,55162,6699223,1928028,31749,55162,6699223,1928028,27091,11526,15565,https://www.covid19.admin.ch/en/overview?ovTime=total,0.6346952629701649
Switzerland,2021-07-13,8649527,8649527,22276,6708106,1941421,8883,13393,6708106,1941421,8883,13393,6708106,1941421,27134,11325,15809,https://www.covid19.admin.ch/en/overview?ovTime=total,0.6012300233435087
Switzerland,2021-07-14,8671394,8671394,21867,6719483,1951911,11377,10490,6719483,1951911,11377,10490,6719483,1951911,26935,11317,15618,https://www.covid19.admin.ch/en/overview?ovTime=total,0.4797182969771802
Switzerland,2021-07-15,8698651,8698651,27257,6732723,1965928,13240,14017,6732723,1965928,13240,14017,6732723,1965928,27442,11525,15917,https://www.covid19.admin.ch/en/overview?ovTime=total,0.5142532193564956
Switzerland,2021-07-16,8698651,8698651,0,6732723,1965928,0,0,6732723,1965928,0,0,6732723,1965928,22616,9321,13295,https://www.covid19.admin.ch/en/overview?ovTime=total,0.5142532193564956
Switzerland,2021-07-17,8698651,8698651,0,6732723,1965928,0,0,6732723,1965928,0,0,6732723,1965928,22616,9321,13295,https://www.covid19.admin.ch/en/overview?ovTime=total,0.5142532193564956
Switzerland,2021-07-18,8698651,8698651,0,6732723,1965928,0,0,6732723,1965928,0,0,6732723,1965928,22616,9321,13295,https://www.covid19.admin.ch/en/overview?ovTime=total,0.5142532193564956
Switzerland,2021-07-19,8815269,8815269,116618,6782469,2032800,49746,66872,6782469,2032800,49746,66872,6782469,2032800,26860,11892,14967,https://www.covid19.admin.ch/en/overview?ovTime=total,0.5734277727280522
Switzerland,2021-07-20,8834114,8834114,18845,6791295,2042819,8826,10019,6791295,2042819,8826,10019,6791295,2042819,26370,11884,14485,https://www.covid19.admin.ch/en/overview?ovTime=total,0.5316529583443884
Switzerland,2021-07-21,8853812,8853812,19698,6803193,2050619,11898,7800,6803193,2050619,11898,7800,6803193,2050619,26060,11959,14101,https://www.covid19.admin.ch/en/overview?ovTime=total,0.395979287237283
Switzerland,2021-07-22,8853812,8853812,0,6803193,2050619,0,0,6803193,2050619,0,0,6803193,2050619,22166,10067,12099,https://www.covid19.admin.ch/en/overview?ovTime=total,0.395979287237283
Switzerland,2021-07-23,8853812,8853812,0,6803193,2050619,0,0,6803193,2050619,0,0,6803193,2050619,22166,10067,12099,https://www.covid19.admin.ch/en/overview?ovTime=total,0.395979287237283
Switzerland,2021-07-24,8853812,8853812,0,6803193,2050619,0,0,6803193,2050619,0,0,6803193,2050619,22166,10067,12099,https://www.covid19.admin.ch/en/overview?ovTime=total,0.395979287237283
Switzerland,2021-07-25,8853812,8853812,0,6803193,2050619,0,0,6803193,2050619,0,0,6803193,2050619,22166,10067,12099,https://www.covid19.admin.ch/en/overview?ovTime=total,0.395979287237283
Switzerland,2021-07-26,8974547,8974547,120735,6860137,2114410,56944,63791,6860137,2114410,56944,63791,6860137,2114410,22754,11095,11659,https://www.covid19.admin.ch/en/overview?ovTime=total,0.5283554892947364
Switzerland,2021-07-27,8974547,8974547,0,6860137,2114410,0,0,6860137,2114410,0,0,6860137,2114410,20062,9835,10227,https://www.covid19.admin.ch/en/overview?ovTime=total,0.5283554892947364
Switzerland,2021-07-28,8974547,8974547,0,6880420,2131782,20283,17372,6860137,2114410,0,0,6860137,2114410,17248,8135,9113,https://www.covid19.admin.ch/en/overview?ovTime=total,0.4613464347364228
Switzerland,2021-07-29,8974547,8974547,0,6880420,2131782,0,0,6860137,2114410,0,0,6860137,2114410,17248,8135,9113,https://www.covid19.admin.ch/en/overview?ovTime=total,0.4613464347364228
Switzerland,2021-07-30,8974547,8974547,0,6880420,2131782,0,0,6860137,2114410,0,0,6860137,2114410,17248,8135,9113,https://www.covid19.admin.ch/en/overview?ovTime=total,0.4613464347364228
Switzerland,2021-07-31,8974547,8974547,0,6880420,2131782,0,0,6860137,2114410,0,0,6860137,2114410,17248,8135,9113,https://www.covid19.admin.ch/en/overview?ovTime=total,0.4613464347364228
Switzerland,2021-08-01,9053135,9053135,78588,6903729,2149406,23309,17624,6904888,2148247,44751,33837,6904888,2148247,28475,14528,13947,https://www.covid19.admin.ch/en/overview?ovTime=total,0.43055725209488677
Switzerland,2021-08-02,9116277,9116277,63142,6930454,2185823,26725,36417,6931613,2184664,26725,36417,6931613,2184664,20247,10211,10036,https://www.covid19.admin.ch/en/overview?ovTime=total,0.5767476481581197
Switzerland,2021-08-03,9133234,9133234,16957,6939172,2194062,8718,8239,6940331,2192903,8718,8239,6940331,2192903,22670,11456,11213,https://www.covid19.admin.ch/en/overview?ovTime=total,0.4858760393937607
Switzerland,2021-08-04,9154658,9154658,21424,6951296,2203362,12124,9300,6952455,2202203,12124,9300,6952455,2202203,25730,13188,12542,https://www.covid19.admin.ch/en/overview?ovTime=total,0.43409260642270353
Switzerland,2021-08-05,9154658,9154658,0,6951296,2203362,0,0,6952455,2202203,0,0,6952455,2202203,25730,13188,12542,https://www.covid19.admin.ch/en/overview?ovTime=total,0.43409260642270353
Switzerland,2021-08-06,9154658,9154658,0,6951296,2203362,0,0,6952455,2202203,0,0,6952455,2202203,25730,13188,12542,https://www.covid19.admin.ch/en/overview?ovTime=total,0.43409260642270353
Switzerland,2021-08-07,9154658,9154658,0,6951296,2203362,0,0,6952455,2202203,0,0,6952455,2202203,25730,13188,12542,https://www.covid19.admin.ch/en/overview?ovTime=total,0.43409260642270353
Switzerland,2021-08-08,9154658,9154658,0,6951296,2203362,0,0,6952455,2202203,0,0,6952455,2202203,14503,6795,7708,https://www.covid19.admin.ch/en/overview?ovTime=total,0.43409260642270353
Switzerland,2021-08-09,9250039,9250039,95381,6999177,2250862,47881,47500,7000336,2249703,47881,47500,7000336,2249703,19109,9818,9291,https://www.covid19.admin.ch/en/overview?ovTime=total,0.4980027468783091
Switzerland,2021-08-10,9250039,9250039,0,6999177,2250862,0,0,7000336,2249703,0,0,7000336,2249703,16686,8572,8114,https://www.covid19.admin.ch/en/overview?ovTime=total,0.4980027468783091
Switzerland,2021-08-11,9250039,9250039,0,6999177,2250862,0,0,7000336,2249703,0,0,7000336,2249703,13626,6840,6786,https://www.covid19.admin.ch/en/overview?ovTime=total,0.4980027468783091
Switzerland,2021-08-12,9250039,9250039,0,6999177,2250862,0,0,7000336,2249703,0,0,7000336,2249703,13626,6840,6786,https://www.covid19.admin.ch/en/overview?ovTime=total,0.4980027468783091
Switzerland,2021-08-13,9250039,9250039,0,6999177,2250862,0,0,7000336,2249703,0,0,7000336,2249703,13626,6840,6786,https://www.covid19.admin.ch/en/overview?ovTime=total,0.4980027468783091
Switzerland,2021-08-14,9250039,9250039,0,6999177,2250862,0,0,7000336,2249703,0,0,7000336,2249703,13626,6840,6786,https://www.covid19.admin.ch/en/overview?ovTime=total,0.4980027468783091
Switzerland,2021-08-15,9250039,9250039,0,6999177,2250862,0,0,7000336,2249703,0,0,7000336,2249703,13626,6840,6786,https://www.covid19.admin.ch/en/overview?ovTime=total,0.4980027468783091
Switzerland,2021-08-16,9389616,9389616,139577,7074877,2314739,75700,63877,7076036,2313580,75700,63877,7076036,2313580,19940,10814,9125,https://www.covid19.admin.ch/en/overview?ovTime=total,0.45764703353704406
Switzerland,2021-08-17,9389616,9389616,0,7074877,2314739,0,0,7076036,2313580,0,0,7076036,2313580,19940,10814,9125,https://www.covid19.admin.ch/en/overview?ovTime=total,0.45764703353704406
Switzerland,2021-08-18,9389616,9389616,0,7074877,2314739,0,0,7076036,2313580,0,0,7076036,2313580,19940,10814,9125,https://www.covid19.admin.ch/en/overview?ovTime=total,0.45764703353704406
Switzerland,2021-08-19,9389616,9389616,0,7074877,2314739,0,0,7076036,2313580,0,0,7076036,2313580,19940,10814,9125,https://www.covid19.admin.ch/en/overview?ovTime=total,0.45764703353704406
Switzerland,2021-08-20,9481152,9481152,91536,7134387,2346765,59510,32026,7135546,2345606,59510,32026,7135546,2345606,33016,19316,13700,https://www.covid19.admin.ch/en/overview?ovTime=total,0.3498732739031638
Switzerland,2021-08-21,9481152,9481152,0,7134387,2346765,0,0,7135546,2345606,0,0,7135546,2345606,33016,19316,13700,https://www.covid19.admin.ch/en/overview?ovTime=total,0.3498732739031638
Switzerland,2021-08-22,9481152,9481152,0,7134387,2346765,0,0,7135546,2345606,0,0,7135546,2345606,33016,19316,13700,https://www.covid19.admin.ch/en/overview?ovTime=total,0.3498732739031638
Switzerland,2021-08-23,9550767,9550767,69615,7170813,2379954,36426,33189,7171972,2378795,36426,33189,7171972,2378795,23022,13705,9316,https://www.covid19.admin.ch/en/overview?ovTime=total,0.47675070028011207
Switzerland,2021-08-24,9573683,9573683,22916,7183636,2390047,12823,10093,7184795,2388888,12823,10093,7184795,2388888,26295,15537,10758,https://www.covid19.admin.ch/en/overview?ovTime=total,0.440434630825624
Switzerland,2021-08-25,9600327,9600327,26644,7202817,2397510,19181,7463,7203976,2396351,19181,7463,7203976,2396351,30102,18277,11824,https://www.covid19.admin.ch/en/overview?ovTime=total,0.280100585497673
Switzerland,2021-08-26,9627169,9627169,26842,7221517,2405652,18700,8142,7222676,2404493,18700,8142,7222676,2404493,33936,20949,12988,https://www.covid19.admin.ch/en/overview?ovTime=total,0.30333060129647565
Switzerland,2021-08-27,9658850,9658850,31681,7242779,2416071,21262,10419,7243938,2414912,21262,10419,7243938,2414912,25385,15485,9901,https://www.covid19.admin.ch/en/overview?ovTime=total,0.3288721946908241
Switzerland,2021-08-28,9658850,9658850,0,7242779,2416071,0,0,7243938,2414912,0,0,7243938,2414912,25385,15485,9901,https://www.covid19.admin.ch/en/overview?ovTime=total,0.3288721946908241
Switzerland,2021-08-29,9658850,9658850,0,7242779,2416071,0,0,7243938,2414912,0,0,7243938,2414912,25385,15485,9901,https://www.covid19.admin.ch/en/overview?ovTime=total,0.3288721946908241
Switzerland,2021-08-30,9741146,9741146,82296,7287117,2454029,44338,37958,7288276,2452870,44338,37958,7288276,2452870,27197,16615,10582,https://www.covid19.admin.ch/en/overview?ovTime=total,0.46123748420336347
Switzerland,2021-08-31,9741146,9741146,0,7287117,2454029,0,0,7288276,2452870,0,0,7288276,2452870,23923,14783,9140,https://www.covid19.admin.ch/en/overview?ovTime=total,0.46123748420336347
Switzerland,2021-09-01,9799734,9799734,58588,7325814,2473920,38697,19891,7326973,2472761,38697,19891,7326973,2472761,28487,17571,10916,https://www.covid19.admin.ch/en/overview?ovTime=total,0.3395063835597733
Switzerland,2021-09-02,9830067,9830067,30333,7347142,2482925,21328,9005,7348301,2481766,21328,9005,7348301,2481766,28985,17946,11039,https://www.covid19.admin.ch/en/overview?ovTime=total,0.29687139419114494
Switzerland,2021-09-03,9865479,9865479,35412,7371053,2494426,23911,11501,7372212,2493267,23911,11501,7372212,2493267,29518,18325,11194,https://www.covid19.admin.ch/en/overview?ovTime=total,0.32477691178131707
Switzerland,2021-09-04,9865479,9865479,0,7371053,2494426,0,0,7372212,2493267,0,0,7372212,2493267,29518,18325,11194,https://www.covid19.admin.ch/en/overview?ovTime=total,0.32477691178131707
Switzerland,2021-09-05,9865479,9865479,0,7371053,2494426,0,0,7372212,2493267,0,0,7372212,2493267,29518,18325,11194,https://www.covid19.admin.ch/en/overview?ovTime=total,0.32477691178131707
Switzerland,2021-09-06,9965331,9965331,99852,7422355,2542976,51302,48550,7423514,2541817,51302,48550,7423514,2541817,32026,19320,12707,https://www.covid19.admin.ch/en/overview?ovTime=total,0.48621960501542283
Switzerland,2021-09-07,9994716,9994716,29385,7439144,2555572,16789,12596,7440303,2554413,16789,12596,7440303,2554413,36224,21718,14506,https://www.covid19.admin.ch/en/overview?ovTime=total,0.4286540752084397
Switzerland,2021-09-08,9994716,9994716,0,7439144,2555572,0,0,7440303,2554413,0,0,7440303,2554413,27855,16190,11665,https://www.covid19.admin.ch/en/overview?ovTime=total,0.4286540752084397
Switzerland,2021-09-09,9994716,9994716,0,7439144,2555572,0,0,7440303,2554413,0,0,7440303,2554413,23521,13143,10378,https://www.covid19.admin.ch/en/overview?ovTime=total,0.4286540752084397
Switzerland,2021-09-10,10029506,10029506,34790,7464590,2564916,25446,9344,7465749,2563757,25446,9344,7465749,2563757,23432,13362,10070,https://www.covid19.admin.ch/en/overview?ovTime=total,0.2685829261281978
Switzerland,2021-09-11,10103448,10103448,73942,7515707,2587741,51117,22825,7516866,2586582,51117,22825,7516866,2586582,33996,20665,13331,https://www.covid19.admin.ch/en/overview?ovTime=total,0.30868789050877715
Switzerland,2021-09-12,10103448,10103448,0,7515707,2587741,0,0,7516866,2586582,0,0,7516866,2586582,33996,20665,13331,https://www.covid19.admin.ch/en/overview?ovTime=total,0.30868789050877715
Switzerland,2021-09-13,10200523,10200523,97075,7439144,2555572,-76563,-32169,7585221,2615302,68355,28720,7585221,2615302,33599,23101,10498,https://www.covid19.admin.ch/en/overview?ovTime=total,0.295855865798477
Switzerland,2021-09-14,10234565,10234565,34042,7585215,2649350,146071,93778,7605953,2628612,20732,13310,7605953,2628612,34264,23664,10600,https://www.covid19.admin.ch/en/overview?ovTime=total,0.3909876630713491
Switzerland,2021-09-15,10275943,10275943,41378,7610950,2664993,25735,15643,7631688,2644255,25735,15643,7631688,2644255,40175,27341,12835,https://www.covid19.admin.ch/en/overview?ovTime=total,0.37805113828604575
Switzerland,2021-09-16,10315436,10315436,39493,7635127,2680309,24177,15316,7655865,2659571,24177,15316,7655865,2659571,45817,30795,15023,https://www.covid19.admin.ch/en/overview?ovTime=total,0.38781556225153824
Switzerland,2021-09-17,10360119,10360119,44683,7659861,2700258,24734,19949,7680599,2679520,24734,19949,7680599,2679520,47230,30693,16538,https://www.covid19.admin.ch/en/overview?ovTime=total,0.44645614663294764
Switzerland,2021-09-18,10360119,10360119,0,7659861,2700258,0,0,7680599,2679520,0,0,7680599,2679520,36667,23390,13277,https://www.covid19.admin.ch/en/overview?ovTime=total,0.44645614663294764
Switzerland,2021-09-19,10360119,10360119,0,7659861,2700258,0,0,7680599,2679520,0,0,7680599,2679520,36667,23390,13277,https://www.covid19.admin.ch/en/overview?ovTime=total,0.44645614663294764
Switzerland,2021-09-20,10360119,10360119,0,7659861,2700258,0,0,7680599,2679520,0,0,7680599,2679520,22799,13625,9174,https://www.covid19.admin.ch/en/overview?ovTime=total,0.44645614663294764
Switzerland,2021-09-21,10360119,10360119,0,7659861,2700258,0,0,7680599,2679520,0,0,7680599,2679520,17936,10664,7273,https://www.covid19.admin.ch/en/overview?ovTime=total,0.44645614663294764
Switzerland,2021-09-22,10500999,10500999,140880,7723814,2777185,63953,76927,7744552,2756447,63953,76927,7744552,2756447,32151,16123,16027,https://www.covid19.admin.ch/en/overview?ovTime=total,0.5460462805224304
Switzerland,2021-09-23,10577644,10577644,76645,7659861,2700258,-63953,-76927,7779345,2798299,34793,41852,7779345,2798299,37458,17640,19818,https://www.covid19.admin.ch/en/overview?ovTime=total,0.5460462805224304
Switzerland,2021-09-24,10616632,10616632,38988,7789240,2827392,129379,127134,7799010,2817622,19665,19323,7799010,2817622,36645,16916,19729,https://www.covid19.admin.ch/en/overview?ovTime=total,0.49562400346181285
Switzerland,2021-09-25,10616632,10616632,0,7789240,2827392,0,0,7799010,2817622,0,0,7799010,2817622,36645,16916,19729,https://www.covid19.admin.ch/en/overview?ovTime=total,0.49562400346181285
Switzerland,2021-09-26,10616632,10616632,0,7789240,2827392,0,0,7799010,2817622,0,0,7799010,2817622,36645,16916,19729,https://www.covid19.admin.ch/en/overview?ovTime=total,0.49562400346181285
Switzerland,2021-09-27,10616632,10616632,0,7789240,2827392,0,0,7799010,2817622,0,0,7799010,2817622,36645,16916,19729,https://www.covid19.admin.ch/en/overview?ovTime=total,0.49562400346181285
Switzerland,2021-09-28,10759554,10759554,142922,7851057,2908497,61817,81105,7860827,2898727,61817,81105,7860827,2898727,57062,25747,31315,https://www.covid19.admin.ch/en/overview?ovTime=total,0.5674773652761647
Switzerland,2021-09-29,10796404,10796404,36850,7871349,2925055,20292,16558,7881119,2915285,20292,16558,7881119,2915285,42201,19510,22691,https://www.covid19.admin.ch/en/overview?ovTime=total,0.4493351424694708
Switzerland,2021-09-30,10832621,10832621,36217,7891316,2941305,19967,16250,7901086,2931535,19967,16250,7901086,2931535,36425,17392,19034,https://www.covid19.admin.ch/en/overview?ovTime=total,0.44868431951845816
Switzerland,2021-10-01,10876699,10876699,44078,7914423,2962276,23107,20971,7924193,2952506,23107,20971,7924193,2952506,37152,17883,19269,https://www.covid19.admin.ch/en/overview?ovTime=total,0.4757702255093244
Switzerland,2021-10-02,10832621,10876699,0,7891316,2941305,-23107,-20971,7924193,2952506,0,0,7924193,2952506,37152,17883,19269,https://www.covid19.admin.ch/en/overview?ovTime=total,0.4757702255093244
Switzerland,2021-10-03,10876699,10876699,0,7914423,2962276,23107,20971,7924193,2952506,0,0,7924193,2952506,37152,17883,19269,https://www.covid19.admin.ch/en/overview?ovTime=total,0.4757702255093244
Switzerland,2021-10-04,10876699,10876699,0,7914423,2962276,0,0,7924193,2952506,0,0,7924193,2952506,37152,17883,19269,https://www.covid19.admin.ch/en/overview?ovTime=total,0.4757702255093244
Switzerland,2021-10-05,11011222,11011222,134523,7972292,3038930,57869,76654,7982062,3029160,57869,76654,7982062,3029160,35953,17319,18633,https://www.covid19.admin.ch/en/overview?ovTime=total,0.5698207741427117
Switzerland,2021-10-06,11043823,11043823,32601,7990518,3053305,18226,14375,8000288,3043535,18226,14375,8000288,3043535,35346,17024,18321,https://www.covid19.admin.ch/en/overview?ovTime=total,0.4409373945584491
Switzerland,2021-10-07,11076492,11076492,32669,8008396,3068096,17878,14791,8018166,3058326,17878,14791,8018166,3058326,34839,16726,18113,https://www.covid19.admin.ch/en/overview?ovTime=total,0.4527533747589458
Switzerland,2021-10-08,11112913,11112913,36421,8027585,3085328,19189,17232,8037355,3075558,19189,17232,8037355,3075558,33745,16166,17579,https://www.covid19.admin.ch/en/overview?ovTime=total,0.47313363169599953
Switzerland,2021-10-09,11112913,11112913,0,8027585,3085328,0,0,8037355,3075558,0,0,8037355,3075558,33745,16166,17579,https://www.covid19.admin.ch/en/overview?ovTime=total,0.47313363169599953
Switzerland,2021-10-10,11112913,11112913,0,8027585,3085328,0,0,8037355,3075558,0,0,8037355,3075558,33745,16166,17579,https://www.covid19.admin.ch/en/overview?ovTime=total,0.47313363169599953
Switzerland,2021-10-11,11112913,11112913,0,8065305,3146858,37720,61530,8037355,3075558,0,0,8037355,3075558,33745,16166,17579,https://www.covid19.admin.ch/en/overview?ovTime=total,0.6199496221662468
Switzerland,2021-10-12,11112913,11112913,0,8027585,3085328,-37720,-61530,8037355,3075558,0,0,8037355,3075558,14527,7899,6628,https://www.covid19.admin.ch/en/overview?ovTime=total,0.6199496221662468
Switzerland,2021-10-13,11112913,11112913,0,8027585,3085328,0,0,8037355,3075558,0,0,8037355,3075558,9870,5295,4575,https://www.covid19.admin.ch/en/overview?ovTime=total,0.6199496221662468
Switzerland,2021-10-14,11286658,11286658,173745,8112825,3173833,85240,88505,8122595,3164063,85240,88505,8122595,3164063,30024,14918,15105,https://www.covid19.admin.ch/en/overview?ovTime=total,0.5093959538403983
Switzerland,2021-10-15,11286658,11286658,0,8112825,3173833,0,0,8122595,3164063,0,0,8122595,3164063,24821,12177,12644,https://www.covid19.admin.ch/en/overview?ovTime=total,0.5093959538403983
Switzerland,2021-10-16,11286658,11286658,0,8112825,3173833,0,0,8122595,3164063,0,0,8122595,3164063,24821,12177,12644,https://www.covid19.admin.ch/en/overview?ovTime=total,0.5093959538403983
Switzerland,2021-10-17,11286658,11286658,0,8112825,3173833,0,0,8122595,3164063,0,0,8122595,3164063,24821,12177,12644,https://www.covid19.admin.ch/en/overview?ovTime=total,0.5093959538403983
Switzerland,2021-10-18,11377331,11377331,90673,8166940,3210391,54115,36558,8176710,3200621,54115,36558,8176710,3200621,37774,19908,17866,https://www.covid19.admin.ch/en/overview?ovTime=total,0.4031850716310258
Switzerland,2021-10-19,11400594,11400594,23263,8181051,3219543,14111,9152,8190821,3209773,14111,9152,8190821,3209773,41097,21924,19174,https://www.covid19.admin.ch/en/overview?ovTime=total,0.39341443493960365
Switzerland,2021-10-20,11400594,11400594,0,8181051,3219543,0,0,8190821,3209773,0,0,8190821,3209773,41097,21924,19174,https://www.covid19.admin.ch/en/overview?ovTime=total,0.39341443493960365
Switzerland,2021-10-21,11452601,11452601,52007,8217719,3234882,36668,15339,8227489,3225112,36668,15339,8227489,3225112,23706,14985,8721,https://www.covid19.admin.ch/en/overview?ovTime=total,0.29494106562578115
Switzerland,2021-10-22,11479392,11479392,26791,8235921,3243471,18202,8589,8245691,3233701,18202,8589,8245691,3233701,27533,17585,9948,https://www.covid19.admin.ch/en/overview?ovTime=total,0.32059273636669033
Switzerland,2021-10-23,11479392,11479392,0,8235921,3243471,0,0,8245691,3233701,0,0,8245691,3233701,27533,17585,9948,https://www.covid19.admin.ch/en/overview?ovTime=total,0.32059273636669033
Switzerland,2021-10-24,11479392,11479392,0,8235921,3243471,0,0,8245691,3233701,0,0,8245691,3233701,27533,17585,9948,https://www.covid19.admin.ch/en/overview?ovTime=total,0.32059273636669033
Switzerland,2021-10-25,11479392,11479392,0,8235921,3243471,0,0,8245691,3233701,0,0,8245691,3233701,14580,9854,4726,https://www.covid19.admin.ch/en/overview?ovTime=total,0.32059273636669033
Switzerland,2021-10-26,11566572,11566572,87180,8287966,3278606,52045,35135,8297736,3268836,52045,35135,8297736,3268836,23711,15274,8438,https://www.covid19.admin.ch/en/overview?ovTime=total,0.403016746960312
Switzerland,2021-10-27,11594561,11594561,27989,8308703,3285858,20737,7252,8318473,3276088,20737,7252,8318473,3276088,27710,18236,9474,https://www.covid19.admin.ch/en/overview?ovTime=total,0.25910178998892425
Switzerland,2021-10-28,11594561,11594561,0,8308703,3285858,0,0,8318473,3276088,0,0,8318473,3276088,20280,12998,7282,https://www.covid19.admin.ch/en/overview?ovTime=total,0.25910178998892425
Switzerland,2021-10-29,11594561,11594561,0,8308703,3285858,0,0,8318473,3276088,0,0,8318473,3276088,16453,10397,6055,https://www.covid19.admin.ch/en/overview?ovTime=total,0.25910178998892425
Switzerland,2021-10-30,11594561,11594561,0,8308703,3285858,0,0,8318473,3276088,0,0,8318473,3276088,16453,10397,6055,https://www.covid19.admin.ch/en/overview?ovTime=total,0.25910178998892425
Switzerland,2021-10-31,11594561,11594561,0,8308703,3285858,0,0,8318473,3276088,0,0,8318473,3276088,16453,10397,6055,https://www.covid19.admin.ch/en/overview?ovTime=total,0.25910178998892425
Switzerland,2021-11-01,11594561,11594561,0,8308703,3285858,0,0,8318473,3276088,0,0,8318473,3276088,16453,10397,6055,https://www.covid19.admin.ch/en/overview?ovTime=total,0.25910178998892425
Switzerland,2021-11-02,11594561,11594561,0,8308703,3285858,0,0,8318473,3276088,0,0,8318473,3276088,3998,2962,1036,https://www.covid19.admin.ch/en/overview?ovTime=total,0.25910178998892425
Switzerland,2021-11-03,11594561,11594561,0,8308703,3285858,0,0,8318473,3276088,0,0,8318473,3276088,0,0,0,https://www.covid19.admin.ch/en/overview?ovTime=total,0.25910178998892425
Switzerland,2021-11-04,11594561,11594561,0,8308703,3285858,0,0,8318473,3276088,0,0,8318473,3276088,0,0,0,https://www.covid19.admin.ch/en/overview?ovTime=total,0.25910178998892425
Switzerland,2021-11-05,11594561,11594561,0,8308703,3285858,0,0,8318473,3276088,0,0,8318473,3276088,0,0,0,https://www.covid19.admin.ch/en/overview?ovTime=total,0.25910178998892425
Switzerland,2021-11-06,11834947,11834947,240386,8474981,3359966,166278,74108,8484751,3350196,166278,74108,8484751,3350196,34341,23754,10587,https://www.covid19.admin.ch/en/overview?ovTime=total,0.30828750426397544
Switzerland,2021-11-07,11834947,11834947,0,8308703,3285858,-166278,-74108,8484751,3350196,0,0,8484751,3350196,34341,23754,10587,https://www.covid19.admin.ch/en/overview?ovTime=total,0.30828750426397544
Switzerland,2021-11-08,11834947,11834947,0,8308703,3285858,0,0,8484751,3350196,0,0,8484751,3350196,34341,23754,10587,https://www.covid19.admin.ch/en/overview?ovTime=total,0.30828750426397544
Switzerland,2021-11-09,11834947,11834947,0,8308703,3285858,0,0,8484751,3350196,0,0,8484751,3350196,34341,23754,10587,https://www.covid19.admin.ch/en/overview?ovTime=total,0.30828750426397544
Switzerland,2021-11-10,11944795,11944795,109848,8548640,3396155,239937,110297,8560005,3384790,75254,34594,8560005,3384790,50033,34505,15529,https://www.covid19.admin.ch/en/overview?ovTime=total,0.31492373670174795
Switzerland,2021-11-11,12020753,12020753,75958,8609342,3411411,60702,15256,8620707,3400046,60702,15256,8620707,3400046,60885,43176,17708,https://www.covid19.admin.ch/en/overview?ovTime=total,0.20084783696253192
Switzerland,2021-11-12,12020753,12020753,0,8609342,3411411,0,0,8620707,3400046,0,0,8620707,3400046,60885,43176,17708,https://www.covid19.admin.ch/en/overview?ovTime=total,0.20084783696253192
Switzerland,2021-11-13,12020753,12020753,0,8609342,3411411,0,0,8620707,3400046,0,0,8620707,3400046,26544,19422,7121,https://www.covid19.admin.ch/en/overview?ovTime=total,0.20084783696253192
Switzerland,2021-11-14,12020753,12020753,0,8609342,3411411,0,0,8620707,3400046,0,0,8620707,3400046,26544,19422,7121,https://www.covid19.admin.ch/en/overview?ovTime=total,0.20084783696253192
Switzerland,2021-11-15,12165966,12165966,145213,8708069,3457897,98727,46486,8719434,3446532,98727,46486,8719434,3446532,47288,33526,13762,https://www.covid19.admin.ch/en/overview?ovTime=total,0.32012285401444773
Switzerland,2021-11-16,12199175,12199175,33209,8731430,3467745,23361,9848,8742795,3456380,23361,9848,8742795,3456380,52033,36863,15169,https://www.covid19.admin.ch/en/overview?ovTime=total,0.29654611701647143
Switzerland,2021-11-17,12199175,12199175,0,8731430,3467745,0,0,8742795,3456380,0,0,8742795,3456380,36340,26113,10227,https://www.covid19.admin.ch/en/overview?ovTime=total,0.29654611701647143
Switzerland,2021-11-18,12290429,12290429,91254,8805011,3485418,73581,17673,8816376,3474053,73581,17673,8816376,3474053,38525,27953,10572,https://www.covid19.admin.ch/en/overview?ovTime=total,0.1936682227628378
Switzerland,2021-11-19,12290429,12290429,0,8708069,3457897,-96942,-27521,8816376,3474053,0,0,8816376,3474053,38525,27953,10572,https://www.covid19.admin.ch/en/overview?ovTime=total,0.22111792259547014
Switzerland,2021-11-20,12339927,12339927,49498,8844482,3495445,136413,37548,8855190,3484737,38814,10684,8855190,3484737,45596,33498,12099,https://www.covid19.admin.ch/en/overview?ovTime=total,0.21584148171141807
Switzerland,2021-11-21,12339927,12339927,0,8844482,3495445,0,0,8855190,3484737,0,0,8855190,3484737,45596,33498,12099,https://www.covid19.admin.ch/en/overview?ovTime=total,0.21584148171141807
Switzerland,2021-11-22,12452736,12452736,112809,8928449,3524287,83967,28842,8939157,3513579,83967,28842,8939157,3513579,40967,31389,9578,https://www.covid19.admin.ch/en/overview?ovTime=total,0.2556710900726006
Switzerland,2021-11-23,12493575,12493575,40839,8957861,3535714,29412,11427,8968569,3525006,29412,11427,8968569,3525006,42057,32253,9804,https://www.covid19.admin.ch/en/overview?ovTime=total,0.27980606772937633
Switzerland,2021-11-24,12549728,12549728,56153,9004089,3545639,46228,9925,9014797,3534931,46228,9925,9014797,3534931,50079,38857,11222,https://www.covid19.admin.ch/en/overview?ovTime=total,0.1767492386871583
Switzerland,2021-11-25,12606080,12606080,56352,9050039,3556041,45950,10402,9060747,3545333,45950,10402,9060747,3545333,45093,34910,10183,https://www.covid19.admin.ch/en/overview?ovTime=total,0.18458972174900626
Switzerland,2021-11-26,12606080,12606080,0,9050039,3556041,0,0,9060747,3545333,0,0,9060747,3545333,45093,34910,10183,https://www.covid19.admin.ch/en/overview?ovTime=total,0.18458972174900626
Switzerland,2021-11-27,12606080,12606080,0,9050039,3556041,0,0,9060747,3545333,0,0,9060747,3545333,38022,29365,8657,https://www.covid19.admin.ch/en/overview?ovTime=total,0.18458972174900626
Switzerland,2021-11-28,12664276,12664276,58196,9096985,3567291,46946,11250,9107693,3556583,46946,11250,9107693,3556583,46336,36072,10264,https://www.covid19.admin.ch/en/overview?ovTime=total,0.19331225513781017
Switzerland,2021-11-29,12798899,12798899,134623,9200048,3598851,103063,31560,9210756,3588143,103063,31560,9210756,3588143,49452,38800,10652,https://www.covid19.admin.ch/en/overview?ovTime=total,0.2344324521069951
Switzerland,2021-11-30,12798899,12798899,0,9200048,3598851,0,0,9210756,3588143,0,0,9210756,3588143,43618,34598,9020,https://www.covid19.admin.ch/en/overview?ovTime=total,0.2344324521069951
Switzerland,2021-12-01,12917470,12917470,118571,9294796,3622674,94748,23823,9305504,3611966,94748,23823,9305504,3611966,52535,41530,11005,https://www.covid19.admin.ch/en/overview?ovTime=total,0.20091759367804943
Switzerland,2021-12-02,12981167,12981167,63697,9347592,3633575,52796,10901,9358300,3622867,52796,10901,9358300,3622867,53584,42508,11076,https://www.covid19.admin.ch/en/overview?ovTime=total,0.17113835816443473
Switzerland,2021-12-03,12981167,12981167,0,9347592,3633575,0,0,9358300,3622867,0,0,9358300,3622867,53584,42508,11076,https://www.covid19.admin.ch/en/overview?ovTime=total,0.17113835816443473
Switzerland,2021-12-04,13046527,13046527,65360,9400965,3645562,53373,11987,9411673,3634854,53373,11987,9411673,3634854,62921,50132,12789,https://www.covid19.admin.ch/en/overview?ovTime=total,0.18339963280293758
Switzerland,2021-12-05,13046527,13046527,0,9400965,3645562,0,0,9411673,3634854,0,0,9411673,3634854,54607,43426,11182,https://www.covid19.admin.ch/en/overview?ovTime=total,0.18339963280293758
Switzerland,2021-12-06,13205749,13205749,159222,9527782,3677967,126817,32405,9538490,3667259,126817,32405,9538490,3667259,58121,46819,11302,https://www.covid19.admin.ch/en/overview?ovTime=total,0.20352087023150067
Switzerland,2021-12-07,13265137,13265137,59388,9572859,3692278,45077,14311,9583567,3681570,45077,14311,9583567,3681570,66605,53259,13347,https://www.covid19.admin.ch/en/overview?ovTime=total,0.24097460766484813
Switzerland,2021-12-08,13265137,13265137,0,9572859,3692278,0,0,9583567,3681570,0,0,9583567,3681570,49667,39723,9943,https://www.covid19.admin.ch/en/overview?ovTime=total,0.24097460766484813
Switzerland,2021-12-09,13413422,13413422,148285,9696445,3716977,123586,24699,9707153,3706269,123586,24699,9707153,3706269,61751,49836,11915,https://www.covid19.admin.ch/en/overview?ovTime=total,0.16656438614829552
Switzerland,2021-12-10,13482379,13482379,68957,9751381,3730998,54936,14021,9762089,3720290,54936,14021,9762089,3720290,71602,57684,13918,https://www.covid19.admin.ch/en/overview?ovTime=total,0.20332961120698406
Switzerland,2021-12-11,13482379,13482379,0,9751381,3730998,0,0,9762089,3720290,0,0,9762089,3720290,62265,50059,12205,https://www.covid19.admin.ch/en/overview?ovTime=total,0.20332961120698406
Switzerland,2021-12-12,13482379,13482379,0,9751381,3730998,0,0,9762089,3720290,0,0,9762089,3720290,62265,50059,12205,https://www.covid19.admin.ch/en/overview?ovTime=total,0.20332961120698406
Switzerland,2021-12-13,13482379,13482379,0,9751381,3730998,0,0,9762089,3720290,0,0,9762089,3720290,39519,31943,7576,https://www.covid19.admin.ch/en/overview?ovTime=total,0.20332961120698406
Switzerland,2021-12-14,13690087,13690087,207708,9910847,3779240,159466,48242,9921555,3768532,159466,48242,9921555,3768532,60707,48284,12423,https://www.covid19.admin.ch/en/overview?ovTime=total,0.23225874785756928
Switzerland,2021-12-15,13482379,13690087,0,9751381,3730998,-159466,-48242,9921555,3768532,0,0,9921555,3768532,60707,48284,12423,https://www.covid19.admin.ch/en/overview?ovTime=total,0.23225874785756928
Switzerland,2021-12-16,13843738,13843738,153651,10038650,3805088,287269,74090,10043703,3800035,122148,31503,10043703,3800035,61474,48079,13395,https://www.covid19.admin.ch/en/overview?ovTime=total,0.20503156141122816
Switzerland,2021-12-17,13915729,13915729,71991,10096669,3819060,58019,13972,10101722,3814007,58019,13972,10101722,3814007,61907,48519,13388,https://www.covid19.admin.ch/en/overview?ovTime=total,0.19407981553249712
Switzerland,2021-12-18,13915729,13915729,0,10096669,3819060,0,0,10101722,3814007,0,0,10101722,3814007,61907,48519,13388,https://www.covid19.admin.ch/en/overview?ovTime=total,0.19407981553249712
Switzerland,2021-12-19,13915729,13915729,0,10096669,3819060,0,0,10101722,3814007,0,0,10101722,3814007,61907,48519,13388,https://www.covid19.admin.ch/en/overview?ovTime=total,0.19407981553249712
Switzerland,2021-12-20,13915729,13915729,0,10096669,3819060,0,0,10101722,3814007,0,0,10101722,3814007,61907,48519,13388,https://www.covid19.admin.ch/en/overview?ovTime=total,0.19407981553249712
Switzerland,2021-12-21,14123609,14123609,207880,10250569,3873040,153900,53980,10255622,3867987,153900,53980,10255622,3867987,61932,47724,14208,https://www.covid19.admin.ch/en/overview?ovTime=total,0.2596690398306715
Switzerland,2021-12-22,14194602,14194602,70993,10308263,3886339,57694,13299,10313316,3881286,57694,13299,10313316,3881286,72074,55966,16108,https://www.covid19.admin.ch/en/overview?ovTime=total,0.1873283281450284
Switzerland,2021-12-23,14267622,14267622,73020,10366640,3900982,58377,14643,10371693,3895929,58377,14643,10371693,3895929,60555,46856,13699,https://www.covid19.admin.ch/en/overview?ovTime=total,0.2005341002465078
Switzerland,2021-12-24,14267622,14267622,0,10366640,3900982,0,0,10371693,3895929,0,0,10371693,3895929,50270,38567,11703,https://www.covid19.admin.ch/en/overview?ovTime=total,0.2005341002465078
Switzerland,2021-12-25,14267622,14267622,0,10366640,3900982,0,0,10371693,3895929,0,0,10371693,3895929,50270,38567,11703,https://www.covid19.admin.ch/en/overview?ovTime=total,0.2005341002465078
Switzerland,2021-12-26,14267622,14267622,0,10366640,3900982,0,0,10371693,3895929,0,0,10371693,3895929,50270,38567,11703,https://www.covid19.admin.ch/en/overview?ovTime=total,0.2005341002465078
Switzerland,2021-12-27,14267622,14267622,0,10366640,3900982,0,0,10371693,3895929,0,0,10371693,3895929,50270,38567,11703,https://www.covid19.admin.ch/en/overview?ovTime=total,0.2005341002465078
Switzerland,2021-12-28,14267622,14267622,0,10366640,3900982,0,0,10371693,3895929,0,0,10371693,3895929,20573,16582,3992,https://www.covid19.admin.ch/en/overview?ovTime=total,0.2005341002465078
Switzerland,2021-12-29,14267622,14267622,0,10366640,3900982,0,0,10371693,3895929,0,0,10371693,3895929,10431,8340,2092,https://www.covid19.admin.ch/en/overview?ovTime=total,0.2005341002465078
Switzerland,2021-12-30,14267622,14267622,0,10366640,3900982,0,0,10371693,3895929,0,0,10371693,3895929,0,0,0,https://www.covid19.admin.ch/en/overview?ovTime=total,0.2005341002465078
Switzerland,2021-12-31,14267622,14267622,0,10366640,3900982,0,0,10371693,3895929,0,0,10371693,3895929,0,0,0,https://www.covid19.admin.ch/en/overview?ovTime=total,0.2005341002465078
Switzerland,2022-01-01,14267622,14267622,0,10366640,3900982,0,0,10371693,3895929,0,0,10371693,3895929,0,0,0,https://www.covid19.admin.ch/en/overview?ovTime=total,0.2005341002465078
Switzerland,2022-01-02,14267622,14267622,0,10366640,3900982,0,0,10371693,3895929,0,0,10371693,3895929,0,0,0,https://www.covid19.admin.ch/en/overview?ovTime=total,0.2005341002465078
Switzerland,2022-01-03,14267622,14267622,0,10366640,3900982,0,0,10371693,3895929,0,0,10371693,3895929,0,0,0,https://www.covid19.admin.ch/en/overview?ovTime=total,0.2005341002465078
Switzerland,2022-01-04,14267622,14267622,0,10366640,3900982,0,0,10371693,3895929,0,0,10371693,3895929,0,0,0,https://www.covid19.admin.ch/en/overview?ovTime=total,0.2005341002465078
Switzerland,2022-01-05,14267622,14267622,0,10366640,3900982,0,0,10371693,3895929,0,0,10371693,3895929,0,0,0,https://www.covid19.admin.ch/en/overview?ovTime=total,0.2005341002465078
Switzerland,2022-01-06,15134537,15134537,866915,11032148,4102389,665508,201407,11037201,4097336,665508,201407,11037201,4097336,123845,95073,28772,https://www.covid19.admin.ch/en/overview?ovTime=total,0.23232612193813695
Switzerland,2022-01-07,15134537,15134537,0,11032148,4102389,0,0,11037201,4097336,0,0,11037201,4097336,123845,95073,28772,https://www.covid19.admin.ch/en/overview?ovTime=total,0.23232612193813695
Switzerland,2022-01-08,15229894,15229894,95357,11111776,4118118,79628,15729,11116829,4113065,79628,15729,11116829,4113065,137467,106448,31019,https://www.covid19.admin.ch/en/overview?ovTime=total,0.16494856172069172
Switzerland,2022-01-09,15229894,15229894,0,11111776,4118118,0,0,11116829,4113065,0,0,11116829,4113065,137467,106448,31019,https://www.covid19.admin.ch/en/overview?ovTime=total,0.16494856172069172
Switzerland,2022-01-10,15451583,15451583,221689,11291468,4160115,179692,41997,11296521,4155062,179692,41997,11296521,4155062,169137,132118,37019,https://www.covid19.admin.ch/en/overview?ovTime=total,0.18944106383266648
Switzerland,2022-01-11,15451583,15451583,0,11291468,4160115,0,0,11296521,4155062,0,0,11296521,4155062,169137,132118,37019,https://www.covid19.admin.ch/en/overview?ovTime=total,0.18944106383266648
Switzerland,2022-01-12,15451583,15451583,0,11291468,4160115,0,0,11296521,4155062,0,0,11296521,4155062,169137,132118,37019,https://www.covid19.admin.ch/en/overview?ovTime=total,0.18944106383266648
Switzerland,2022-01-13,15451583,15451583,0,11291468,4160115,0,0,11296521,4155062,0,0,11296521,4155062,45292,37046,8247,https://www.covid19.admin.ch/en/overview?ovTime=total,0.18944106383266648
Switzerland,2022-01-14,15832276,15832276,380693,11608223,4224053,316755,63938,11613276,4219000,316755,63938,11613276,4219000,99677,82296,17381,https://www.covid19.admin.ch/en/overview?ovTime=total,0.16795160404840645
Switzerland,2022-01-15,15832276,15832276,0,11608223,4224053,0,0,11613276,4219000,0,0,11613276,4219000,86055,70921,15134,https://www.covid19.admin.ch/en/overview?ovTime=total,0.16795160404840645
Switzerland,2022-01-16,15832276,15832276,0,11608223,4224053,0,0,11613276,4219000,0,0,11613276,4219000,86055,70921,15134,https://www.covid19.admin.ch/en/overview?ovTime=total,0.16795160404840645
Switzerland,2022-01-17,16051466,16051466,219190,11787422,4264044,179199,39991,11792475,4258991,179199,39991,11792475,4258991,85698,70851,14847,https://www.covid19.admin.ch/en/overview?ovTime=total,0.18244901683470963
Switzerland,2022-01-18,16051466,16051466,0,11787422,4264044,0,0,11792475,4258991,0,0,11792475,4258991,85698,70851,14847,https://www.covid19.admin.ch/en/overview?ovTime=total,0.18244901683470963
Switzerland,2022-01-19,16051466,16051466,0,11787422,4264044,0,0,11792475,4258991,0,0,11792475,4258991,85698,70851,14847,https://www.covid19.admin.ch/en/overview?ovTime=total,0.18244901683470963
Switzerland,2022-01-20,16341549,16341549,290083,12026854,4314695,239432,50651,12031907,4309642,239432,50651,12031907,4309642,127138,105055,22083,https://www.covid19.admin.ch/en/overview?ovTime=total,0.17460864649083194
Switzerland,2022-01-21,16453469,16453469,111920,12123203,4330266,96349,15571,12128256,4325213,96349,15571,12128256,4325213,88742,73569,15173,https://www.covid19.admin.ch/en/overview?ovTime=total,0.13912616154395996
Switzerland,2022-01-22,16453469,16453469,0,12123203,4330266,0,0,12128256,4325213,0,0,12128256,4325213,88742,73569,15173,https://www.covid19.admin.ch/en/overview?ovTime=total,0.13912616154395996
Switzerland,2022-01-23,16453469,16453469,0,12123203,4330266,0,0,12128256,4325213,0,0,12128256,4325213,88742,73569,15173,https://www.covid19.admin.ch/en/overview?ovTime=total,0.13912616154395996
Switzerland,2022-01-24,16453469,16453469,0,12123203,4330266,0,0,12128256,4325213,0,0,12128256,4325213,57429,47969,9460,https://www.covid19.admin.ch/en/overview?ovTime=total,0.13912616154395996
Switzerland,2022-01-25,16766073,16766073,312604,12395000,4371073,271797,40807,12400053,4366020,271797,40807,12400053,4366020,102087,86797,15290,https://www.covid19.admin.ch/en/overview?ovTime=total,0.1305389566352318
Switzerland,2022-01-26,16766073,16766073,0,12395000,4371073,0,0,12400053,4366020,0,0,12400053,4366020,102087,86797,15290,https://www.covid19.admin.ch/en/overview?ovTime=total,0.1305389566352318
Switzerland,2022-01-27,17043543,17043543,277470,12614914,4428629,219914,57556,12619967,4423576,219914,57556,12619967,4423576,100285,84009,16276,https://www.covid19.admin.ch/en/overview?ovTime=total,0.20743143402890402
Switzerland,2022-01-28,17157999,17157999,114456,12711567,4446432,96653,17803,12716620,4441379,96653,17803,12716620,4441379,100647,84052,16595,https://www.covid19.admin.ch/en/overview?ovTime=total,0.1555444887118194
Switzerland,2022-01-29,17157999,17157999,0,12711567,4446432,0,0,12716620,4441379,0,0,12716620,4441379,100647,84052,16595,https://www.covid19.admin.ch/en/overview?ovTime=total,0.1555444887118194
Switzerland,2022-01-30,17157999,17157999,0,12711567,4446432,0,0,12716620,4441379,0,0,12716620,4441379,100647,84052,16595,https://www.covid19.admin.ch/en/overview?ovTime=total,0.1555444887118194
Switzerland,2022-01-31,17415322,17415322,257323,12920727,4494595,209160,48163,12925780,4489542,209160,48163,12925780,4489542,137408,113932,23476,https://www.covid19.admin.ch/en/overview?ovTime=total,0.18716943296945862
Switzerland,2022-02-01,17504003,17504003,88681,12988970,4515033,68243,20438,12994023,4509980,68243,20438,12994023,4509980,105419,84853,20566,https://www.covid19.admin.ch/en/overview?ovTime=total,0.2304665035351428
Switzerland,2022-02-02,17415322,17504003,0,12920727,4494595,-68243,-20438,12994023,4509980,0,0,12994023,4509980,105419,84853,20566,https://www.covid19.admin.ch/en/overview?ovTime=total,0.2304665035351428
Switzerland,2022-02-03,17720648,17720648,216645,13171809,4548839,251082,54244,13172179,4548469,178156,38489,13172179,4548469,96729,78887,17842,https://www.covid19.admin.ch/en/overview?ovTime=total,0.1776592887602104
Switzerland,2022-02-04,17819425,17819425,98777,13256207,4563218,84398,14379,13256577,4562848,84398,14379,13256577,4562848,94489,77137,17353,https://www.covid19.admin.ch/en/overview?ovTime=total,0.14557032507567552
Switzerland,2022-02-05,17819425,17819425,0,13256207,4563218,0,0,13256577,4562848,0,0,13256577,4562848,94489,77137,17353,https://www.covid19.admin.ch/en/overview?ovTime=total,0.14557032507567552
Switzerland,2022-02-06,17819425,17819425,0,13256207,4563218,0,0,13256577,4562848,0,0,13256577,4562848,94489,77137,17353,https://www.covid19.admin.ch/en/overview?ovTime=total,0.14557032507567552
Switzerland,2022-02-07,18003879,18003879,184454,13399520,4604359,143313,41141,13399890,4603989,143313,41141,13399890,4603989,84080,67730,16350,https://www.covid19.admin.ch/en/overview?ovTime=total,0.22304205926680906
Switzerland,2022-02-08,18003879,18003879,0,13399520,4604359,0,0,13399890,4603989,0,0,13399890,4603989,71411,57981,13430,https://www.covid19.admin.ch/en/overview?ovTime=total,0.22304205926680906
Switzerland,2022-02-09,18003879,18003879,0,13399520,4604359,0,0,13399890,4603989,0,0,13399890,4603989,71411,57981,13430,https://www.covid19.admin.ch/en/overview?ovTime=total,0.22304205926680906
Switzerland,2022-02-10,18162246,18162246,158367,13529797,4632449,130277,28090,13530167,4632079,130277,28090,13530167,4632079,63085,51141,11944,https://www.covid19.admin.ch/en/overview?ovTime=total,0.17737281125487
Switzerland,2022-02-11,18321706,18321706,159460,13399520,4604359,-130277,-28090,13661343,4660363,131176,28284,13661343,4660363,71754,57824,13931,https://www.covid19.admin.ch/en/overview?ovTime=total,0.17737281125487
Switzerland,2022-02-12,18321706,18321706,0,13399520,4604359,0,0,13661343,4660363,0,0,13661343,4660363,71754,57824,13931,https://www.covid19.admin.ch/en/overview?ovTime=total,0.17737281125487
Switzerland,2022-02-13,18321706,18321706,0,13665118,4656588,265598,52229,13661343,4660363,0,0,13661343,4660363,71754,57824,13931,https://www.covid19.admin.ch/en/overview?ovTime=total,0.16433153885604432
Switzerland,2022-02-14,18321706,18321706,0,13399520,4604359,-265598,-52229,13661343,4660363,0,0,13661343,4660363,45404,37350,8053,https://www.covid19.admin.ch/en/overview?ovTime=total,0.16433153885604432
Switzerland,2022-02-15,18533497,18533497,211791,13830359,4703138,430839,98779,13833633,4699864,172290,39501,13833633,4699864,75660,61963,13696,https://www.covid19.admin.ch/en/overview?ovTime=total,0.18650989958800493
Switzerland,2022-02-16,18609194,18609194,75697,13890149,4719045,59790,15907,13893423,4715771,59790,15907,13893423,4715771,86474,70505,15969,https://www.covid19.admin.ch/en/overview?ovTime=total,0.21014042828645785
Switzerland,2022-02-17,18677919,18677919,68725,13948717,4729202,58568,10157,13951991,4725928,58568,10157,13951991,4725928,73668,60261,13407,https://www.covid19.admin.ch/en/overview?ovTime=total,0.14779192433612223
Switzerland,2022-02-18,18734992,18734992,57073,13998660,4736332,49943,7130,14001934,4733058,49943,7130,14001934,4733058,59041,48656,10385,https://www.covid19.admin.ch/en/overview?ovTime=total,0.12492772414276453
Switzerland,2022-02-19,18734992,18734992,0,13998660,4736332,0,0,14001934,4733058,0,0,14001934,4733058,59041,48656,10385,https://www.covid19.admin.ch/en/overview?ovTime=total,0.12492772414276453
Switzerland,2022-02-20,18734992,18734992,0,13998660,4736332,0,0,14001934,4733058,0,0,14001934,4733058,59041,48656,10385,https://www.covid19.admin.ch/en/overview?ovTime=total,0.12492772414276453
Switzerland,2022-02-21,18832639,18832639,97647,14079385,4753254,80725,16922,14082659,4749980,80725,16922,14082659,4749980,72990,60188,12802,https://www.covid19.admin.ch/en/overview?ovTime=total,0.17329769475764745
Switzerland,2022-02-22,18880166,18880166,47527,14118250,4761916,38865,8662,14121524,4758642,38865,8662,14121524,4758642,49524,41127,8397,https://www.covid19.admin.ch/en/overview?ovTime=total,0.18225429755717804
Switzerland,2022-02-23,18933503,18933503,53337,14164547,4768956,46297,7040,14167821,4765682,46297,7040,14167821,4765682,46330,39200,7130,https://www.covid19.admin.ch/en/overview?ovTime=total,0.13199092562386336
Switzerland,2022-02-24,18984300,18984300,50797,14207551,4776749,43004,7793,14210825,4773475,43004,7793,14210825,4773475,43769,36976,6792,https://www.covid19.admin.ch/en/overview?ovTime=total,0.15341457172667677
Switzerland,2022-02-25,19034621,19034621,50321,14250584,4784037,43033,7288,14253858,4780763,43033,7288,14253858,4780763,42804,35989,6815,https://www.covid19.admin.ch/en/overview?ovTime=total,0.1448301901790505
Switzerland,2022-02-26,19034621,19034621,0,14250584,4784037,0,0,14253858,4780763,0,0,14253858,4780763,42804,35989,6815,https://www.covid19.admin.ch/en/overview?ovTime=total,0.1448301901790505
Switzerland,2022-02-27,19034621,19034621,0,14250584,4784037,0,0,14253858,4780763,0,0,14253858,4780763,42804,35989,6815,https://www.covid19.admin.ch/en/overview?ovTime=total,0.1448301901790505
Switzerland,2022-02-28,19134654,19134654,100033,14333216,4801438,82632,17401,14336490,4798164,82632,17401,14336490,4798164,43145,36262,6883,https://www.covid19.admin.ch/en/overview?ovTime=total,0.17395259564343765
Switzerland,2022-03-01,19175682,19175682,41028,14365215,4810467,31999,9029,14368489,4807193,31999,9029,14368489,4807193,42217,35281,6936,https://www.covid19.admin.ch/en/overview?ovTime=total,0.22006922101979137
Switzerland,2022-03-02,19231376,19231376,55694,14411549,4819827,46334,9360,14414823,4816553,46334,9360,14414823,4816553,42553,35286,7267,https://www.covid19.admin.ch/en/overview?ovTime=total,0.1680611915107552
Switzerland,2022-03-03,19284573,19284573,53197,14455315,4829258,43766,9431,14458589,4825984,43766,9431,14458589,4825984,42896,35395,7501,https://www.covid19.admin.ch/en/overview?ovTime=total,0.17728443333270674
Switzerland,2022-03-04,19344681,19344681,60108,14505703,4838978,50388,9720,14508977,4835704,50388,9720,14508977,4835704,44294,36446,7849,https://www.covid19.admin.ch/en/overview?ovTime=total,0.16170892393691355
Switzerland,2022-03-05,19344681,19344681,0,14505703,4838978,0,0,14508977,4835704,0,0,14508977,4835704,44294,36446,7849,https://www.covid19.admin.ch/en/overview?ovTime=total,0.16170892393691355
Switzerland,2022-03-06,19344681,19344681,0,14505703,4838978,0,0,14508977,4835704,0,0,14508977,4835704,44294,36446,7849,https://www.covid19.admin.ch/en/overview?ovTime=total,0.16170892393691355
Switzerland,2022-03-07,19473585,19473585,128904,14612087,4861498,106384,22520,14615361,4858224,106384,22520,14615361,4858224,48419,39839,8580,https://www.covid19.admin.ch/en/overview?ovTime=total,0.1747036554335009
Switzerland,2022-03-08,19526135,19526135,52550,14651902,4874233,39815,12735,14655176,4870959,39815,12735,14655176,4870959,50065,40955,9109,https://www.covid19.admin.ch/en/overview?ovTime=total,0.2423406279733587
Switzerland,2022-03-09,19597696,19597696,71561,14712834,4884862,60932,10629,14716108,4881588,60932,10629,14716108,4881588,52331,43041,9291,https://www.covid19.admin.ch/en/overview?ovTime=total,0.14853062422269114
Switzerland,2022-03-10,19667077,19667077,69381,14770297,4896780,57463,11918,14773571,4893506,57463,11918,14773571,4893506,54643,44997,9646,https://www.covid19.admin.ch/en/overview?ovTime=total,0.17177613467664057
Switzerland,2022-03-11,19735006,19735006,67929,14827099,4907907,56802,11127,14830373,4904633,56802,11127,14830373,4904633,55761,45914,9847,https://www.covid19.admin.ch/en/overview?ovTime=total,0.1638033829439562
Switzerland,2022-03-12,19735006,19735006,0,14827099,4907907,0,0,14830373,4904633,0,0,14830373,4904633,55761,45914,9847,https://www.covid19.admin.ch/en/overview?ovTime=total,0.1638033829439562
Switzerland,2022-03-13,19735006,19735006,0,14827099,4907907,0,0,14830373,4904633,0,0,14830373,4904633,55761,45914,9847,https://www.covid19.admin.ch/en/overview?ovTime=total,0.1638033829439562
Switzerland,2022-03-14,19883559,19883559,148553,14950677,4932882,123578,24975,14953951,4929608,123578,24975,14953951,4929608,58568,48370,10198,https://www.covid19.admin.ch/en/overview?ovTime=total,0.1681218151097588
Switzerland,2022-03-15,19951466,19951466,67907,14999507,4951959,48830,19077,15002781,4948685,48830,19077,15002781,4948685,60762,49658,11104,https://www.covid19.admin.ch/en/overview?ovTime=total,0.28092832844920257
Switzerland,2022-03-16,20030792,20030792,79326,15067396,4963396,67889,11437,15070670,4960122,67889,11437,15070670,4960122,61871,50652,11219,https://www.covid19.admin.ch/en/overview?ovTime=total,0.14417719284975922
Switzerland,2022-03-17,20112698,20112698,81906,15137832,4974866,70436,11470,15141106,4971592,70436,11470,15141106,4971592,63660,52505,11155,https://www.covid19.admin.ch/en/overview?ovTime=total,0.1400385808121505
Switzerland,2022-03-18,20176510,20176510,63812,15191647,4984863,53815,9997,15194921,4981589,53815,9997,15194921,4981589,63072,52078,10994,https://www.covid19.admin.ch/en/overview?ovTime=total,0.1566633235128189
