country,date,tests_cumulative,tests_cumulative_corrected,new_tests_corrected,source,pcr_tests_cum,rapid_test_cum,pcr_test_new,rapid_test_new,percentage_rapid_daily,pcr_test_new_corrected,rapid_test_new_corrected,pcr_tests_cum_corrected,rapid_test_cum_corrected
Austria,2021-03-23,20846292,20846292,369807,https://www.sozialministerium.at/Informationen-zum-Coronavirus/Neuartiges-Coronavirus-(2019-nCov).html,6431566,14414726,49167,320640,0.8670468649863307,49167,320640,6431566,14414726
Austria,2021-03-24,21147134,21147134,300842,https://www.sozialministerium.at/Informationen-zum-Coronavirus/Neuartiges-Coronavirus-(2019-nCov).html,6493316,14653818,61750,239092,0.7947427553333644,61750,239092,6493316,14653818
Austria,2021-03-25,21565462,21565462,418328,https://www.sozialministerium.at/Informationen-zum-Coronavirus/Neuartiges-Coronavirus-(2019-nCov).html,6568554,14996908,75238,343090,0.8201459142108585,75238,343090,6568554,14996908
Austria,2021-03-26,22051094,22051094,485632,https://www.sozialministerium.at/Informationen-zum-Coronavirus/Neuartiges-Coronavirus-(2019-nCov).html,6556772,15494322,-11782,497414,0.8201459142108585,87343,398289,6655897,15395197
Austria,2021-03-27,22194436,22194436,143342,https://www.sozialministerium.at/Informationen-zum-Coronavirus/Neuartiges-Coronavirus-(2019-nCov).html,6333726,15860710,-223046,366388,0.8201459142108585,25781,117561,6681678,15512758
Austria,2021-03-28,22455472,22455472,261036,https://www.sozialministerium.at/Informationen-zum-Coronavirus/Neuartiges-Coronavirus-(2019-nCov).html,6383732,16071740,50006,211030,0.8084325533642869,50006,211030,6731684,15723788
Austria,2021-03-29,22610260,22610260,154788,https://www.sozialministerium.at/Informationen-zum-Coronavirus/Neuartiges-Coronavirus-(2019-nCov).html,6421765,16188495,38033,116755,0.7542897382226013,38033,116755,6769717,15840543
Austria,2021-03-30,23093306,23093306,483046,https://www.sozialministerium.at/Informationen-zum-Coronavirus/Neuartiges-Coronavirus-(2019-nCov).html,6474269,16619037,52504,430542,0.8913064180223002,52504,430542,6822221,16271085
Austria,2021-03-31,23451521,23451521,358215,https://www.sozialministerium.at/Informationen-zum-Coronavirus/Neuartiges-Coronavirus-(2019-nCov).html,6543059,16908462,68790,289425,0.8079644905992212,68790,289425,6891011,16560510
Austria,2021-04-01,23805240,23805240,353719,https://www.sozialministerium.at/Informationen-zum-Coronavirus/Neuartiges-Coronavirus-(2019-nCov).html,6616140,17189100,73081,280638,0.7933924951727218,73081,280638,6964092,16841148
Austria,2021-04-02,24086423,24086423,281183,https://www.sozialministerium.at/Informationen-zum-Coronavirus/Neuartiges-Coronavirus-(2019-nCov).html,6685800,17400623,69660,211523,0.7522609830608536,69660,211523,7033752,17052671
Austria,2021-04-03,24402915,24402915,316492,https://www.sozialministerium.at/Informationen-zum-Coronavirus/Neuartiges-Coronavirus-(2019-nCov).html,6745518,17657397,59718,256774,0.8113127661994616,59718,256774,7093470,17309445
Austria,2021-04-04,24647471,24647471,244556,https://www.sozialministerium.at/Informationen-zum-Coronavirus/Neuartiges-Coronavirus-(2019-nCov).html,6800940,17846531,55422,189134,0.7733770588331507,55422,189134,7148892,17498579
Austria,2021-04-05,24779805,24779805,132334,https://www.sozialministerium.at/Informationen-zum-Coronavirus/Neuartiges-Coronavirus-(2019-nCov).html,6840428,17939377,39488,92846,0.7016035183701845,39488,92846,7188380,17591425
Austria,2021-04-06,24999349,24999349,219544,https://www.sozialministerium.at/Informationen-zum-Coronavirus/Neuartiges-Coronavirus-(2019-nCov).html,6867638,18131711,27210,192334,0.8760612906752178,27210,192334,7215590,17783759
Austria,2021-04-07,25515997,25515997,516648,https://www.sozialministerium.at/Informationen-zum-Coronavirus/Neuartiges-Coronavirus-(2019-nCov).html,6936131,18579866,68493,448155,0.8674281135318437,68493,448155,7284083,18231914
Austria,2021-04-08,25868498,25868498,352501,https://www.sozialministerium.at/Informationen-zum-Coronavirus/Neuartiges-Coronavirus-(2019-nCov).html,7003627,18864871,67496,285005,0.808522529014102,67496,285005,7351579,18516919
Austria,2021-04-09,26161838,26161838,293340,https://www.sozialministerium.at/Informationen-zum-Coronavirus/Neuartiges-Coronavirus-(2019-nCov).html,7080109,19081729,76482,216858,0.7392718347310289,76482,216858,7428061,18733777
Austria,2021-04-10,26478234,26478234,316396,https://www.sozialministerium.at/Informationen-zum-Coronavirus/Neuartiges-Coronavirus-(2019-nCov).html,7151199,19327035,71090,245306,0.7753132150848936,71090,245306,7499151,18979083
Austria,2021-04-11,26679075,26679075,200841,https://www.sozialministerium.at/Informationen-zum-Coronavirus/Neuartiges-Coronavirus-(2019-nCov).html,7193982,19485093,42783,158058,0.7869807459632246,42783,158058,7541934,19137141
Austria,2021-04-12,26848583,26848583,169508,https://www.sozialministerium.at/Informationen-zum-Coronavirus/Neuartiges-Coronavirus-(2019-nCov).html,7232009,19616574,38027,131481,0.7756625056044553,38027,131481,7579961,19268622
Austria,2021-04-13,27197861,27197861,349278,https://www.sozialministerium.at/Informationen-zum-Coronavirus/Neuartiges-Coronavirus-(2019-nCov).html,7300539,19897322,68530,280748,0.8037952576457721,68530,280748,7648491,19549370
Austria,2021-04-14,27703138,27703138,505277,https://www.sozialministerium.at/Informationen-zum-Coronavirus/Neuartiges-Coronavirus-(2019-nCov).html,7374937,20328201,74398,430879,0.85275799215084,74398,430879,7722889,19980249
Austria,2021-04-15,28012081,28012081,308943,https://www.sozialministerium.at/Informationen-zum-Coronavirus/Neuartiges-Coronavirus-(2019-nCov).html,7446224,20565857,71287,237656,0.7692551700475492,71287,237656,7794176,20217905
Austria,2021-04-16,28298620,28298620,286539,https://www.sozialministerium.at/Informationen-zum-Coronavirus/Neuartiges-Coronavirus-(2019-nCov).html,7530102,20768518,83878,202661,0.7072719594889352,83878,202661,7878054,20420566
Austria,2021-04-17,28298620,28298620,0,https://www.sozialministerium.at/Informationen-zum-Coronavirus/Neuartiges-Coronavirus-(2019-nCov).html,7530102,20768518,0,0,0.7072719594889352,0,0,7878054,20420566
Austria,2021-04-18,28615969,28615969,317349,https://www.sozialministerium.at/Informationen-zum-Coronavirus/Neuartiges-Coronavirus-(2019-nCov).html,7650883,21173014,120781,404496,0.770062271906061,72971,244378,7951025,20664944
Austria,2021-04-19,29014550,29014550,398581,https://www.sozialministerium.at/Informationen-zum-Coronavirus/Neuartiges-Coronavirus-(2019-nCov).html,7687817,21326733,36934,153719,0.8062763240022449,77215,321366,8028240,20986310
Austria,2021-04-20,29335166,29335166,320616,https://www.sozialministerium.at/Informationen-zum-Coronavirus/Neuartiges-Coronavirus-(2019-nCov).html,7748621,21586545,60804,259812,0.8103525713002471,60804,259812,8089044,21246122
Austria,2021-04-21,29597609,29597609,262443,https://www.sozialministerium.at/Informationen-zum-Coronavirus/Neuartiges-Coronavirus-(2019-nCov).html,7832919,21764690,84298,178145,0.6787950145364898,84298,178145,8173342,21424267
Austria,2021-04-22,29905570,29905570,307961,https://www.sozialministerium.at/Informationen-zum-Coronavirus/Neuartiges-Coronavirus-(2019-nCov).html,7905428,22000142,72509,235452,0.7645513555287845,72509,235452,8245851,21659719
Austria,2021-04-23,30186461,30186461,280891,https://www.sozialministerium.at/Informationen-zum-Coronavirus/Neuartiges-Coronavirus-(2019-nCov).html,7988411,22198050,82983,197908,0.7045722362055032,82983,197908,8328834,21857627
Austria,2021-04-24,30489054,30489054,302593,https://www.sozialministerium.at/Informationen-zum-Coronavirus/Neuartiges-Coronavirus-(2019-nCov).html,8055172,22433882,66761,235832,0.7793703092933412,66761,235832,8395595,22093459
Austria,2021-04-25,30688612,30688612,199558,https://www.sozialministerium.at/Informationen-zum-Coronavirus/Neuartiges-Coronavirus-(2019-nCov).html,8117301,22517311,62129,83429,0.5731667101773863,85178,114380,8480773,22207839
Austria,2021-04-26,30836351,30836351,147739,https://www.sozialministerium.at/Informationen-zum-Coronavirus/Neuartiges-Coronavirus-(2019-nCov).html,8151042,22685309,33741,167998,0.8327492453120121,24709,123030,8505482,22330869
Austria,2021-04-27,31263052,31263052,426701,https://www.sozialministerium.at/Informationen-zum-Coronavirus/Neuartiges-Coronavirus-(2019-nCov).html,8216127,23046925,65085,361616,0.8474693052043468,65085,361616,8570567,22692485
Austria,2021-04-28,31317709,31317709,54657,https://www.sozialministerium.at/Informationen-zum-Coronavirus/Neuartiges-Coronavirus-(2019-nCov).html,8306460,23011249,90333,-35676,0.8474693052043468,8337,46320,8578904,22738805
Austria,2021-04-29,31589724,31589724,272015,https://www.sozialministerium.at/Informationen-zum-Coronavirus/Neuartiges-Coronavirus-(2019-nCov).html,8361368,23228356,54908,217107,0.7981434847342977,54908,217107,8633812,22955912
Austria,2021-04-30,31892904,31892904,303180,https://www.sozialministerium.at/Informationen-zum-Coronavirus/Neuartiges-Coronavirus-(2019-nCov).html,8470217,23422687,108849,194331,0.6409756580249357,108849,194331,8742661,23150243
Austria,2021-05-01,32228406,32228406,335502,https://www.sozialministerium.at/Informationen-zum-Coronavirus/Neuartiges-Coronavirus-(2019-nCov).html,8537299,23691107,67082,268420,0.8000548431902045,67082,268420,8809743,23418663
Austria,2021-05-02,32383974,32383974,155568,https://www.sozialministerium.at/Informationen-zum-Coronavirus/Neuartiges-Coronavirus-(2019-nCov).html,8577920,23806054,40621,114947,0.7388858891288697,40621,114947,8850364,23533610
Austria,2021-05-03,32495877,32495877,111903,https://www.sozialministerium.at/Informationen-zum-Coronavirus/Neuartiges-Coronavirus-(2019-nCov).html,8595272,23900605,17352,94551,0.8449371330527332,17352,94551,8867716,23628161
Austria,2021-05-04,32895293,32895293,399416,https://www.sozialministerium.at/Informationen-zum-Coronavirus/Neuartiges-Coronavirus-(2019-nCov).html,8680800,24214493,85528,313888,0.7858673663548781,85528,313888,8953244,23942049
Austria,2021-05-05,33241683,33241683,346390,https://www.sozialministerium.at/Informationen-zum-Coronavirus/Neuartiges-Coronavirus-(2019-nCov).html,8777488,24464195,96688,249702,0.7208695401137446,96688,249702,9049932,24191751
Austria,2021-05-06,33702259,33702259,460576,https://www.sozialministerium.at/Informationen-zum-Coronavirus/Neuartiges-Coronavirus-(2019-nCov).html,8863055,24839204,85567,375009,0.8142174147154867,85567,375009,9135499,24566760
Austria,2021-05-07,33990188,33990188,287929,https://www.sozialministerium.at/Informationen-zum-Coronavirus/Neuartiges-Coronavirus-(2019-nCov).html,8948640,25041548,85585,202344,0.7027565823518993,85585,202344,9221084,24769104
Austria,2021-05-08,34299962,34299962,309774,https://www.sozialministerium.at/Informationen-zum-Coronavirus/Neuartiges-Coronavirus-(2019-nCov).html,9018757,25281205,70117,239657,0.773651113392344,70117,239657,9291201,25008761
Austria,2021-05-09,34504177,34504177,204215,https://www.sozialministerium.at/Informationen-zum-Coronavirus/Neuartiges-Coronavirus-(2019-nCov).html,9078393,25425784,59636,144579,0.7079744387043068,59636,144579,9350837,25153340
Austria,2021-05-10,34639633,34639633,135456,https://www.sozialministerium.at/Informationen-zum-Coronavirus/Neuartiges-Coronavirus-(2019-nCov).html,9105572,25534061,27179,108277,0.7993518190408694,27179,108277,9378016,25261617
Austria,2021-05-11,34639633,34639633,0,https://www.sozialministerium.at/Informationen-zum-Coronavirus/Neuartiges-Coronavirus-(2019-nCov).html,9105572,25534061,0,0,0.7993518190408694,0,0,9378016,25261617
Austria,2021-05-12,34639633,34639633,0,https://www.sozialministerium.at/Informationen-zum-Coronavirus/Neuartiges-Coronavirus-(2019-nCov).html,9105572,25534061,0,0,0.7993518190408694,0,0,9378016,25261617
Austria,2021-05-13,34639633,34639633,0,https://www.sozialministerium.at/Informationen-zum-Coronavirus/Neuartiges-Coronavirus-(2019-nCov).html,9105572,25534061,0,0,0.7993518190408694,0,0,9378016,25261617
Austria,2021-05-14,34639633,34639633,0,https://www.sozialministerium.at/Informationen-zum-Coronavirus/Neuartiges-Coronavirus-(2019-nCov).html,9105572,25534061,0,0,0.7993518190408694,0,0,9378016,25261617
Austria,2021-05-15,34639633,34639633,0,https://www.sozialministerium.at/Informationen-zum-Coronavirus/Neuartiges-Coronavirus-(2019-nCov).html,9105572,25534061,0,0,0.7993518190408694,0,0,9378016,25261617
Austria,2021-05-16,36217595,36217595,1577962,https://www.sozialministerium.at/Informationen-zum-Coronavirus/Neuartiges-Coronavirus-(2019-nCov).html,9105572,25534061,0,0,0.7993518190408694,316615,1261347,9694631,26522964
Austria,2021-05-17,36217595,36217595,0,https://www.sozialministerium.at/Informationen-zum-Coronavirus/Neuartiges-Coronavirus-(2019-nCov).html,9105572,25534061,0,0,0.7993518190408694,0,0,9694631,26522964
Austria,2021-05-18,36531447,36531447,313852,https://www.sozialministerium.at/Informationen-zum-Coronavirus/Neuartiges-Coronavirus-(2019-nCov).html,9105572,25534061,0,0,0.7993518190408694,62974,250878,9757605,26773842
Austria,2021-05-19,36531447,36531447,0,https://www.sozialministerium.at/Informationen-zum-Coronavirus/Neuartiges-Coronavirus-(2019-nCov).html,9105572,25534061,0,0,0.7993518190408694,0,0,9757605,26773842
Austria,2021-05-20,37237382,37237382,705935,https://www.sozialministerium.at/Informationen-zum-Coronavirus/Neuartiges-Coronavirus-(2019-nCov).html,9105572,25534061,0,0,0.7993518190408694,141645,564290,9899250,27338132
Austria,2021-05-21,37237382,37237382,0,https://www.sozialministerium.at/Informationen-zum-Coronavirus/Neuartiges-Coronavirus-(2019-nCov).html,9105572,25534061,0,0,0.7993518190408694,0,0,9899250,27338132
Austria,2021-05-22,37237382,37237382,0,https://www.sozialministerium.at/Informationen-zum-Coronavirus/Neuartiges-Coronavirus-(2019-nCov).html,9105572,25534061,0,0,0.7993518190408694,0,0,9899250,27338132
Austria,2021-05-23,37237382,37237382,0,https://www.sozialministerium.at/Informationen-zum-Coronavirus/Neuartiges-Coronavirus-(2019-nCov).html,9105572,25534061,0,0,0.7993518190408694,0,0,9899250,27338132
Austria,2021-05-24,38877709,38877709,1640327,https://www.sozialministerium.at/Informationen-zum-Coronavirus/Neuartiges-Coronavirus-(2019-nCov).html,9105572,25534061,0,0,0.7993518190408694,329129,1311198,10228379,28649330
Austria,2021-05-25,38877709,38877709,0,https://www.sozialministerium.at/Informationen-zum-Coronavirus/Neuartiges-Coronavirus-(2019-nCov).html,9105572,25534061,0,0,0.7993518190408694,0,0,10228379,28649330
Austria,2021-05-26,39471518,39471518,593809,https://www.sozialministerium.at/Informationen-zum-Coronavirus/Neuartiges-Coronavirus-(2019-nCov).html,9105572,25534061,0,0,0.7993518190408694,119147,474662,10347526,29123992
Austria,2021-05-27,39471518,39471518,0,https://www.sozialministerium.at/Informationen-zum-Coronavirus/Neuartiges-Coronavirus-(2019-nCov).html,9105572,25534061,0,0,0.7993518190408694,0,0,10347526,29123992
Austria,2021-05-28,39471518,39471518,0,https://www.sozialministerium.at/Informationen-zum-Coronavirus/Neuartiges-Coronavirus-(2019-nCov).html,9105572,25534061,0,0,0.7993518190408694,0,0,10347526,29123992
Austria,2021-05-29,39471518,39471518,0,https://www.sozialministerium.at/Informationen-zum-Coronavirus/Neuartiges-Coronavirus-(2019-nCov).html,9105572,25534061,0,0,0.7993518190408694,0,0,10347526,29123992
Austria,2021-05-30,41224239,41224239,1752721,https://www.sozialministerium.at/Informationen-zum-Coronavirus/Neuartiges-Coronavirus-(2019-nCov).html,9105572,25534061,0,0,0.7993518190408694,351680,1401041,10699206,30525033
Austria,2021-05-31,41224239,41224239,0,https://www.sozialministerium.at/Informationen-zum-Coronavirus/Neuartiges-Coronavirus-(2019-nCov).html,9105572,25534061,0,0,0.7993518190408694,0,0,10699206,30525033
Austria,2021-06-01,41776209,41776209,551970,https://www.sozialministerium.at/Informationen-zum-Coronavirus/Neuartiges-Coronavirus-(2019-nCov).html,9105572,25534061,0,0,0.7993518190408694,110752,441218,10809958,30966251
Austria,2021-06-02,43048076,43048076,1271867,https://www.sozialministerium.at/Informationen-zum-Coronavirus/Neuartiges-Coronavirus-(2019-nCov).html,10855201,32192875,1749629,6658814,0.7919199785263454,264650,1007217,11074608,31973468
Austria,2021-06-03,43729103,43729103,681027,https://www.sozialministerium.at/Informationen-zum-Coronavirus/Neuartiges-Coronavirus-(2019-nCov).html,10954992,32774111,99791,581236,0.8534698330609506,99791,581236,11174399,32554704
Austria,2021-06-04,44110345,44110345,381242,https://www.sozialministerium.at/Informationen-zum-Coronavirus/Neuartiges-Coronavirus-(2019-nCov).html,11013261,33097084,58269,322973,0.8471600715555998,58269,322973,11232668,32877677
Austria,2021-06-05,44858994,44858994,748649,https://www.sozialministerium.at/Informationen-zum-Coronavirus/Neuartiges-Coronavirus-(2019-nCov).html,11092325,33766669,79064,669585,0.8943910964951532,79064,669585,11311732,33547262
Austria,2021-06-06,45278379,45278379,419385,https://www.sozialministerium.at/Informationen-zum-Coronavirus/Neuartiges-Coronavirus-(2019-nCov).html,11157892,34120487,65567,353818,0.8436591675906386,65567,353818,11377299,33901080
Austria,2021-06-07,45570994,45570994,292615,https://www.sozialministerium.at/Informationen-zum-Coronavirus/Neuartiges-Coronavirus-(2019-nCov).html,11184673,34386321,26781,265834,0.9084770090391812,26781,265834,11404080,34166914
Austria,2021-06-08,45983005,45983005,412011,https://www.sozialministerium.at/Informationen-zum-Coronavirus/Neuartiges-Coronavirus-(2019-nCov).html,11275295,34707710,90622,321389,0.7800495617835446,90622,321389,11494702,34488303
Austria,2021-06-09,46426166,46426166,443161,https://www.sozialministerium.at/Informationen-zum-Coronavirus/Neuartiges-Coronavirus-(2019-nCov).html,11365285,35060881,89990,353171,0.7969361022292124,89990,353171,11584692,34841474
Austria,2021-06-10,46942669,46942669,516503,https://www.sozialministerium.at/Informationen-zum-Coronavirus/Neuartiges-Coronavirus-(2019-nCov).html,11446506,35496163,81221,435282,0.8427482512202252,81221,435282,11665913,35276756
Austria,2021-06-11,47268180,47268180,325511,https://www.sozialministerium.at/Informationen-zum-Coronavirus/Neuartiges-Coronavirus-(2019-nCov).html,11532421,35735759,85915,239596,0.7360611469351266,85915,239596,11751828,35516352
Austria,2021-06-12,47725434,47725434,457254,https://www.sozialministerium.at/Informationen-zum-Coronavirus/Neuartiges-Coronavirus-(2019-nCov).html,11567937,36157497,35516,421738,0.9223276340939609,35516,421738,11787344,35938090
Austria,2021-06-13,48145979,48145979,420545,https://www.sozialministerium.at/Informationen-zum-Coronavirus/Neuartiges-Coronavirus-(2019-nCov).html,11623324,36522655,55387,365158,0.868297090679951,55387,365158,11842731,36303248
Austria,2021-06-14,48458730,48458730,312751,https://www.sozialministerium.at/Informationen-zum-Coronavirus/Neuartiges-Coronavirus-(2019-nCov).html,11649354,36809376,26030,286721,0.9167708496535583,26030,286721,11868761,36589969
Austria,2021-06-15,48813163,48813163,354433,https://www.sozialministerium.at/Informationen-zum-Coronavirus/Neuartiges-Coronavirus-(2019-nCov).html,11730381,37082782,81027,273406,0.7713897972254277,81027,273406,11949788,36863375
Austria,2021-06-16,49167859,49167859,354696,https://www.sozialministerium.at/Informationen-zum-Coronavirus/Neuartiges-Coronavirus-(2019-nCov).html,11808138,37359721,77757,276939,0.7807784694498952,77757,276939,12027545,37140314
Austria,2021-06-17,49693906,49693906,526047,https://www.sozialministerium.at/Informationen-zum-Coronavirus/Neuartiges-Coronavirus-(2019-nCov).html,11892572,37801334,84434,441613,0.8394934292943406,84434,441613,12111979,37581927
Austria,2021-06-18,50183597,50183597,489691,https://www.sozialministerium.at/Informationen-zum-Coronavirus/Neuartiges-Coronavirus-(2019-nCov).html,11970036,38213561,77464,412227,0.8418104478130086,77464,412227,12189443,37994154
Austria,2021-06-19,50663929,50663929,480332,https://www.sozialministerium.at/Informationen-zum-Coronavirus/Neuartiges-Coronavirus-(2019-nCov).html,12052003,38611926,81967,398365,0.8293534471990207,81967,398365,12271410,38392519
Austria,2021-06-20,51082866,51082866,418937,https://www.sozialministerium.at/Informationen-zum-Coronavirus/Neuartiges-Coronavirus-(2019-nCov).html,12101448,38981418,49445,369492,0.8819750941072285,49445,369492,12320855,38762011
Austria,2021-06-21,51457883,51457883,375017,https://www.sozialministerium.at/Informationen-zum-Coronavirus/Neuartiges-Coronavirus-(2019-nCov).html,12133217,39324666,31769,343248,0.9152865070116821,31769,343248,12352624,39105259
Austria,2021-06-22,52163509,52163509,705626,https://www.sozialministerium.at/Informationen-zum-Coronavirus/Neuartiges-Coronavirus-(2019-nCov).html,12171425,39992084,38208,667418,0.9458523353731296,38208,667418,12390832,39772677
Austria,2021-06-23,52553372,52553372,389863,https://www.sozialministerium.at/Informationen-zum-Coronavirus/Neuartiges-Coronavirus-(2019-nCov).html,12279104,40274268,107679,282184,0.7238029769431826,107679,282184,12498511,40054861
Austria,2021-06-24,52844278,52844278,290906,https://www.sozialministerium.at/Informationen-zum-Coronavirus/Neuartiges-Coronavirus-(2019-nCov).html,12347540,40496738,68436,222470,0.7647487504554736,68436,222470,12566947,40277331
Austria,2021-06-25,53295938,53295938,451660,https://www.sozialministerium.at/Informationen-zum-Coronavirus/Neuartiges-Coronavirus-(2019-nCov).html,12418059,40877879,70519,381141,0.8438670681486073,70519,381141,12637466,40658472
Austria,2021-06-26,53713546,53713546,417608,https://www.sozialministerium.at/Informationen-zum-Coronavirus/Neuartiges-Coronavirus-(2019-nCov).html,12484859,41228687,66800,350808,0.8400413785176529,66800,350808,12704266,41009280
Austria,2021-06-27,54026448,54026448,312902,https://www.sozialministerium.at/Informationen-zum-Coronavirus/Neuartiges-Coronavirus-(2019-nCov).html,12489110,41537338,4251,308651,0.9864142766744859,4251,308651,12708517,41317931
Austria,2021-06-28,54026448,54026448,0,https://www.sozialministerium.at/Informationen-zum-Coronavirus/Neuartiges-Coronavirus-(2019-nCov).html,12489110,41537338,0,0,0.9864142766744859,0,0,12708517,41317931
Austria,2021-06-29,54805030,54805030,778582,https://www.sozialministerium.at/Informationen-zum-Coronavirus/Neuartiges-Coronavirus-(2019-nCov).html,12489110,41537338,0,0,0.9864142766744859,10578,768004,12719095,42085935
Austria,2021-06-30,55096277,55096277,291247,https://www.sozialministerium.at/Informationen-zum-Coronavirus/Neuartiges-Coronavirus-(2019-nCov).html,12489110,41537338,0,0,0.9864142766744859,3957,287290,12723052,42373225
Austria,2021-07-01,55096277,55096277,0,https://www.sozialministerium.at/Informationen-zum-Coronavirus/Neuartiges-Coronavirus-(2019-nCov).html,12757593,42741807,268483,1204469,0.8177245422797212,0,0,12723052,42373225
Austria,2021-07-02,55710614,55710614,614337,https://www.sozialministerium.at/Informationen-zum-Coronavirus/Neuartiges-Coronavirus-(2019-nCov).html,12833709,42972473,76116,230666,0.7518889634985103,152424,461913,12875476,42835138
Austria,2021-07-03,56054549,56054549,343935,https://www.sozialministerium.at/Informationen-zum-Coronavirus/Neuartiges-Coronavirus-(2019-nCov).html,12916172,43308711,82463,336238,0.8030503867915291,67738,276197,12943214,43111335
Austria,2021-07-04,56615814,56615814,561265,https://www.sozialministerium.at/Informationen-zum-Coronavirus/Neuartiges-Coronavirus-(2019-nCov).html,12968125,43647689,51953,338978,0.8671044250775712,74590,486675,13017804,43598010
Austria,2021-07-05,56937916,56937916,322102,https://www.sozialministerium.at/Informationen-zum-Coronavirus/Neuartiges-Coronavirus-(2019-nCov).html,13008771,43929145,40646,281456,0.8738101595146879,40646,281456,13058450,43879466
Austria,2021-07-06,57285297,57285297,347381,https://www.sozialministerium.at/Informationen-zum-Coronavirus/Neuartiges-Coronavirus-(2019-nCov).html,13071600,44213697,62829,284552,0.8191351858622089,62829,284552,13121279,44164018
Austria,2021-07-07,57621285,57621285,335988,https://www.sozialministerium.at/Informationen-zum-Coronavirus/Neuartiges-Coronavirus-(2019-nCov).html,13137707,44483578,66107,269881,0.8032459492600926,66107,269881,13187386,44433899
Austria,2021-07-08,58003807,58003807,382522,https://www.sozialministerium.at/Informationen-zum-Coronavirus/Neuartiges-Coronavirus-(2019-nCov).html,13204419,44799388,66712,315810,0.8255995733578723,66712,315810,13254098,44749709
Austria,2021-07-09,58318037,58318037,314230,https://www.sozialministerium.at/Informationen-zum-Coronavirus/Neuartiges-Coronavirus-(2019-nCov).html,13267341,45050696,62922,251308,0.7997581389428126,62922,251308,13317020,45001017
Austria,2021-07-10,58731933,58731933,413896,https://www.sozialministerium.at/Informationen-zum-Coronavirus/Neuartiges-Coronavirus-(2019-nCov).html,13337318,45394615,69977,343919,0.8309309585016526,69977,343919,13386997,45344936
Austria,2021-07-11,59103861,59103861,371928,https://www.sozialministerium.at/Informationen-zum-Coronavirus/Neuartiges-Coronavirus-(2019-nCov).html,13363128,45740733,25810,346118,0.930604848250199,25810,346118,13412807,45691054
Austria,2021-07-12,59420021,59420021,316160,https://www.sozialministerium.at/Informationen-zum-Coronavirus/Neuartiges-Coronavirus-(2019-nCov).html,13416557,46003464,53429,262731,0.8310064524291498,53429,262731,13466236,45953785
Austria,2021-07-13,59766496,59766496,346475,https://www.sozialministerium.at/Informationen-zum-Coronavirus/Neuartiges-Coronavirus-(2019-nCov).html,13477766,46288730,61209,285266,0.8233379031676167,61209,285266,13527445,46239051
Austria,2021-07-14,60048276,60048276,281780,https://www.sozialministerium.at/Informationen-zum-Coronavirus/Neuartiges-Coronavirus-(2019-nCov).html,13549847,46498429,72081,209699,0.744194052097381,72081,209699,13599526,46448750
Austria,2021-07-15,60777719,60777719,729443,https://www.sozialministerium.at/Informationen-zum-Coronavirus/Neuartiges-Coronavirus-(2019-nCov).html,13575492,47202227,25645,703798,0.9648430377699149,25645,703798,13625171,47152548
Austria,2021-07-16,61120263,61120263,342544,https://www.sozialministerium.at/Informationen-zum-Coronavirus/Neuartiges-Coronavirus-(2019-nCov).html,13670403,47449860,94911,247633,0.7229231865103461,94911,247633,13720082,47400181
Austria,2021-07-17,61529534,61529534,409271,https://www.sozialministerium.at/Informationen-zum-Coronavirus/Neuartiges-Coronavirus-(2019-nCov).html,13737493,47792041,67090,342181,0.8360743859203316,67090,342181,13787172,47742362
Austria,2021-07-18,61897934,61897934,368400,https://www.sozialministerium.at/Informationen-zum-Coronavirus/Neuartiges-Coronavirus-(2019-nCov).html,13780722,48117212,43229,325171,0.882657437567861,43229,325171,13830401,48067533
Austria,2021-07-19,62160444,62160444,262510,https://www.sozialministerium.at/Informationen-zum-Coronavirus/Neuartiges-Coronavirus-(2019-nCov).html,13816195,48344249,35473,227037,0.864869909717725,35473,227037,13865874,48294570
Austria,2021-07-20,62606905,62606905,446461,https://www.sozialministerium.at/Informationen-zum-Coronavirus/Neuartiges-Coronavirus-(2019-nCov).html,13883890,48723015,67695,378766,0.848374214097088,67695,378766,13933569,48673336
Austria,2021-07-21,62918128,62918128,311223,https://www.sozialministerium.at/Informationen-zum-Coronavirus/Neuartiges-Coronavirus-(2019-nCov).html,13949517,48968611,65627,245596,0.7891319086314315,65627,245596,13999196,48918932
Austria,2021-07-22,63257889,63257889,339761,https://www.sozialministerium.at/Informationen-zum-Coronavirus/Neuartiges-Coronavirus-(2019-nCov).html,14013373,49244516,63856,275905,0.8120561218032676,63856,275905,14063052,49194837
Austria,2021-07-23,63571450,63571450,313561,https://www.sozialministerium.at/Informationen-zum-Coronavirus/Neuartiges-Coronavirus-(2019-nCov).html,14087916,49483534,74543,239018,0.7622695424494755,74543,239018,14137595,49433855
Austria,2021-07-24,63971146,63971146,399696,https://www.sozialministerium.at/Informationen-zum-Coronavirus/Neuartiges-Coronavirus-(2019-nCov).html,14163895,49807251,75979,323717,0.8099080301028782,75979,323717,14213574,49757572
Austria,2021-07-25,64337233,64337233,366087,https://www.sozialministerium.at/Informationen-zum-Coronavirus/Neuartiges-Coronavirus-(2019-nCov).html,14214348,50122885,50453,315634,0.8621830329948892,50453,315634,14264027,50073206
Austria,2021-07-26,64601940,64601940,264707,https://www.sozialministerium.at/Informationen-zum-Coronavirus/Neuartiges-Coronavirus-(2019-nCov).html,14254929,50347011,40581,224126,0.846694647289267,40581,224126,14304608,50297332
Austria,2021-07-27,64955816,64955816,353876,https://www.sozialministerium.at/Informationen-zum-Coronavirus/Neuartiges-Coronavirus-(2019-nCov).html,14320079,50635737,65150,288726,0.8158959635578564,65150,288726,14369758,50586058
Austria,2021-07-28,65381760,65381760,425944,https://www.sozialministerium.at/Informationen-zum-Coronavirus/Neuartiges-Coronavirus-(2019-nCov).html,14385725,50996035,65646,360298,0.8458811486956032,65646,360298,14435404,50946356
Austria,2021-07-29,65725061,65725061,343301,https://www.sozialministerium.at/Informationen-zum-Coronavirus/Neuartiges-Coronavirus-(2019-nCov).html,14448488,51276573,62763,280538,0.81717792840685,62763,280538,14498167,51226894
Austria,2021-07-30,66199742,66199742,474681,https://www.sozialministerium.at/Informationen-zum-Coronavirus/Neuartiges-Coronavirus-(2019-nCov).html,14525382,51674360,76894,397787,0.8380091050621364,76894,397787,14575061,51624681
Austria,2021-07-31,66567305,66567305,367563,https://www.sozialministerium.at/Informationen-zum-Coronavirus/Neuartiges-Coronavirus-(2019-nCov).html,14590133,51977172,64751,302812,0.8238370020921584,64751,302812,14639812,51927493
Austria,2021-08-01,66916743,66916743,349438,https://www.sozialministerium.at/Informationen-zum-Coronavirus/Neuartiges-Coronavirus-(2019-nCov).html,14647503,52269240,57370,292068,0.8358220914725931,57370,292068,14697182,52219561
Austria,2021-08-02,67201912,67201912,285169,https://www.sozialministerium.at/Informationen-zum-Coronavirus/Neuartiges-Coronavirus-(2019-nCov).html,14687153,52514759,39650,245519,0.8609596414757564,39650,245519,14736832,52465080
Austria,2021-08-03,67488430,67488430,286518,https://www.sozialministerium.at/Informationen-zum-Coronavirus/Neuartiges-Coronavirus-(2019-nCov).html,14716332,52772098,29179,257339,0.898159975987547,29179,257339,14766011,52722419
Austria,2021-08-04,67771558,67771558,283128,https://www.sozialministerium.at/Informationen-zum-Coronavirus/Neuartiges-Coronavirus-(2019-nCov).html,14776016,52995542,59684,223444,0.7891978186544601,59684,223444,14825695,52945863
Austria,2021-08-05,68236738,68236738,465180,https://www.sozialministerium.at/Informationen-zum-Coronavirus/Neuartiges-Coronavirus-(2019-nCov).html,14852433,53384305,76417,388763,0.8357259555440905,76417,388763,14902112,53334626
Austria,2021-08-06,68525533,68525533,288795,https://www.sozialministerium.at/Informationen-zum-Coronavirus/Neuartiges-Coronavirus-(2019-nCov).html,14926436,53599097,74003,214792,0.7437524887896259,74003,214792,14976115,53549418
Austria,2021-08-07,68936690,68936690,411157,https://www.sozialministerium.at/Informationen-zum-Coronavirus/Neuartiges-Coronavirus-(2019-nCov).html,15026910,53909780,100474,310683,0.755631060641069,100474,310683,15076589,53860101
Austria,2021-08-08,69283203,69283203,346513,https://www.sozialministerium.at/Informationen-zum-Coronavirus/Neuartiges-Coronavirus-(2019-nCov).html,15073220,54209983,46310,300203,0.8663542204765766,46310,300203,15122899,54160304
Austria,2021-08-09,69537945,69537945,254742,https://www.sozialministerium.at/Informationen-zum-Coronavirus/Neuartiges-Coronavirus-(2019-nCov).html,15107730,54430215,34510,220232,0.8645296024997841,34510,220232,15157409,54380536
Austria,2021-08-10,69537945,69537945,0,https://www.sozialministerium.at/Informationen-zum-Coronavirus/Neuartiges-Coronavirus-(2019-nCov).html,15107730,54430215,0,0,0.8645296024997841,0,0,15157409,54380536
Austria,2021-08-11,70108599,70108599,570654,https://www.sozialministerium.at/Informationen-zum-Coronavirus/Neuartiges-Coronavirus-(2019-nCov).html,15246879,54861720,139149,431505,0.7561587231492288,139149,431505,15296558,54812041
Austria,2021-08-12,70556406,70556406,447807,https://www.sozialministerium.at/Informationen-zum-Coronavirus/Neuartiges-Coronavirus-(2019-nCov).html,15307033,55249373,60154,387653,0.8656698086452422,60154,387653,15356712,55199694
Austria,2021-08-13,70836953,70836953,280547,https://www.sozialministerium.at/Informationen-zum-Coronavirus/Neuartiges-Coronavirus-(2019-nCov).html,15368986,55467967,61953,218594,0.7791706915418807,61953,218594,15418665,55418288
Austria,2021-08-14,71181744,71181744,344791,https://www.sozialministerium.at/Informationen-zum-Coronavirus/Neuartiges-Coronavirus-(2019-nCov).html,15432741,55749003,63755,281036,0.8150908811424892,63755,281036,15482420,55699324
Austria,2021-08-15,71577449,71577449,395705,https://www.sozialministerium.at/Informationen-zum-Coronavirus/Neuartiges-Coronavirus-(2019-nCov).html,15486311,56091138,53570,342135,0.864621371981653,53570,342135,15535990,56041459
Austria,2021-08-16,71867850,71867850,290401,https://www.sozialministerium.at/Informationen-zum-Coronavirus/Neuartiges-Coronavirus-(2019-nCov).html,15524123,56343727,37812,252589,0.8697938367980826,37812,252589,15573802,56294048
Austria,2021-08-17,72155255,72155255,287405,https://www.sozialministerium.at/Informationen-zum-Coronavirus/Neuartiges-Coronavirus-(2019-nCov).html,15591581,56563674,67458,219947,0.7652859205650563,67458,219947,15641260,56513995
Austria,2021-08-18,72424887,72424887,269632,https://www.sozialministerium.at/Informationen-zum-Coronavirus/Neuartiges-Coronavirus-(2019-nCov).html,15660384,56764503,68803,200829,0.7448262817469736,68803,200829,15710063,56714824
Austria,2021-08-19,72867745,72867745,442858,https://www.sozialministerium.at/Informationen-zum-Coronavirus/Neuartiges-Coronavirus-(2019-nCov).html,15724844,57142901,64460,378398,0.85444544300882,64460,378398,15774523,57093222
Austria,2021-08-20,73136356,73136356,268611,https://www.sozialministerium.at/Informationen-zum-Coronavirus/Neuartiges-Coronavirus-(2019-nCov).html,15779387,57356969,54543,214068,0.7969442800183164,54543,214068,15829066,57307290
Austria,2021-08-21,73502548,73502548,366192,https://www.sozialministerium.at/Informationen-zum-Coronavirus/Neuartiges-Coronavirus-(2019-nCov).html,15871248,57631300,91861,274331,0.7491452571328702,91861,274331,15920927,57581621
Austria,2021-08-22,73832634,73832634,330086,https://www.sozialministerium.at/Informationen-zum-Coronavirus/Neuartiges-Coronavirus-(2019-nCov).html,15905270,57927364,34022,296064,0.8969298909981035,34022,296064,15954949,57877685
Austria,2021-08-23,74116688,74116688,284054,https://www.sozialministerium.at/Informationen-zum-Coronavirus/Neuartiges-Coronavirus-(2019-nCov).html,15973147,58143541,67877,216177,0.7610419145655404,67877,216177,16022826,58093862
Austria,2021-08-24,74394675,74394675,277987,https://www.sozialministerium.at/Informationen-zum-Coronavirus/Neuartiges-Coronavirus-(2019-nCov).html,16035471,58359204,62324,215663,0.775802465582923,62324,215663,16085150,58309525
Austria,2021-08-25,74676120,74676120,281445,https://www.sozialministerium.at/Informationen-zum-Coronavirus/Neuartiges-Coronavirus-(2019-nCov).html,16110122,58565998,74651,206794,0.7347581232567642,74651,206794,16159801,58516319
Austria,2021-08-26,75098854,75098854,422734,https://www.sozialministerium.at/Informationen-zum-Coronavirus/Neuartiges-Coronavirus-(2019-nCov).html,16180961,58917893,70839,351895,0.8324265377282168,70839,351895,16230640,58868214
Austria,2021-08-27,75354301,75354301,255447,https://www.sozialministerium.at/Informationen-zum-Coronavirus/Neuartiges-Coronavirus-(2019-nCov).html,16248104,59106197,67143,188304,0.7371548696989982,67143,188304,16297783,59056518
Austria,2021-08-28,75680725,75680725,326424,https://www.sozialministerium.at/Informationen-zum-Coronavirus/Neuartiges-Coronavirus-(2019-nCov).html,16330437,59350288,82333,244091,0.7477728353307355,82333,244091,16380116,59300609
Austria,2021-08-29,76013008,76013008,332283,https://www.sozialministerium.at/Informationen-zum-Coronavirus/Neuartiges-Coronavirus-(2019-nCov).html,16384437,59628571,54000,278283,0.8374879244499418,54000,278283,16434116,59578892
Austria,2021-08-30,76244732,76244732,231724,https://www.sozialministerium.at/Informationen-zum-Coronavirus/Neuartiges-Coronavirus-(2019-nCov).html,16421663,59823069,37226,194498,0.8393519877095165,37226,194498,16471342,59773390
Austria,2021-08-31,76575848,76575848,331116,https://www.sozialministerium.at/Informationen-zum-Coronavirus/Neuartiges-Coronavirus-(2019-nCov).html,16543772,60032076,122109,209007,0.6312198746058783,122109,209007,16593451,59982397
Austria,2021-09-01,76859312,76859312,283464,https://www.sozialministerium.at/Informationen-zum-Coronavirus/Neuartiges-Coronavirus-(2019-nCov).html,16626834,60232478,83062,200402,0.7069751361724945,83062,200402,16676513,60182799
Austria,2021-09-02,77272254,77272254,412942,https://www.sozialministerium.at/Informationen-zum-Coronavirus/Neuartiges-Coronavirus-(2019-nCov).html,16707130,60565124,80296,332646,0.8055513849402579,80296,332646,16756809,60515445
Austria,2021-09-03,77537962,77537962,265708,https://www.sozialministerium.at/Informationen-zum-Coronavirus/Neuartiges-Coronavirus-(2019-nCov).html,16780703,60757259,73573,192135,0.723105815406386,73573,192135,16830382,60707580
Austria,2021-09-04,77883338,77883338,345376,https://www.sozialministerium.at/Informationen-zum-Coronavirus/Neuartiges-Coronavirus-(2019-nCov).html,16878840,61004498,98137,247239,0.7158546048364681,98137,247239,16928519,60954819
Austria,2021-09-05,78261780,78261780,378442,https://www.sozialministerium.at/Informationen-zum-Coronavirus/Neuartiges-Coronavirus-(2019-nCov).html,16980094,61281686,101254,277188,0.7324451302973771,101254,277188,17029773,61232007
Austria,2021-09-06,78531851,78531851,270071,https://www.sozialministerium.at/Informationen-zum-Coronavirus/Neuartiges-Coronavirus-(2019-nCov).html,17002948,61528903,22854,247217,0.915377808057881,22854,247217,17052627,61479224
Austria,2021-09-07,78870408,78870408,338557,https://www.sozialministerium.at/Informationen-zum-Coronavirus/Neuartiges-Coronavirus-(2019-nCov).html,17110566,61759842,107618,230939,0.6821273817998151,107618,230939,17160245,61710163
Austria,2021-09-08,79310183,79310183,439775,https://www.sozialministerium.at/Informationen-zum-Coronavirus/Neuartiges-Coronavirus-(2019-nCov).html,17234098,62076085,123532,316243,0.7191018134273208,123532,316243,17283777,62026406
Austria,2021-09-09,79658152,79658152,347969,https://www.sozialministerium.at/Informationen-zum-Coronavirus/Neuartiges-Coronavirus-(2019-nCov).html,17376838,62281314,142740,205229,0.5897910446045481,142740,205229,17426517,62231635
Austria,2021-09-10,79979782,79979782,321630,https://www.sozialministerium.at/Informationen-zum-Coronavirus/Neuartiges-Coronavirus-(2019-nCov).html,17502267,62477515,125429,196201,0.6100208313901067,125429,196201,17551946,62427836
Austria,2021-09-11,80337893,80337893,358111,https://www.sozialministerium.at/Informationen-zum-Coronavirus/Neuartiges-Coronavirus-(2019-nCov).html,17610176,62727717,107909,250202,0.6986716409158055,107909,250202,17659855,62678038
Austria,2021-09-12,80337893,80337893,0,https://www.sozialministerium.at/Informationen-zum-Coronavirus/Neuartiges-Coronavirus-(2019-nCov).html,17610176,62727717,0,0,0.6986716409158055,0,0,17659855,62678038
Austria,2021-09-13,81012773,81012773,674880,https://www.sozialministerium.at/Informationen-zum-Coronavirus/Neuartiges-Coronavirus-(2019-nCov).html,17768391,63244382,158215,516665,0.7655657302038881,158215,516665,17818070,63194703
Austria,2021-09-14,81383866,81383866,371093,https://www.sozialministerium.at/Informationen-zum-Coronavirus/Neuartiges-Coronavirus-(2019-nCov).html,17919307,63464559,150916,220177,0.5933202728157093,150916,220177,17968986,63414880
Austria,2021-09-15,81737713,81737713,353847,https://www.sozialministerium.at/Informationen-zum-Coronavirus/Neuartiges-Coronavirus-(2019-nCov).html,18068628,63669085,149321,204526,0.5780068786792032,149321,204526,18118307,63619406
Austria,2021-09-16,82216463,82216463,478750,https://www.sozialministerium.at/Informationen-zum-Coronavirus/Neuartiges-Coronavirus-(2019-nCov).html,18234253,63982210,165625,313125,0.6540469973890339,165625,313125,18283932,63932531
Austria,2021-09-17,82500720,82500720,284257,https://www.sozialministerium.at/Informationen-zum-Coronavirus/Neuartiges-Coronavirus-(2019-nCov).html,18375591,64125129,141338,142919,0.5027809341546559,141338,142919,18425270,64075450
Austria,2021-09-18,82868432,82868432,367712,https://www.sozialministerium.at/Informationen-zum-Coronavirus/Neuartiges-Coronavirus-(2019-nCov).html,18524635,64343797,149044,218668,0.5946719171525542,149044,218668,18574314,64294118
Austria,2021-09-19,83242754,83242754,374322,https://www.sozialministerium.at/Informationen-zum-Coronavirus/Neuartiges-Coronavirus-(2019-nCov).html,18627104,64615650,102469,271853,0.7262544012908673,102469,271853,18676783,64565971
Austria,2021-09-20,83242754,83242754,0,https://www.sozialministerium.at/Informationen-zum-Coronavirus/Neuartiges-Coronavirus-(2019-nCov).html,18627104,64615650,0,0,0.7262544012908673,0,0,18676783,64565971
Austria,2021-09-21,83784581,83784581,541827,https://www.sozialministerium.at/Informationen-zum-Coronavirus/Neuartiges-Coronavirus-(2019-nCov).html,18780413,65004168,153309,388518,0.7170517526812064,153309,388518,18830092,64954489
Austria,2021-09-22,84232566,84232566,447985,https://www.sozialministerium.at/Informationen-zum-Coronavirus/Neuartiges-Coronavirus-(2019-nCov).html,19037811,65194755,257398,190587,0.425431655077737,257398,190587,19087490,65145076
Austria,2021-09-23,84729922,84729922,497356,https://www.sozialministerium.at/Informationen-zum-Coronavirus/Neuartiges-Coronavirus-(2019-nCov).html,19219531,65510391,181720,315636,0.6346279124007753,181720,315636,19269210,65460712
Austria,2021-09-24,85034047,85034047,304125,https://www.sozialministerium.at/Informationen-zum-Coronavirus/Neuartiges-Coronavirus-(2019-nCov).html,19360535,65673512,141004,163121,0.5363616933826552,141004,163121,19410214,65623833
Austria,2021-09-25,85386960,85386960,352913,https://www.sozialministerium.at/Informationen-zum-Coronavirus/Neuartiges-Coronavirus-(2019-nCov).html,19498963,65887997,138428,214485,0.6077560191888652,138428,214485,19548642,65838318
Austria,2021-09-26,85737129,85737129,350169,https://www.sozialministerium.at/Informationen-zum-Coronavirus/Neuartiges-Coronavirus-(2019-nCov).html,19598306,66138823,99343,250826,0.716299843789713,99343,250826,19647985,66089144
Austria,2021-09-27,86033575,86033575,296446,https://www.sozialministerium.at/Informationen-zum-Coronavirus/Neuartiges-Coronavirus-(2019-nCov).html,19676386,66357189,78080,218366,0.7366130762432281,78080,218366,19726065,66307510
Austria,2021-09-28,86391854,86391854,358279,https://www.sozialministerium.at/Informationen-zum-Coronavirus/Neuartiges-Coronavirus-(2019-nCov).html,19861284,66530570,184898,173381,0.48392733037660596,184898,173381,19910963,66480891
Austria,2021-09-29,86750951,86750951,359097,https://www.sozialministerium.at/Informationen-zum-Coronavirus/Neuartiges-Coronavirus-(2019-nCov).html,20013038,66737913,151754,207343,0.577401092184006,151754,207343,20062717,66688234
Austria,2021-09-30,87184819,87184819,433868,https://www.sozialministerium.at/Informationen-zum-Coronavirus/Neuartiges-Coronavirus-(2019-nCov).html,20170649,67014170,157611,276257,0.6367305263351988,157611,276257,20220328,66964491
Austria,2021-10-01,87475074,87475074,290255,https://www.sozialministerium.at/Informationen-zum-Coronavirus/Neuartiges-Coronavirus-(2019-nCov).html,20310712,67164362,140063,150192,0.5174484505004221,140063,150192,20360391,67114683
Austria,2021-10-02,87701064,87701064,225990,https://www.sozialministerium.at/Informationen-zum-Coronavirus/Neuartiges-Coronavirus-(2019-nCov).html,20344707,67356357,33995,191995,0.8495729899553077,33995,191995,20394386,67306678
Austria,2021-10-03,88109788,88109788,408724,https://www.sozialministerium.at/Informationen-zum-Coronavirus/Neuartiges-Coronavirus-(2019-nCov).html,20520420,67589368,175713,233011,0.5700937551991074,175713,233011,20570099,67539689
Austria,2021-10-04,88396908,88396908,287120,https://www.sozialministerium.at/Informationen-zum-Coronavirus/Neuartiges-Coronavirus-(2019-nCov).html,20605610,67791298,85190,201930,0.7032947896349958,85190,201930,20655289,67741619
Austria,2021-10-05,88762304,88762304,365396,https://www.sozialministerium.at/Informationen-zum-Coronavirus/Neuartiges-Coronavirus-(2019-nCov).html,20792459,67969845,186849,178547,0.48863972238338677,186849,178547,20842138,67920166
Austria,2021-10-06,89088903,89088903,326599,https://www.sozialministerium.at/Informationen-zum-Coronavirus/Neuartiges-Coronavirus-(2019-nCov).html,20951927,68136976,159468,167131,0.5117315117315118,159468,167131,21001606,68087297
Austria,2021-10-07,89521958,89521958,433055,https://www.sozialministerium.at/Informationen-zum-Coronavirus/Neuartiges-Coronavirus-(2019-nCov).html,21133061,68388897,181134,251921,0.5817298033737054,181134,251921,21182740,68339218
Austria,2021-10-08,89792069,89792069,270111,https://www.sozialministerium.at/Informationen-zum-Coronavirus/Neuartiges-Coronavirus-(2019-nCov).html,21270451,68521618,137390,132721,0.49135725683145076,137390,132721,21320130,68471939
Austria,2021-10-09,90079511,90079511,287442,https://www.sozialministerium.at/Informationen-zum-Coronavirus/Neuartiges-Coronavirus-(2019-nCov).html,21385815,68693696,115364,172078,0.5986529456377286,115364,172078,21435494,68644017
Austria,2021-10-10,90377770,90377770,298259,https://www.sozialministerium.at/Informationen-zum-Coronavirus/Neuartiges-Coronavirus-(2019-nCov).html,21483424,68894346,97609,200650,0.6727374530190203,97609,200650,21533103,68844667
Austria,2021-10-11,90613959,90613959,236189,https://www.sozialministerium.at/Informationen-zum-Coronavirus/Neuartiges-Coronavirus-(2019-nCov).html,21555013,69058946,71589,164600,0.6968995169123032,71589,164600,21604692,69009267
Austria,2021-10-12,90965763,90965763,351804,https://www.sozialministerium.at/Informationen-zum-Coronavirus/Neuartiges-Coronavirus-(2019-nCov).html,21749250,69216513,194237,157567,0.44788291207604236,194237,157567,21798929,69166834
Austria,2021-10-13,91294829,91294829,329066,https://www.sozialministerium.at/Informationen-zum-Coronavirus/Neuartiges-Coronavirus-(2019-nCov).html,21894404,69400425,145154,183912,0.5588909215780421,145154,183912,21944083,69350746
Austria,2021-10-14,91722270,91722270,427441,https://www.sozialministerium.at/Informationen-zum-Coronavirus/Neuartiges-Coronavirus-(2019-nCov).html,22081370,69640900,186966,240475,0.5625922641955264,186966,240475,22131049,69591221
Austria,2021-10-15,92003120,92003120,280850,https://www.sozialministerium.at/Informationen-zum-Coronavirus/Neuartiges-Coronavirus-(2019-nCov).html,22224468,69778652,143098,137752,0.4904824639487271,143098,137752,22274147,69728973
Austria,2021-10-16,92324938,92324938,321818,https://www.sozialministerium.at/Informationen-zum-Coronavirus/Neuartiges-Coronavirus-(2019-nCov).html,22371631,69953307,147163,174655,0.542713583454002,147163,174655,22421310,69903628
Austria,2021-10-17,92623066,92623066,298128,https://www.sozialministerium.at/Informationen-zum-Coronavirus/Neuartiges-Coronavirus-(2019-nCov).html,22481169,70141897,109538,188590,0.6325806365051253,109538,188590,22530848,70092218
Austria,2021-10-18,92871473,92871473,248407,https://www.sozialministerium.at/Informationen-zum-Coronavirus/Neuartiges-Coronavirus-(2019-nCov).html,22570416,70301057,89247,159160,0.6407226849484918,89247,159160,22620095,70251378
Austria,2021-10-19,93236363,93236363,364890,https://www.sozialministerium.at/Informationen-zum-Coronavirus/Neuartiges-Coronavirus-(2019-nCov).html,22785677,70450686,215261,149629,0.4100660473019266,215261,149629,22835356,70401007
Austria,2021-10-20,93571738,93571738,335375,https://www.sozialministerium.at/Informationen-zum-Coronavirus/Neuartiges-Coronavirus-(2019-nCov).html,22946490,70625248,160813,174562,0.5204979500559076,160813,174562,22996169,70575569
Austria,2021-10-21,94026903,94026903,455165,https://www.sozialministerium.at/Informationen-zum-Coronavirus/Neuartiges-Coronavirus-(2019-nCov).html,23135283,70891620,188793,266372,0.5852207441257566,188793,266372,23184962,70841941
Austria,2021-10-22,94311747,94311747,284844,https://www.sozialministerium.at/Informationen-zum-Coronavirus/Neuartiges-Coronavirus-(2019-nCov).html,23285657,71026090,150374,134470,0.4720829647105082,150374,134470,23335336,70976411
Austria,2021-10-23,94627736,94627736,315989,https://www.sozialministerium.at/Informationen-zum-Coronavirus/Neuartiges-Coronavirus-(2019-nCov).html,23429833,71197903,144176,171813,0.5437309526597445,144176,171813,23479512,71148224
Austria,2021-10-24,94941975,94941975,314239,https://www.sozialministerium.at/Informationen-zum-Coronavirus/Neuartiges-Coronavirus-(2019-nCov).html,23548245,71393730,118412,195827,0.6231785360824086,118412,195827,23597924,71344051
Austria,2021-10-25,95187771,95187771,245796,https://www.sozialministerium.at/Informationen-zum-Coronavirus/Neuartiges-Coronavirus-(2019-nCov).html,23632055,71555716,83810,161986,0.6590261843154486,83810,161986,23681734,71506037
Austria,2021-10-26,95541800,95541800,354029,https://www.sozialministerium.at/Informationen-zum-Coronavirus/Neuartiges-Coronavirus-(2019-nCov).html,23757849,71783951,125794,228235,0.6446788257459135,125794,228235,23807528,71734272
Austria,2021-10-27,95810399,95810399,268599,https://www.sozialministerium.at/Informationen-zum-Coronavirus/Neuartiges-Coronavirus-(2019-nCov).html,23853969,71956430,96120,172479,0.6421431204137023,96120,172479,23903648,71906751
Austria,2021-10-28,96262394,96262394,451995,https://www.sozialministerium.at/Informationen-zum-Coronavirus/Neuartiges-Coronavirus-(2019-nCov).html,24012013,72250381,158044,293951,0.6503412648370004,158044,293951,24061692,72200702
Austria,2021-10-29,96575321,96575321,312927,https://www.sozialministerium.at/Informationen-zum-Coronavirus/Neuartiges-Coronavirus-(2019-nCov).html,24161663,72413658,149650,163277,0.5217734487596148,149650,163277,24211342,72363979
Austria,2021-10-30,96913741,96913741,338420,https://www.sozialministerium.at/Informationen-zum-Coronavirus/Neuartiges-Coronavirus-(2019-nCov).html,24293773,72619968,132110,206310,0.6096270905974824,132110,206310,24343452,72570289
Austria,2021-10-31,97254602,97254602,340861,https://www.sozialministerium.at/Informationen-zum-Coronavirus/Neuartiges-Coronavirus-(2019-nCov).html,24437209,72817393,143436,197425,0.5791950384467569,143436,197425,24486888,72767714
Austria,2021-11-01,97531102,97531102,276500,https://www.sozialministerium.at/Informationen-zum-Coronavirus/Neuartiges-Coronavirus-(2019-nCov).html,24530486,73000616,93277,183223,0.6626509945750452,93277,183223,24580165,72950937
Austria,2021-11-02,97837484,97837484,306382,https://www.sozialministerium.at/Informationen-zum-Coronavirus/Neuartiges-Coronavirus-(2019-nCov).html,24634244,73203240,103758,202624,0.6613443348499586,103758,202624,24683923,73153561
Austria,2021-11-03,98418811,98418811,581327,https://www.sozialministerium.at/Informationen-zum-Coronavirus/Neuartiges-Coronavirus-(2019-nCov).html,24880213,73538598,245969,335358,0.5768835784334806,245969,335358,24929892,73488919
Austria,2021-11-04,98968990,98968990,550179,https://www.sozialministerium.at/Informationen-zum-Coronavirus/Neuartiges-Coronavirus-(2019-nCov).html,25167228,73801762,287015,263164,0.4783243271735199,287015,263164,25216907,73752083
Austria,2021-11-05,99442292,99442292,473302,https://www.sozialministerium.at/Informationen-zum-Coronavirus/Neuartiges-Coronavirus-(2019-nCov).html,25407430,74034862,240202,233100,0.4924973906723403,240202,233100,25457109,73985183
Austria,2021-11-06,99857207,99857207,414915,https://www.sozialministerium.at/Informationen-zum-Coronavirus/Neuartiges-Coronavirus-(2019-nCov).html,25593452,74263755,186022,228893,0.5516623886820192,186022,228893,25643131,74214076
Austria,2021-11-07,100254475,100254475,397268,https://www.sozialministerium.at/Informationen-zum-Coronavirus/Neuartiges-Coronavirus-(2019-nCov).html,25768640,74485835,175188,222080,0.5590180935791456,175188,222080,25818319,74436156
Austria,2021-11-08,100635445,100635445,380970,https://www.sozialministerium.at/Informationen-zum-Coronavirus/Neuartiges-Coronavirus-(2019-nCov).html,25969727,74665718,201087,179883,0.4721710370895346,201087,179883,26019406,74616039
Austria,2021-11-09,101090403,101090403,454958,https://www.sozialministerium.at/Informationen-zum-Coronavirus/Neuartiges-Coronavirus-(2019-nCov).html,26288086,74802317,318359,136599,0.30024529736810873,318359,136599,26337765,74752638
Austria,2021-11-10,101437402,101437402,346999,https://www.sozialministerium.at/Informationen-zum-Coronavirus/Neuartiges-Coronavirus-(2019-nCov).html,26563826,74906873,275740,104556,0.27493320992069337,251597,95402,26589362,74848040
Austria,2021-11-11,102163356,102163356,725954,https://www.sozialministerium.at/Informationen-zum-Coronavirus/Neuartiges-Coronavirus-(2019-nCov).html,26908209,75255147,344383,348274,0.502808749496504,360938,365016,26950300,75213056
Austria,2021-11-12,102608572,102608572,445216,https://www.sozialministerium.at/Informationen-zum-Coronavirus/Neuartiges-Coronavirus-(2019-nCov).html,27282494,75326078,374285,70931,0.15931817365054265,374285,70931,27324585,75283987
Austria,2021-11-13,102990106,102990106,381534,https://www.sozialministerium.at/Informationen-zum-Coronavirus/Neuartiges-Coronavirus-(2019-nCov).html,27597114,75392992,314620,66914,0.17538148631576742,314620,66914,27639205,75350901
Austria,2021-11-14,103313519,103313519,323413,https://www.sozialministerium.at/Informationen-zum-Coronavirus/Neuartiges-Coronavirus-(2019-nCov).html,27875091,75438428,277977,45436,0.14048909598562828,277977,45436,27917182,75396337
Austria,2021-11-15,103713317,103713317,399798,https://www.sozialministerium.at/Informationen-zum-Coronavirus/Neuartiges-Coronavirus-(2019-nCov).html,28226906,75486411,351815,47983,0.12001810914511829,351815,47983,28268997,75444320
Austria,2021-11-16,104177857,104177857,464540,https://www.sozialministerium.at/Informationen-zum-Coronavirus/Neuartiges-Coronavirus-(2019-nCov).html,28569475,75608382,342569,121971,0.26256296551427216,342569,121971,28611566,75566291
Austria,2021-11-17,104771291,104771291,593434,https://www.sozialministerium.at/Informationen-zum-Coronavirus/Neuartiges-Coronavirus-(2019-nCov).html,29038285,75733006,468810,124624,0.21000481940704444,468810,124624,29080376,75690915
Austria,2021-11-18,105325185,105325185,553894,https://www.sozialministerium.at/Informationen-zum-Coronavirus/Neuartiges-Coronavirus-(2019-nCov).html,29478390,75846795,440105,113789,0.2054346138430819,440105,113789,29520481,75804704
Austria,2021-11-19,105325185,105325185,0,https://www.sozialministerium.at/Informationen-zum-Coronavirus/Neuartiges-Coronavirus-(2019-nCov).html,29478390,75846795,0,0,0.2054346138430819,0,0,29520481,75804704
Austria,2021-11-20,105325185,105325185,0,https://www.sozialministerium.at/Informationen-zum-Coronavirus/Neuartiges-Coronavirus-(2019-nCov).html,30319444,75988557,841054,141762,0.14424063100315826,0,0,29520481,75804704
Austria,2021-11-21,106832204,106832204,1507019,https://www.sozialministerium.at/Informationen-zum-Coronavirus/Neuartiges-Coronavirus-(2019-nCov).html,30786950,76045254,467506,56697,0.10815848058862693,1344022,162997,30864503,75967701
Austria,2021-11-22,107187151,107187151,354947,https://www.sozialministerium.at/Informationen-zum-Coronavirus/Neuartiges-Coronavirus-(2019-nCov).html,31088788,76098363,301838,53109,0.1496251553048765,301838,53109,31166341,76020810
Austria,2021-11-23,107616106,107616106,428955,https://www.sozialministerium.at/Informationen-zum-Coronavirus/Neuartiges-Coronavirus-(2019-nCov).html,31431573,76184533,342785,86170,0.2008835425627397,342785,86170,31509126,76106980
Austria,2021-11-24,107984174,107984174,368068,https://www.sozialministerium.at/Informationen-zum-Coronavirus/Neuartiges-Coronavirus-(2019-nCov).html,31669407,76314767,237834,130234,0.35383135724920395,237834,130234,31746960,76237214
Austria,2021-11-25,108603828,108603828,619654,https://www.sozialministerium.at/Informationen-zum-Coronavirus/Neuartiges-Coronavirus-(2019-nCov).html,32162781,76441047,493374,126280,0.20379114796321818,493374,126280,32240334,76363494
Austria,2021-11-26,109210004,109210004,606176,https://www.sozialministerium.at/Informationen-zum-Coronavirus/Neuartiges-Coronavirus-(2019-nCov).html,32705015,76504989,542234,63942,0.10548421580531067,542234,63942,32782568,76427436
Austria,2021-11-27,109556932,109556932,346928,https://www.sozialministerium.at/Informationen-zum-Coronavirus/Neuartiges-Coronavirus-(2019-nCov).html,32995836,76561096,290821,56107,0.16172519946501868,290821,56107,33073389,76483543
Austria,2021-11-28,109825145,109825145,268213,https://www.sozialministerium.at/Informationen-zum-Coronavirus/Neuartiges-Coronavirus-(2019-nCov).html,33233851,76591294,238015,30198,0.1125896209355997,238015,30198,33311404,76513741
Austria,2021-11-29,109825145,109825145,0,https://www.sozialministerium.at/Informationen-zum-Coronavirus/Neuartiges-Coronavirus-(2019-nCov).html,33233851,76591294,0,0,0.1125896209355997,0,0,33311404,76513741
Austria,2021-11-30,110579782,110579782,754637,https://www.sozialministerium.at/Informationen-zum-Coronavirus/Neuartiges-Coronavirus-(2019-nCov).html,33869938,76709844,636087,118550,0.15709539818482263,636087,118550,33947491,76632291
Austria,2021-12-01,111071336,111071336,491554,https://www.sozialministerium.at/Informationen-zum-Coronavirus/Neuartiges-Coronavirus-(2019-nCov).html,34257724,76813612,387786,103768,0.21110193386687934,387786,103768,34335277,76736059
Austria,2021-12-02,111537645,111537645,466309,https://www.sozialministerium.at/Informationen-zum-Coronavirus/Neuartiges-Coronavirus-(2019-nCov).html,34643950,76893695,386226,80083,0.1717380535224497,386226,80083,34721503,76816142
Austria,2021-12-03,111937966,111937966,400321,https://www.sozialministerium.at/Informationen-zum-Coronavirus/Neuartiges-Coronavirus-(2019-nCov).html,34972626,76965340,328676,71645,0.17896887747582566,328676,71645,35050179,76887787
Austria,2021-12-04,112234412,112234412,296446,https://www.sozialministerium.at/Informationen-zum-Coronavirus/Neuartiges-Coronavirus-(2019-nCov).html,35225348,77009064,252722,43724,0.14749397866727837,252722,43724,35302901,76931511
Austria,2021-12-05,112526834,112526834,292422,https://www.sozialministerium.at/Informationen-zum-Coronavirus/Neuartiges-Coronavirus-(2019-nCov).html,35491592,77035242,266244,26178,0.08952130824630158,266244,26178,35569145,76957689
Austria,2021-12-06,112907381,112907381,380547,https://www.sozialministerium.at/Informationen-zum-Coronavirus/Neuartiges-Coronavirus-(2019-nCov).html,35758920,77148461,267328,113219,0.2975164697133337,267328,113219,35836473,77070908
Austria,2021-12-07,113295295,113295295,387914,https://www.sozialministerium.at/Informationen-zum-Coronavirus/Neuartiges-Coronavirus-(2019-nCov).html,36117620,77177675,358700,29214,0.0753105069680393,358700,29214,36195173,77100122
Austria,2021-12-08,113690976,113690976,395681,https://www.sozialministerium.at/Informationen-zum-Coronavirus/Neuartiges-Coronavirus-(2019-nCov).html,36423535,77267441,305915,89766,0.22686457019669887,305915,89766,36501088,77189888
Austria,2021-12-09,113992857,113992857,301881,https://www.sozialministerium.at/Informationen-zum-Coronavirus/Neuartiges-Coronavirus-(2019-nCov).html,36668963,77323894,245428,56453,0.18700415064214046,245428,56453,36746516,77246341
Austria,2021-12-10,114403886,114403886,411029,https://www.sozialministerium.at/Informationen-zum-Coronavirus/Neuartiges-Coronavirus-(2019-nCov).html,37042419,77361467,373456,37573,0.09141204148612385,373456,37573,37119972,77283914
Austria,2021-12-11,114668040,114668040,264154,https://www.sozialministerium.at/Informationen-zum-Coronavirus/Neuartiges-Coronavirus-(2019-nCov).html,37275407,77392633,232988,31166,0.11798420618275703,232988,31166,37352960,77315080
Austria,2021-12-12,114668040,114668040,0,https://www.sozialministerium.at/Informationen-zum-Coronavirus/Neuartiges-Coronavirus-(2019-nCov).html,37275407,77392633,0,0,0.11798420618275703,0,0,37352960,77315080
Austria,2021-12-13,115218023,115218023,549983,https://www.sozialministerium.at/Informationen-zum-Coronavirus/Neuartiges-Coronavirus-(2019-nCov).html,37759861,77458162,484454,65529,0.11914731909895397,484454,65529,37837414,77380609
Austria,2021-12-14,115678700,115678700,460677,https://www.sozialministerium.at/Informationen-zum-Coronavirus/Neuartiges-Coronavirus-(2019-nCov).html,38148627,77530073,388766,71911,0.15609852456276307,388766,71911,38226180,77452520
Austria,2021-12-15,116145233,116145233,466533,https://www.sozialministerium.at/Informationen-zum-Coronavirus/Neuartiges-Coronavirus-(2019-nCov).html,38511210,77634023,362583,103950,0.2228138202442271,362583,103950,38588763,77556470
Austria,2021-12-16,116555934,116555934,410701,https://www.sozialministerium.at/Informationen-zum-Coronavirus/Neuartiges-Coronavirus-(2019-nCov).html,38865972,77689962,354762,55939,0.1362037102417574,354762,55939,38943525,77612409
Austria,2021-12-17,116984758,116984758,428824,https://www.sozialministerium.at/Informationen-zum-Coronavirus/Neuartiges-Coronavirus-(2019-nCov).html,39250794,77733964,384822,44002,0.10261086133238811,384822,44002,39328347,77656411
Austria,2021-12-18,117317627,117317627,332869,https://www.sozialministerium.at/Informationen-zum-Coronavirus/Neuartiges-Coronavirus-(2019-nCov).html,39544038,77773589,293244,39625,0.11904082386764764,293244,39625,39621591,77696036
Austria,2021-12-19,117580481,117580481,262854,https://www.sozialministerium.at/Informationen-zum-Coronavirus/Neuartiges-Coronavirus-(2019-nCov).html,39778285,77802196,234247,28607,0.10883227951638552,234247,28607,39855838,77724643
Austria,2021-12-20,117832609,117832609,252128,https://www.sozialministerium.at/Informationen-zum-Coronavirus/Neuartiges-Coronavirus-(2019-nCov).html,39995455,77837154,217170,34958,0.13865179591318696,217170,34958,40073008,77759601
Austria,2021-12-21,118149583,118149583,316974,https://www.sozialministerium.at/Informationen-zum-Coronavirus/Neuartiges-Coronavirus-(2019-nCov).html,40243130,77906453,247675,69299,0.2186267643402929,247675,69299,40320683,77828900
Austria,2021-12-22,118688041,118688041,538458,https://www.sozialministerium.at/Informationen-zum-Coronavirus/Neuartiges-Coronavirus-(2019-nCov).html,40676214,78011827,433084,105374,0.19569585742992027,433084,105374,40753767,77934274
Austria,2021-12-23,119026243,119026243,338202,https://www.sozialministerium.at/Informationen-zum-Coronavirus/Neuartiges-Coronavirus-(2019-nCov).html,40955701,78070542,279487,58715,0.1736092631031159,279487,58715,41033254,77992989
Austria,2021-12-24,119534266,119534266,508023,https://www.sozialministerium.at/Informationen-zum-Coronavirus/Neuartiges-Coronavirus-(2019-nCov).html,41417390,78116876,461689,46334,0.09120453207827205,461689,46334,41494943,78039323
Austria,2021-12-25,119923778,119923778,389512,https://www.sozialministerium.at/Informationen-zum-Coronavirus/Neuartiges-Coronavirus-(2019-nCov).html,41767181,78156597,349791,39721,0.10197631908644664,349791,39721,41844734,78079044
Austria,2021-12-26,120214287,120214287,290509,https://www.sozialministerium.at/Informationen-zum-Coronavirus/Neuartiges-Coronavirus-(2019-nCov).html,42029290,78184997,262109,28400,0.09775944979329385,262109,28400,42106843,78107444
Austria,2021-12-27,120407619,120407619,193332,https://www.sozialministerium.at/Informationen-zum-Coronavirus/Neuartiges-Coronavirus-(2019-nCov).html,42196310,78211309,167020,26312,0.1360974903275195,167020,26312,42273863,78133756
Austria,2021-12-28,122603900,122603900,2196281,https://www.sozialministerium.at/Informationen-zum-Coronavirus/Neuartiges-Coronavirus-(2019-nCov).html,44034148,78569752,1837838,358443,0.16320452619678447,1837838,358443,44111701,78492199
Austria,2021-12-29,122921131,122921131,317231,https://www.sozialministerium.at/Informationen-zum-Coronavirus/Neuartiges-Coronavirus-(2019-nCov).html,44269499,78651632,235351,81880,0.25810844463498206,235351,81880,44347052,78574079
Austria,2021-12-30,123226848,123226848,305717,https://www.sozialministerium.at/Informationen-zum-Coronavirus/Neuartiges-Coronavirus-(2019-nCov).html,44516099,78710749,246600,59117,0.19337164763490416,246600,59117,44593652,78633196
Austria,2021-12-31,123579209,123579209,352361,https://www.sozialministerium.at/Informationen-zum-Coronavirus/Neuartiges-Coronavirus-(2019-nCov).html,44828594,78750615,312495,39866,0.11313964939366161,312495,39866,44906147,78673062
Austria,2022-01-01,123907877,123907877,328668,https://www.sozialministerium.at/Informationen-zum-Coronavirus/Neuartiges-Coronavirus-(2019-nCov).html,45120645,78787232,292051,36617,0.11141029853834264,292051,36617,45198198,78709679
Austria,2022-01-02,124106426,124106426,198549,https://www.sozialministerium.at/Informationen-zum-Coronavirus/Neuartiges-Coronavirus-(2019-nCov).html,45298027,78808399,177382,21167,0.106608444263129,177382,21167,45375580,78730846
Austria,2022-01-03,124304551,124304551,198125,https://www.sozialministerium.at/Informationen-zum-Coronavirus/Neuartiges-Coronavirus-(2019-nCov).html,45465114,78839437,167087,31038,0.15665867507886436,167087,31038,45542667,78761884
Austria,2022-01-04,124636283,124636283,331732,https://www.sozialministerium.at/Informationen-zum-Coronavirus/Neuartiges-Coronavirus-(2019-nCov).html,45700203,78936080,235089,96643,0.29132854231729227,235089,96643,45777756,78858527
Austria,2022-01-05,125206869,125206869,570586,https://www.sozialministerium.at/Informationen-zum-Coronavirus/Neuartiges-Coronavirus-(2019-nCov).html,46182917,79023952,482714,87872,0.15400307753782952,482714,87872,46260470,78946399
Austria,2022-01-06,125526389,125526389,319520,https://www.sozialministerium.at/Informationen-zum-Coronavirus/Neuartiges-Coronavirus-(2019-nCov).html,46455663,79070726,272746,46774,0.14638833249874814,272746,46774,46533216,78993173
Austria,2022-01-07,125857538,125857538,331149,https://www.sozialministerium.at/Informationen-zum-Coronavirus/Neuartiges-Coronavirus-(2019-nCov).html,46747037,79110501,291374,39775,0.120112094555623,291374,39775,46824590,79032948
Austria,2022-01-08,126329247,126329247,471709,https://www.sozialministerium.at/Informationen-zum-Coronavirus/Neuartiges-Coronavirus-(2019-nCov).html,47165979,79163268,418942,52767,0.11186345819138495,418942,52767,47243532,79085715
Austria,2022-01-09,126775946,126775946,446699,https://www.sozialministerium.at/Informationen-zum-Coronavirus/Neuartiges-Coronavirus-(2019-nCov).html,47556081,79219865,390102,56597,0.12670052988701563,390102,56597,47633634,79142312
Austria,2022-01-10,127304318,127304318,528372,https://www.sozialministerium.at/Informationen-zum-Coronavirus/Neuartiges-Coronavirus-(2019-nCov).html,48033555,79270763,477474,50898,0.09632985850877791,477474,50898,48111108,79193210
Austria,2022-01-11,127820079,127820079,515761,https://www.sozialministerium.at/Informationen-zum-Coronavirus/Neuartiges-Coronavirus-(2019-nCov).html,48465359,79354720,431804,83957,0.16278276178307394,431804,83957,48542912,79277167
Austria,2022-01-12,129290067,129290067,1469988,https://www.sozialministerium.at/Informationen-zum-Coronavirus/Neuartiges-Coronavirus-(2019-nCov).html,49369943,79920124,904584,565404,0.38463171127927576,904584,565404,49447496,79842571
Austria,2022-01-13,129772258,129772258,482191,https://www.sozialministerium.at/Informationen-zum-Coronavirus/Neuartiges-Coronavirus-(2019-nCov).html,49776491,79995767,406548,75643,0.15687352107359948,406548,75643,49854044,79918214
Austria,2022-01-14,130508707,130508707,736449,https://www.sozialministerium.at/Informationen-zum-Coronavirus/Neuartiges-Coronavirus-(2019-nCov).html,50405905,80102802,629414,107035,0.14533932424376977,629414,107035,50483458,80025249
Austria,2022-01-15,131008822,131008822,500115,https://www.sozialministerium.at/Informationen-zum-Coronavirus/Neuartiges-Coronavirus-(2019-nCov).html,50843574,80165248,437669,62446,0.1248632814452676,437669,62446,50921127,80087695
Austria,2022-01-16,131737166,131737166,728344,https://www.sozialministerium.at/Informationen-zum-Coronavirus/Neuartiges-Coronavirus-(2019-nCov).html,51231797,80505369,388223,340121,0.46697851564645276,388223,340121,51309350,80427816
Austria,2022-01-17,132190174,132190174,453008,https://www.sozialministerium.at/Informationen-zum-Coronavirus/Neuartiges-Coronavirus-(2019-nCov).html,51616998,80573176,385201,67807,0.14968168332568077,385201,67807,51694551,80495623
Austria,2022-01-18,132722605,132722605,532431,https://www.sozialministerium.at/Informationen-zum-Coronavirus/Neuartiges-Coronavirus-(2019-nCov).html,52062214,80660391,445216,87215,0.16380526302938783,445216,87215,52139767,80582838
Austria,2022-01-19,133564965,133564965,842360,https://www.sozialministerium.at/Informationen-zum-Coronavirus/Neuartiges-Coronavirus-(2019-nCov).html,52704463,80860502,642249,200111,0.23755995061493898,642249,200111,52782016,80782949
Austria,2022-01-20,133564965,133564965,0,https://www.sozialministerium.at/Informationen-zum-Coronavirus/Neuartiges-Coronavirus-(2019-nCov).html,52704463,80860502,0,0,0.23755995061493898,0,0,52782016,80782949
Austria,2022-01-21,133564965,133564965,0,https://www.sozialministerium.at/Informationen-zum-Coronavirus/Neuartiges-Coronavirus-(2019-nCov).html,52704463,80860502,0,0,0.23755995061493898,0,0,52782016,80782949
Austria,2022-01-22,133564965,133564965,0,https://www.sozialministerium.at/Informationen-zum-Coronavirus/Neuartiges-Coronavirus-(2019-nCov).html,52704463,80860502,0,0,0.23755995061493898,0,0,52782016,80782949
Austria,2022-01-23,136574442,136574442,3009477,https://www.sozialministerium.at/Informationen-zum-Coronavirus/Neuartiges-Coronavirus-(2019-nCov).html,54805779,81768663,2101316,908161,0.301767051218534,2101316,908161,54883332,81691110
Austria,2022-01-24,137032063,137032063,457621,https://www.sozialministerium.at/Informationen-zum-Coronavirus/Neuartiges-Coronavirus-(2019-nCov).html,55196421,81835642,390642,66979,0.146363475452394,390642,66979,55273974,81758089
Austria,2022-01-25,137566059,137566059,533996,https://www.sozialministerium.at/Informationen-zum-Coronavirus/Neuartiges-Coronavirus-(2019-nCov).html,55635532,81930527,439111,94885,0.17768859691832897,439111,94885,55713085,81852974
Austria,2022-01-26,138357196,138357196,791137,https://www.sozialministerium.at/Informationen-zum-Coronavirus/Neuartiges-Coronavirus-(2019-nCov).html,56291927,82065269,656395,134742,0.17031437033029678,656395,134742,56369480,81987716
Austria,2022-01-27,140092739,140092739,1735543,https://www.sozialministerium.at/Informationen-zum-Coronavirus/Neuartiges-Coronavirus-(2019-nCov).html,57155892,82936847,863965,871578,0.5021932617054143,863965,871578,57233445,82859294
Austria,2022-01-28,140794358,140794358,701619,https://www.sozialministerium.at/Informationen-zum-Coronavirus/Neuartiges-Coronavirus-(2019-nCov).html,57762681,83031677,606789,94830,0.13515882551641276,606789,94830,57840234,82954124
Austria,2022-01-29,141362492,141362492,568134,https://www.sozialministerium.at/Informationen-zum-Coronavirus/Neuartiges-Coronavirus-(2019-nCov).html,58256462,83106030,493781,74353,0.13087229421228092,493781,74353,58334015,83028477
Austria,2022-01-30,141788278,141788278,425786,https://www.sozialministerium.at/Informationen-zum-Coronavirus/Neuartiges-Coronavirus-(2019-nCov).html,58646309,83141969,389847,35939,0.08440625102751147,389847,35939,58723862,83064416
Austria,2022-01-31,142080341,142080341,292063,https://www.sozialministerium.at/Informationen-zum-Coronavirus/Neuartiges-Coronavirus-(2019-nCov).html,58893431,83186910,247122,44941,0.15387433533176062,247122,44941,58970984,83109357
Austria,2022-02-01,142789153,142789153,708812,https://www.sozialministerium.at/Informationen-zum-Coronavirus/Neuartiges-Coronavirus-(2019-nCov).html,59518654,83270499,625223,83589,0.11792830821148625,625223,83589,59596207,83192946
Austria,2022-02-02,142789153,142789153,0,https://www.sozialministerium.at/Informationen-zum-Coronavirus/Neuartiges-Coronavirus-(2019-nCov).html,59518654,83270499,0,0,0.11792830821148625,0,0,59596207,83192946
Austria,2022-02-03,142789153,142789153,0,https://www.sozialministerium.at/Informationen-zum-Coronavirus/Neuartiges-Coronavirus-(2019-nCov).html,59518654,83270499,0,0,0.11792830821148625,0,0,59596207,83192946
Austria,2022-02-04,142789153,142789153,0,https://www.sozialministerium.at/Informationen-zum-Coronavirus/Neuartiges-Coronavirus-(2019-nCov).html,59518654,83270499,0,0,0.11792830821148625,0,0,59596207,83192946
Austria,2022-02-05,142789153,142789153,0,https://www.sozialministerium.at/Informationen-zum-Coronavirus/Neuartiges-Coronavirus-(2019-nCov).html,59518654,83270499,0,0,0.11792830821148625,0,0,59596207,83192946
Austria,2022-02-06,142789153,142789153,0,https://www.sozialministerium.at/Informationen-zum-Coronavirus/Neuartiges-Coronavirus-(2019-nCov).html,59518654,83270499,0,0,0.11792830821148625,0,0,59596207,83192946
Austria,2022-02-07,142789153,142789153,0,https://www.sozialministerium.at/Informationen-zum-Coronavirus/Neuartiges-Coronavirus-(2019-nCov).html,59518654,83270499,0,0,0.11792830821148625,0,0,59596207,83192946
Colombia,2021-06-08,17625675,17625675,124171,https://infogram.com/panorama-general-1h7z2lgn3l9l4ow?live,11976902,5648773,196867,123640,0.3857638054707073,76270,47901,11976902,5648773
Colombia,2021-06-09,17799489,17799489,173814,https://infogram.com/panorama-general-1h7z2lgn3l9l4ow?live,11976902,5648773,0,0,0.3857638054707073,106763,67051,12083665,5715824
Colombia,2021-06-10,17799489,17799489,0,https://infogram.com/panorama-general-1h7z2lgn3l9l4ow?live,11976902,5648773,0,0,0.3857638054707073,0,0,12083665,5715824
Colombia,2021-06-11,17799489,17799489,0,https://infogram.com/panorama-general-1h7z2lgn3l9l4ow?live,12133538,5778507,156636,129734,0.45302929776163703,0,0,12083665,5715824
Colombia,2021-06-12,17799489,17799489,0,https://infogram.com/panorama-general-1h7z2lgn3l9l4ow?live,12133538,5778507,0,0,0.45302929776163703,0,0,12083665,5715824
Colombia,2021-06-13,18206556,18206556,407067,https://infogram.com/panorama-general-1h7z2lgn3l9l4ow?live,12237799,5876874,104261,98367,0.48545610675721024,209454,197613,12293119,5913437
Colombia,2021-06-14,18206556,18206556,0,https://infogram.com/panorama-general-1h7z2lgn3l9l4ow?live,12237799,5876874,0,0,0.48545610675721024,0,0,12293119,5913437
Colombia,2021-06-15,18340111,18340111,133555,https://infogram.com/panorama-general-1h7z2lgn3l9l4ow?live,12237799,5876874,0,0,0.48545610675721024,68720,64835,12361839,5978272
Colombia,2021-06-16,18340111,18340111,0,https://infogram.com/panorama-general-1h7z2lgn3l9l4ow?live,12386306,5953805,148507,76931,0.3412512531161561,0,0,12361839,5978272
Colombia,2021-06-17,18451017,18451017,110906,https://infogram.com/panorama-general-1h7z2lgn3l9l4ow?live,12450266,6000751,63960,46946,0.4232954033145186,63960,46946,12425799,6025218
Colombia,2021-06-18,18671429,18671429,220412,https://infogram.com/panorama-general-1h7z2lgn3l9l4ow?live,12450266,6000751,0,0,0.4232954033145186,127113,93299,12552912,6118517
Colombia,2021-06-19,18772724,18772724,101295,https://infogram.com/panorama-general-1h7z2lgn3l9l4ow?live,12450266,6000751,0,0,0.4232954033145186,58417,42878,12611329,6161395
Colombia,2021-06-20,18849191,18849191,76467,https://infogram.com/panorama-general-1h7z2lgn3l9l4ow?live,12450266,6000751,0,0,0.4232954033145186,44099,32368,12655428,6193763
Colombia,2021-06-21,18849191,18849191,0,https://infogram.com/panorama-general-1h7z2lgn3l9l4ow?live,12450266,6000751,0,0,0.4232954033145186,0,0,12655428,6193763
Colombia,2021-06-22,18929047,18929047,79856,https://infogram.com/panorama-general-1h7z2lgn3l9l4ow?live,12710986,6218061,260720,217310,0.45459489990167984,43554,36302,12698982,6230065
Colombia,2021-06-23,19040100,19040100,111053,https://infogram.com/panorama-general-1h7z2lgn3l9l4ow?live,12771176,6268924,60190,50863,0.45800653741907016,60190,50863,12759172,6280928
Colombia,2021-06-24,19168055,19168055,127955,https://infogram.com/panorama-general-1h7z2lgn3l9l4ow?live,12827165,6340890,55989,71966,0.5624321050369271,55989,71966,12815161,6352894
Colombia,2021-06-25,19409243,19409243,241188,https://infogram.com/panorama-general-1h7z2lgn3l9l4ow?live,12827165,6340890,0,0,0.5624321050369271,105536,135652,12920697,6488546
Colombia,2021-06-26,19519944,19519944,110701,https://infogram.com/panorama-general-1h7z2lgn3l9l4ow?live,12827165,6340890,0,0,0.5624321050369271,48439,62262,12969136,6550808
Colombia,2021-06-27,19519944,19519944,0,https://infogram.com/panorama-general-1h7z2lgn3l9l4ow?live,13014457,6505487,187292,164597,0.4677526151712614,0,0,12969136,6550808
Colombia,2021-06-28,19519944,19519944,0,https://infogram.com/panorama-general-1h7z2lgn3l9l4ow?live,13014457,6505487,0,0,0.4677526151712614,0,0,12969136,6550808
Colombia,2021-06-29,19822624,19822624,302680,https://infogram.com/panorama-general-1h7z2lgn3l9l4ow?live,13117346,6578319,102889,72832,0.41447521923959,177227,125453,13146363,6676261
Colombia,2021-06-30,19936910,19936910,114286,https://infogram.com/panorama-general-1h7z2lgn3l9l4ow?live,13182990,6639634,65644,61315,0.48295118896651673,59091,55195,13205454,6731456
Colombia,2021-07-01,20060182,20060182,123272,https://infogram.com/panorama-general-1h7z2lgn3l9l4ow?live,13182990,6639634,0,0,0.48295118896651673,63738,59534,13269192,6790990
Colombia,2021-07-02,20060182,20060182,0,https://infogram.com/panorama-general-1h7z2lgn3l9l4ow?live,13305465,6754717,122475,115083,0.4844416942388806,0,0,13269192,6790990
Colombia,2021-07-03,20060182,20060182,0,https://infogram.com/panorama-general-1h7z2lgn3l9l4ow?live,13305465,6754717,0,0,0.4844416942388806,0,0,13269192,6790990
Colombia,2021-07-04,20384649,20384649,324467,https://infogram.com/panorama-general-1h7z2lgn3l9l4ow?live,13419109,6863034,113644,108317,0.48800014416947124,166127,158340,13435319,6949330
Colombia,2021-07-05,20384649,20384649,0,https://infogram.com/panorama-general-1h7z2lgn3l9l4ow?live,13475059,6909590,55950,46556,0.4541782920024194,0,0,13435319,6949330
Colombia,2021-07-06,20384649,20384649,0,https://infogram.com/panorama-general-1h7z2lgn3l9l4ow?live,13513159,6921960,38100,12370,0.24509609669110363,0,0,13435319,6949330
Colombia,2021-07-07,20384649,20384649,0,https://infogram.com/panorama-general-1h7z2lgn3l9l4ow?live,13513159,6921960,0,0,0.24509609669110363,0,0,13435319,6949330
Colombia,2021-07-08,20384649,20384649,0,https://infogram.com/panorama-general-1h7z2lgn3l9l4ow?live,13513159,6921960,0,0,0.24509609669110363,0,0,13435319,6949330
Colombia,2021-07-09,20384649,20384649,0,https://infogram.com/panorama-general-1h7z2lgn3l9l4ow?live,13668071,7043858,154912,121898,0.44036703876305044,0,0,13435319,6949330
Colombia,2021-07-10,20384649,20384649,0,https://infogram.com/panorama-general-1h7z2lgn3l9l4ow?live,13732835,7095452,64764,51594,0.4434074150466663,0,0,13435319,6949330
Colombia,2021-07-11,20915420,20915420,530771,https://infogram.com/panorama-general-1h7z2lgn3l9l4ow?live,13775442,7139978,42607,44526,0.5110119013462179,259541,271230,13694860,7220560
Colombia,2021-07-12,20915420,20915420,0,https://infogram.com/panorama-general-1h7z2lgn3l9l4ow?live,13775442,7139978,0,0,0.5110119013462179,0,0,13694860,7220560
Colombia,2021-07-13,20915420,20915420,0,https://infogram.com/panorama-general-1h7z2lgn3l9l4ow?live,13869988,7190572,94546,50594,0.34858757062146895,0,0,13694860,7220560
Colombia,2021-07-14,20915420,20915420,0,https://infogram.com/panorama-general-1h7z2lgn3l9l4ow?live,13923043,7233440,53055,42868,0.446900117802821,0,0,13694860,7220560
Colombia,2021-07-15,20915420,20915420,0,https://infogram.com/panorama-general-1h7z2lgn3l9l4ow?live,13969656,7279768,46613,46328,0.4984667692407011,0,0,13694860,7220560
Colombia,2021-07-16,21345447,21345447,430027,https://infogram.com/panorama-general-1h7z2lgn3l9l4ow?live,14020615,7324832,50959,45064,0.4693042291950887,228214,201813,13923074,7422373
Colombia,2021-07-17,21439559,21439559,94112,https://infogram.com/panorama-general-1h7z2lgn3l9l4ow?live,14070940,7368619,50325,43787,0.46526479088745326,50325,43787,13973399,7466160
Colombia,2021-07-18,21532578,21532578,93019,https://infogram.com/panorama-general-1h7z2lgn3l9l4ow?live,14121319,7411259,50379,42640,0.4584009718444619,50379,42640,14023778,7508800
Colombia,2021-07-19,21612085,21612085,79507,https://infogram.com/panorama-general-1h7z2lgn3l9l4ow?live,14169064,7443021,47745,31762,0.39948683763693765,47745,31762,14071523,7540562
Colombia,2021-07-20,21744142,21744142,132057,https://infogram.com/panorama-general-1h7z2lgn3l9l4ow?live,14169064,7443021,0,0,0.39948683763693765,79302,52755,14150825,7593317
Colombia,2021-07-21,21744142,21744142,0,https://infogram.com/panorama-general-1h7z2lgn3l9l4ow?live,14169064,7443021,0,0,0.39948683763693765,0,0,14150825,7593317
Colombia,2021-07-22,21744142,21744142,0,https://infogram.com/panorama-general-1h7z2lgn3l9l4ow?live,14169064,7443021,0,0,0.39948683763693765,0,0,14150825,7593317
Colombia,2021-07-23,21744142,21744142,0,https://infogram.com/panorama-general-1h7z2lgn3l9l4ow?live,14169064,7443021,0,0,0.39948683763693765,0,0,14150825,7593317
Colombia,2021-07-24,21744142,21744142,0,https://infogram.com/panorama-general-1h7z2lgn3l9l4ow?live,14364811,7588536,195747,145515,0.4264025880408601,0,0,14150825,7593317
Colombia,2021-07-25,21744142,21744142,0,https://infogram.com/panorama-general-1h7z2lgn3l9l4ow?live,14364811,7588536,0,0,0.4264025880408601,0,0,14150825,7593317
Colombia,2021-07-26,22098977,22098977,354835,https://infogram.com/panorama-general-1h7z2lgn3l9l4ow?live,14442974,7656003,78163,67467,0.46327679736318067,190448,164387,14341273,7757704
Colombia,2021-07-27,22098977,22098977,0,https://infogram.com/panorama-general-1h7z2lgn3l9l4ow?live,14442974,7656003,0,0,0.46327679736318067,0,0,14341273,7757704
Colombia,2021-07-28,22098977,22098977,0,https://infogram.com/panorama-general-1h7z2lgn3l9l4ow?live,14442974,7656003,0,0,0.46327679736318067,0,0,14341273,7757704
Colombia,2021-07-29,22098977,22098977,0,https://infogram.com/panorama-general-1h7z2lgn3l9l4ow?live,14442974,7656003,0,0,0.46327679736318067,0,0,14341273,7757704
Colombia,2021-07-30,22098977,22098977,0,https://infogram.com/panorama-general-1h7z2lgn3l9l4ow?live,14442974,7656003,0,0,0.46327679736318067,0,0,14341273,7757704
Colombia,2021-07-31,22448016,22448016,349039,https://infogram.com/panorama-general-1h7z2lgn3l9l4ow?live,14625390,7822626,182416,166623,0.4773764536341211,182416,166623,14523689,7924327
Colombia,2021-08-01,22448016,22448016,0,https://infogram.com/panorama-general-1h7z2lgn3l9l4ow?live,14625390,7822626,0,0,0.4773764536341211,0,0,14523689,7924327
Colombia,2021-08-02,22609561,22609561,161545,https://infogram.com/panorama-general-1h7z2lgn3l9l4ow?live,14706998,7902563,81608,79937,0.4948280664830233,81608,79937,14605297,8004264
Colombia,2021-08-03,22609561,22609561,0,https://infogram.com/panorama-general-1h7z2lgn3l9l4ow?live,14706998,7902563,0,0,0.4948280664830233,0,0,14605297,8004264
Colombia,2021-08-04,22609561,22609561,0,https://infogram.com/panorama-general-1h7z2lgn3l9l4ow?live,14706998,7902563,0,0,0.4948280664830233,0,0,14605297,8004264
Colombia,2021-08-05,22609561,22609561,0,https://infogram.com/panorama-general-1h7z2lgn3l9l4ow?live,14706998,7902563,0,0,0.4948280664830233,0,0,14605297,8004264
Colombia,2021-08-06,22837298,22837298,227737,https://infogram.com/panorama-general-1h7z2lgn3l9l4ow?live,14827165,8010133,120167,107570,0.47234309752038534,120167,107570,14725464,8111834
Colombia,2021-08-07,22837298,22837298,0,https://infogram.com/panorama-general-1h7z2lgn3l9l4ow?live,14827165,8010133,0,0,0.47234309752038534,0,0,14725464,8111834
Colombia,2021-08-08,22837298,22837298,0,https://infogram.com/panorama-general-1h7z2lgn3l9l4ow?live,14827165,8010133,0,0,0.47234309752038534,0,0,14725464,8111834
Colombia,2021-08-09,22837298,22837298,0,https://infogram.com/panorama-general-1h7z2lgn3l9l4ow?live,14827165,8010133,0,0,0.47234309752038534,0,0,14725464,8111834
Colombia,2021-08-10,23060033,23060033,222735,https://infogram.com/panorama-general-1h7z2lgn3l9l4ow?live,14950830,8109203,123665,99070,0.4447886501896873,123665,99070,14849129,8210904
Colombia,2021-08-11,23113937,23113937,53904,https://infogram.com/panorama-general-1h7z2lgn3l9l4ow?live,14974564,8139373,23734,30170,0.5596987236568715,23734,30170,14872863,8241074
Colombia,2021-08-12,23172860,23172860,58923,https://infogram.com/panorama-general-1h7z2lgn3l9l4ow?live,15000118,8172742,25554,33369,0.566315360725014,25554,33369,14898417,8274443
Colombia,2021-08-13,23233309,23233309,60449,https://infogram.com/panorama-general-1h7z2lgn3l9l4ow?live,15028139,8205170,28021,32428,0.5364522159175503,28021,32428,14926438,8306871
Colombia,2021-08-14,23233309,23233309,0,https://infogram.com/panorama-general-1h7z2lgn3l9l4ow?live,15028139,8205170,0,0,0.5364522159175503,0,0,14926438,8306871
Colombia,2021-08-15,23233309,23233309,0,https://infogram.com/panorama-general-1h7z2lgn3l9l4ow?live,15028139,8205170,0,0,0.5364522159175503,0,0,14926438,8306871
Colombia,2021-08-16,23233309,23233309,0,https://infogram.com/panorama-general-1h7z2lgn3l9l4ow?live,15028139,8205170,0,0,0.5364522159175503,0,0,14926438,8306871
Colombia,2021-08-17,23479835,23479835,246526,https://infogram.com/panorama-general-1h7z2lgn3l9l4ow?live,15028139,8205170,0,0,0.5364522159175503,114277,132249,15040715,8439120
Colombia,2021-08-18,23530438,23530438,50603,https://infogram.com/panorama-general-1h7z2lgn3l9l4ow?live,15028139,8205170,0,0,0.5364522159175503,23457,27146,15064172,8466266
Colombia,2021-08-19,23587059,23587059,56621,https://infogram.com/panorama-general-1h7z2lgn3l9l4ow?live,15028139,8205170,0,0,0.5364522159175503,26247,30374,15090419,8496640
Colombia,2021-08-20,23647617,23647617,60558,https://infogram.com/panorama-general-1h7z2lgn3l9l4ow?live,15028139,8205170,0,0,0.5364522159175503,28072,32486,15118491,8529126
Colombia,2021-08-21,23701448,23701448,53831,https://infogram.com/panorama-general-1h7z2lgn3l9l4ow?live,15267093,8434355,238954,229185,0.48956613313567127,27477,26354,15145968,8555480
Colombia,2021-08-22,23754923,23754923,53475,https://infogram.com/panorama-general-1h7z2lgn3l9l4ow?live,15296483,8458440,29390,24085,0.4503973819541842,29390,24085,15175358,8579565
Colombia,2021-08-23,23754923,23754923,0,https://infogram.com/panorama-general-1h7z2lgn3l9l4ow?live,15296483,8458440,0,0,0.4503973819541842,0,0,15175358,8579565
Colombia,2021-08-24,23831605,23831605,76682,https://infogram.com/panorama-general-1h7z2lgn3l9l4ow?live,15296483,8458440,0,0,0.4503973819541842,42145,34537,15217503,8614102
Colombia,2021-08-25,23883552,23883552,51947,https://infogram.com/panorama-general-1h7z2lgn3l9l4ow?live,15296483,8458440,0,0,0.4503973819541842,28550,23397,15246053,8637499
Colombia,2021-08-26,23936680,23936680,53128,https://infogram.com/panorama-general-1h7z2lgn3l9l4ow?live,15392191,8544489,95708,86049,0.4734288087941592,27976,25152,15274029,8662651
Colombia,2021-08-27,23936680,23936680,0,https://infogram.com/panorama-general-1h7z2lgn3l9l4ow?live,15392191,8544489,0,0,0.4734288087941592,0,0,15274029,8662651
Colombia,2021-08-28,23936680,23936680,0,https://infogram.com/panorama-general-1h7z2lgn3l9l4ow?live,15421830,8570357,29639,25868,0.466031311366134,0,0,15274029,8662651
Colombia,2021-08-29,24043550,24043550,106870,https://infogram.com/panorama-general-1h7z2lgn3l9l4ow?live,15448348,8595202,26518,24845,0.48371395751805774,55175,51695,15329204,8714346
Colombia,2021-08-30,24121717,24121717,78167,https://infogram.com/panorama-general-1h7z2lgn3l9l4ow?live,15448348,8595202,0,0,0.48371395751805774,40357,37810,15369561,8752156
Colombia,2021-08-31,24169791,24169791,48074,https://infogram.com/panorama-general-1h7z2lgn3l9l4ow?live,15448348,8595202,0,0,0.48371395751805774,24820,23254,15394381,8775410
Colombia,2021-09-01,24217542,24217542,47751,https://infogram.com/panorama-general-1h7z2lgn3l9l4ow?live,15448348,8595202,0,0,0.48371395751805774,24653,23098,15419034,8798508
Colombia,2021-09-02,24217542,24217542,0,https://infogram.com/panorama-general-1h7z2lgn3l9l4ow?live,15541569,8675973,93221,80771,0.46422249298818336,0,0,15419034,8798508
Colombia,2021-09-03,24268743,24268743,51201,https://infogram.com/panorama-general-1h7z2lgn3l9l4ow?live,15568018,8700725,26449,24752,0.4834280580457413,26449,24752,15445483,8823260
Colombia,2021-09-04,24322614,24322614,53871,https://infogram.com/panorama-general-1h7z2lgn3l9l4ow?live,15598014,8724600,29996,23875,0.4431883573722411,29996,23875,15475479,8847135
Colombia,2021-09-05,24322614,24322614,0,https://infogram.com/panorama-general-1h7z2lgn3l9l4ow?live,15598014,8724600,0,0,0.4431883573722411,0,0,15475479,8847135
Colombia,2021-09-06,24322614,24322614,0,https://infogram.com/panorama-general-1h7z2lgn3l9l4ow?live,15598014,8724600,0,0,0.4431883573722411,0,0,15475479,8847135
Colombia,2021-09-07,24493353,24493353,170739,https://infogram.com/panorama-general-1h7z2lgn3l9l4ow?live,15598014,8724600,0,0,0.4431883573722411,95069,75670,15570548,8922805
Colombia,2021-09-08,24493353,24493353,0,https://infogram.com/panorama-general-1h7z2lgn3l9l4ow?live,15598014,8724600,0,0,0.4431883573722411,0,0,15570548,8922805
Colombia,2021-09-09,24493353,24493353,0,https://infogram.com/panorama-general-1h7z2lgn3l9l4ow?live,15598014,8724600,0,0,0.4431883573722411,0,0,15570548,8922805
Colombia,2021-09-10,24598042,24598042,104689,https://infogram.com/panorama-general-1h7z2lgn3l9l4ow?live,15737214,8860828,139200,136228,0.4946047605907896,52909,51780,15623457,8974585
Colombia,2021-09-11,24598042,24598042,0,https://infogram.com/panorama-general-1h7z2lgn3l9l4ow?live,15737214,8860828,0,0,0.4946047605907896,0,0,15623457,8974585
Colombia,2021-09-12,24598042,24598042,0,https://infogram.com/panorama-general-1h7z2lgn3l9l4ow?live,15791206,8901961,53992,41133,0.4324099868593955,0,0,15623457,8974585
Colombia,2021-09-13,24769016,24769016,170974,https://infogram.com/panorama-general-1h7z2lgn3l9l4ow?live,15839098,8929918,47892,27957,0.3685875884982004,107955,63019,15731412,9037604
Colombia,2021-09-14,24818784,24818784,49768,https://infogram.com/panorama-general-1h7z2lgn3l9l4ow?live,15839098,8929918,0,0,0.3685875884982004,31424,18344,15762836,9055948
Colombia,2021-09-15,24864504,24864504,45720,https://infogram.com/panorama-general-1h7z2lgn3l9l4ow?live,15879595,8984909,40497,54991,0.5758943532171582,19390,26330,15782226,9082278
Colombia,2021-09-16,24864504,24864504,0,https://infogram.com/panorama-general-1h7z2lgn3l9l4ow?live,15879595,8984909,0,0,0.5758943532171582,0,0,15782226,9082278
Colombia,2021-09-17,24864504,24864504,0,https://infogram.com/panorama-general-1h7z2lgn3l9l4ow?live,15879595,8984909,0,0,0.5758943532171582,0,0,15782226,9082278
Colombia,2021-09-18,24864504,24864504,0,https://infogram.com/panorama-general-1h7z2lgn3l9l4ow?live,15879595,8984909,0,0,0.5758943532171582,0,0,15782226,9082278
Colombia,2021-09-19,24864504,24864504,0,https://infogram.com/panorama-general-1h7z2lgn3l9l4ow?live,15959737,9051317,80142,66408,0.45314227226202664,0,0,15782226,9082278
Colombia,2021-09-20,24864504,24864504,0,https://infogram.com/panorama-general-1h7z2lgn3l9l4ow?live,15959737,9051317,0,0,0.45314227226202664,0,0,15782226,9082278
Colombia,2021-09-21,25085322,25085322,220818,https://infogram.com/panorama-general-1h7z2lgn3l9l4ow?live,16004322,9081000,44585,29683,0.3996741530672699,132563,88255,15914789,9170533
Colombia,2021-09-22,25135649,25135649,50327,https://infogram.com/panorama-general-1h7z2lgn3l9l4ow?live,16028313,9107336,23991,26336,0.52329763347706,23991,26336,15938780,9196869
Colombia,2021-09-23,25183060,25183060,47411,https://infogram.com/panorama-general-1h7z2lgn3l9l4ow?live,16047715,9135345,19402,28009,0.5907700744552952,19402,28009,15958182,9224878
Colombia,2021-09-24,25232844,25232844,49784,https://infogram.com/panorama-general-1h7z2lgn3l9l4ow?live,16076168,9156676,28453,21331,0.42847099469709143,28453,21331,15986635,9246209
Colombia,2021-09-25,25232844,25232844,0,https://infogram.com/panorama-general-1h7z2lgn3l9l4ow?live,16076168,9156676,0,0,0.42847099469709143,0,0,15986635,9246209
Colombia,2021-09-26,25232844,25232844,0,https://infogram.com/panorama-general-1h7z2lgn3l9l4ow?live,16076168,9156676,0,0,0.42847099469709143,0,0,15986635,9246209
Colombia,2021-09-27,25232844,25232844,0,https://infogram.com/panorama-general-1h7z2lgn3l9l4ow?live,16177875,9226695,101707,70019,0.40773674341683847,0,0,15986635,9246209
Colombia,2021-09-28,25404570,25404570,171726,https://infogram.com/panorama-general-1h7z2lgn3l9l4ow?live,16177875,9226695,0,0,0.40773674341683847,101707,70019,16088342,9316228
Colombia,2021-09-29,25404570,25404570,0,https://infogram.com/panorama-general-1h7z2lgn3l9l4ow?live,16177875,9226695,0,0,0.40773674341683847,0,0,16088342,9316228
Colombia,2021-09-30,25404570,25404570,0,https://infogram.com/panorama-general-1h7z2lgn3l9l4ow?live,16177875,9226695,0,0,0.40773674341683847,0,0,16088342,9316228
Colombia,2021-10-01,25404570,25404570,0,https://infogram.com/panorama-general-1h7z2lgn3l9l4ow?live,16177875,9226695,0,0,0.40773674341683847,0,0,16088342,9316228
Colombia,2021-10-02,25404570,25404570,0,https://infogram.com/panorama-general-1h7z2lgn3l9l4ow?live,16177875,9226695,0,0,0.40773674341683847,0,0,16088342,9316228
Colombia,2021-10-03,25404570,25404570,0,https://infogram.com/panorama-general-1h7z2lgn3l9l4ow?live,16317372,9353207,139497,126512,0.4755929310662421,0,0,16088342,9316228
Colombia,2021-10-04,25404570,25404570,0,https://infogram.com/panorama-general-1h7z2lgn3l9l4ow?live,16317372,9353207,0,0,0.4755929310662421,0,0,16088342,9316228
Colombia,2021-10-05,25404570,25404570,0,https://infogram.com/panorama-general-1h7z2lgn3l9l4ow?live,16317372,9353207,0,0,0.4755929310662421,0,0,16088342,9316228
Colombia,2021-10-06,25404570,25404570,0,https://infogram.com/panorama-general-1h7z2lgn3l9l4ow?live,16317372,9353207,0,0,0.4755929310662421,0,0,16088342,9316228
Colombia,2021-10-07,25404570,25404570,0,https://infogram.com/panorama-general-1h7z2lgn3l9l4ow?live,16384292,9411011,66920,57804,0.4634553093229852,0,0,16088342,9316228
Colombia,2021-10-08,25404570,25404570,0,https://infogram.com/panorama-general-1h7z2lgn3l9l4ow?live,16384292,9411011,0,0,0.4634553093229852,0,0,16088342,9316228
Colombia,2021-10-09,25404570,25404570,0,https://infogram.com/panorama-general-1h7z2lgn3l9l4ow?live,16384292,9411011,0,0,0.4634553093229852,0,0,16088342,9316228
Colombia,2021-10-10,25404570,25404570,0,https://infogram.com/panorama-general-1h7z2lgn3l9l4ow?live,16460865,9477637,76573,66626,0.46526861221097915,0,0,16088342,9316228
Colombia,2021-10-11,25404570,25404570,0,https://infogram.com/panorama-general-1h7z2lgn3l9l4ow?live,16460865,9477637,0,0,0.46526861221097915,0,0,16088342,9316228
Colombia,2021-10-12,25404570,25404570,0,https://infogram.com/panorama-general-1h7z2lgn3l9l4ow?live,16505652,9505479,44787,27842,0.38334549560093073,0,0,16088342,9316228
Colombia,2021-10-13,25404570,25404570,0,https://infogram.com/panorama-general-1h7z2lgn3l9l4ow?live,16505652,9505479,0,0,0.38334549560093073,0,0,16088342,9316228
Colombia,2021-10-14,25404570,25404570,0,https://infogram.com/panorama-general-1h7z2lgn3l9l4ow?live,16505652,9505479,0,0,0.38334549560093073,0,0,16088342,9316228
Colombia,2021-10-15,25404570,25404570,0,https://infogram.com/panorama-general-1h7z2lgn3l9l4ow?live,16569494,9579440,63842,73961,0.5367154561221453,0,0,16088342,9316228
Colombia,2021-10-16,25404570,25404570,0,https://infogram.com/panorama-general-1h7z2lgn3l9l4ow?live,16569494,9579440,0,0,0.5367154561221453,0,0,16088342,9316228
Colombia,2021-10-17,25404570,25404570,0,https://infogram.com/panorama-general-1h7z2lgn3l9l4ow?live,16569494,9579440,0,0,0.5367154561221453,0,0,16088342,9316228
Colombia,2021-10-18,25404570,25404570,0,https://infogram.com/panorama-general-1h7z2lgn3l9l4ow?live,16633143,9633857,63649,54417,0.46090322362068675,0,0,16088342,9316228
Colombia,2021-10-19,26295671,26295671,891101,https://infogram.com/panorama-general-1h7z2lgn3l9l4ow?live,16651483,9644188,18340,10331,0.3603292525548464,570011,321090,16658353,9637318
Colombia,2021-10-20,26358743,26358743,63072,https://infogram.com/panorama-general-1h7z2lgn3l9l4ow?live,16683112,9675631,31629,31443,0.4985254946727549,31629,31443,16689982,9668761
Colombia,2021-10-21,26358743,26358743,0,https://infogram.com/panorama-general-1h7z2lgn3l9l4ow?live,16683112,9675631,0,0,0.4985254946727549,0,0,16689982,9668761
Colombia,2021-10-22,26405615,26405615,46872,https://infogram.com/panorama-general-1h7z2lgn3l9l4ow?live,16704316,9701299,21204,25668,0.5476190476190477,21204,25668,16711186,9694429
Colombia,2021-10-23,26451223,26451223,45608,https://infogram.com/panorama-general-1h7z2lgn3l9l4ow?live,16728055,9723168,23739,21869,0.47949921066479567,23739,21869,16734925,9716298
Colombia,2021-10-24,26494409,26494409,43186,https://infogram.com/panorama-general-1h7z2lgn3l9l4ow?live,16750741,9743668,22686,20500,0.47469087204186544,22686,20500,16757611,9736798
Colombia,2021-10-25,26525120,26525120,30711,https://infogram.com/panorama-general-1h7z2lgn3l9l4ow?live,16770261,9754859,19520,11191,0.3643971215525382,19520,11191,16777131,9747989
Colombia,2021-10-26,26525120,26525120,0,https://infogram.com/panorama-general-1h7z2lgn3l9l4ow?live,16770261,9754859,0,0,0.3643971215525382,0,0,16777131,9747989
Colombia,2021-10-27,26525120,26525120,0,https://infogram.com/panorama-general-1h7z2lgn3l9l4ow?live,16837188,9813953,66927,59094,0.4689218463589402,0,0,16777131,9747989
Colombia,2021-10-28,26651141,26651141,126021,https://infogram.com/panorama-general-1h7z2lgn3l9l4ow?live,16837188,9813953,0,0,0.4689218463589402,66927,59094,16844058,9807083
Colombia,2021-10-29,26651141,26651141,0,https://infogram.com/panorama-general-1h7z2lgn3l9l4ow?live,16837188,9813953,0,0,0.4689218463589402,0,0,16844058,9807083
Colombia,2021-10-30,26651141,26651141,0,https://infogram.com/panorama-general-1h7z2lgn3l9l4ow?live,16884846,9857063,47658,43110,0.47494711792702277,0,0,16844058,9807083
Colombia,2021-10-31,26651141,26651141,0,https://infogram.com/panorama-general-1h7z2lgn3l9l4ow?live,16884846,9857063,0,0,0.47494711792702277,0,0,16844058,9807083
Colombia,2021-11-01,26845376,26845376,194235,https://infogram.com/panorama-general-1h7z2lgn3l9l4ow?live,16948159,9897217,63313,40154,0.38808508993205565,118855,75380,16962913,9882463
Colombia,2021-11-02,26871137,26871137,25761,https://infogram.com/panorama-general-1h7z2lgn3l9l4ow?live,16965222,9905915,17063,8698,0.33764217227592097,17063,8698,16979976,9891161
Colombia,2021-11-03,26871137,26871137,0,https://infogram.com/panorama-general-1h7z2lgn3l9l4ow?live,16965222,9905915,0,0,0.33764217227592097,0,0,16979976,9891161
Colombia,2021-11-04,26871137,26871137,0,https://infogram.com/panorama-general-1h7z2lgn3l9l4ow?live,16965222,9905915,0,0,0.33764217227592097,0,0,16979976,9891161
Colombia,2021-11-05,26871137,26871137,0,https://infogram.com/panorama-general-1h7z2lgn3l9l4ow?live,17002341,9950154,37119,44239,0.5437572211706286,0,0,16979976,9891161
Colombia,2021-11-06,26997594,26997594,126457,https://infogram.com/panorama-general-1h7z2lgn3l9l4ow?live,17026887,9970707,24546,20553,0.4557307257367126,68827,57630,17048803,9948791
Colombia,2021-11-07,27042399,27042399,44805,https://infogram.com/panorama-general-1h7z2lgn3l9l4ow?live,17051146,9991253,24259,20546,0.458564892311126,24259,20546,17073062,9969337
Colombia,2021-11-08,27073018,27073018,30619,https://infogram.com/panorama-general-1h7z2lgn3l9l4ow?live,17070134,10002884,18988,11631,0.3798621770795911,18988,11631,17092050,9980968
Colombia,2021-11-09,27119056,27119056,46038,https://infogram.com/panorama-general-1h7z2lgn3l9l4ow?live,17100065,10018991,29931,16107,0.3498631565228724,29931,16107,17121981,9997075
Colombia,2021-11-10,27164477,27164477,45421,https://infogram.com/panorama-general-1h7z2lgn3l9l4ow?live,17119880,10044597,19815,25606,0.5637480460579908,19815,25606,17141796,10022681
Colombia,2021-11-11,27210750,27210750,46273,https://infogram.com/panorama-general-1h7z2lgn3l9l4ow?live,17140547,10070203,20667,25606,0.5533680548051779,20667,25606,17162463,10048287
Colombia,2021-11-12,27210750,27210750,0,https://infogram.com/panorama-general-1h7z2lgn3l9l4ow?live,17140547,10070203,0,0,0.5533680548051779,0,0,17162463,10048287
Colombia,2021-11-13,27210750,27210750,0,https://infogram.com/panorama-general-1h7z2lgn3l9l4ow?live,17191138,10116308,50591,46105,0.47680359063456607,0,0,17162463,10048287
Colombia,2021-11-14,27210750,27210750,0,https://infogram.com/panorama-general-1h7z2lgn3l9l4ow?live,17191138,10116308,0,0,0.47680359063456607,0,0,17162463,10048287
Colombia,2021-11-15,27210750,27210750,0,https://infogram.com/panorama-general-1h7z2lgn3l9l4ow?live,17191138,10116308,0,0,0.47680359063456607,0,0,17162463,10048287
Colombia,2021-11-16,27429312,27429312,218562,https://infogram.com/panorama-general-1h7z2lgn3l9l4ow?live,17263770,10165542,72632,49234,0.4040011159798467,130263,88299,17292726,10136586
Colombia,2021-11-17,27429312,27429312,0,https://infogram.com/panorama-general-1h7z2lgn3l9l4ow?live,17263770,10165542,0,0,0.4040011159798467,0,0,17292726,10136586
Colombia,2021-11-18,27429312,27429312,0,https://infogram.com/panorama-general-1h7z2lgn3l9l4ow?live,17304882,10205570,41112,40028,0.4933201873305398,0,0,17292726,10136586
Colombia,2021-11-19,27557748,27557748,128436,https://infogram.com/panorama-general-1h7z2lgn3l9l4ow?live,17324487,10233261,19605,27691,0.5854829161028416,53239,75197,17345965,10211783
Colombia,2021-11-20,27610201,27610201,52453,https://infogram.com/panorama-general-1h7z2lgn3l9l4ow?live,17351513,10258688,27026,25427,0.48475778315825596,27026,25427,17372991,10237210
Colombia,2021-11-21,27610201,27610201,0,https://infogram.com/panorama-general-1h7z2lgn3l9l4ow?live,17351513,10258688,0,0,0.48475778315825596,0,0,17372991,10237210
Colombia,2021-11-22,27610201,27610201,0,https://infogram.com/panorama-general-1h7z2lgn3l9l4ow?live,17351513,10258688,0,0,0.48475778315825596,0,0,17372991,10237210
Colombia,2021-11-23,27788024,27788024,177823,https://infogram.com/panorama-general-1h7z2lgn3l9l4ow?live,17452443,10335581,100930,76893,0.43241312991007913,100930,76893,17473921,10314103
Colombia,2021-11-24,27788024,27788024,0,https://infogram.com/panorama-general-1h7z2lgn3l9l4ow?live,17452443,10335581,0,0,0.43241312991007913,0,0,17473921,10314103
Colombia,2021-11-25,27788024,27788024,0,https://infogram.com/panorama-general-1h7z2lgn3l9l4ow?live,17452443,10335581,0,0,0.43241312991007913,0,0,17473921,10314103
Colombia,2021-11-26,27891010,27891010,102986,https://infogram.com/panorama-general-1h7z2lgn3l9l4ow?live,17501090,10389920,48647,54339,0.5276348241508555,48647,54339,17522568,10368442
Colombia,2021-11-27,27891010,27891010,0,https://infogram.com/panorama-general-1h7z2lgn3l9l4ow?live,17501090,10389920,0,0,0.5276348241508555,0,0,17522568,10368442
Colombia,2021-11-28,28017929,28017929,126919,https://infogram.com/panorama-general-1h7z2lgn3l9l4ow?live,17573943,10443986,72853,54066,0.42598822871280106,72853,54066,17595421,10422508
Colombia,2021-11-29,28017929,28017929,0,https://infogram.com/panorama-general-1h7z2lgn3l9l4ow?live,17573943,10443986,0,0,0.42598822871280106,0,0,17595421,10422508
Colombia,2021-11-30,28017929,28017929,0,https://infogram.com/panorama-general-1h7z2lgn3l9l4ow?live,17573943,10443986,0,0,0.42598822871280106,0,0,17595421,10422508
Colombia,2021-12-01,28017929,28017929,0,https://infogram.com/panorama-general-1h7z2lgn3l9l4ow?live,17645170,10515535,71227,71549,0.5011276404998039,0,0,17595421,10422508
Colombia,2021-12-02,28160705,28160705,142776,https://infogram.com/panorama-general-1h7z2lgn3l9l4ow?live,17645170,10515535,0,0,0.5011276404998039,71227,71549,17666648,10494057
Colombia,2021-12-03,28258816,28258816,98111,https://infogram.com/panorama-general-1h7z2lgn3l9l4ow?live,17696244,10562572,51074,47037,0.4794263640162673,51074,47037,17717722,10541094
Colombia,2021-12-04,28258816,28258816,0,https://infogram.com/panorama-general-1h7z2lgn3l9l4ow?live,17696244,10562572,0,0,0.4794263640162673,0,0,17717722,10541094
Colombia,2021-12-05,28258816,28258816,0,https://infogram.com/panorama-general-1h7z2lgn3l9l4ow?live,17696244,10562572,0,0,0.4794263640162673,0,0,17717722,10541094
Colombia,2021-12-06,28330663,28330663,71847,https://infogram.com/panorama-general-1h7z2lgn3l9l4ow?live,17737950,10592713,41706,30141,0.41951647250407115,41706,30141,17759428,10571235
Colombia,2021-12-07,28382350,28382350,51687,https://infogram.com/panorama-general-1h7z2lgn3l9l4ow?live,17771216,10611134,33266,18421,0.3563952251049587,33266,18421,17792694,10589656
Colombia,2021-12-08,28382350,28382350,0,https://infogram.com/panorama-general-1h7z2lgn3l9l4ow?live,17771216,10611134,0,0,0.3563952251049587,0,0,17792694,10589656
Colombia,2021-12-09,28506132,28506132,123782,https://infogram.com/panorama-general-1h7z2lgn3l9l4ow?live,17833000,10673132,61784,61998,0.5008644229370991,61784,61998,17854478,10651654
Colombia,2021-12-10,28559483,28559483,53351,https://infogram.com/panorama-general-1h7z2lgn3l9l4ow?live,17859591,10699892,26591,26760,0.5015838503495718,26591,26760,17881069,10678414
Colombia,2021-12-11,28559483,28559483,0,https://infogram.com/panorama-general-1h7z2lgn3l9l4ow?live,17859591,10699892,0,0,0.5015838503495718,0,0,17881069,10678414
Colombia,2021-12-12,28587711,28587711,28228,https://infogram.com/panorama-general-1h7z2lgn3l9l4ow?live,17875093,10712618,15502,12726,0.45082896414907186,15502,12726,17896571,10691140
Colombia,2021-12-13,28684089,28684089,96378,https://infogram.com/panorama-general-1h7z2lgn3l9l4ow?live,17930020,10754069,54927,41451,0.4300877793687356,54927,41451,17951498,10732591
Colombia,2021-12-14,28684089,28684089,0,https://infogram.com/panorama-general-1h7z2lgn3l9l4ow?live,17930020,10754069,0,0,0.4300877793687356,0,0,17951498,10732591
Colombia,2021-12-15,28684089,28684089,0,https://infogram.com/panorama-general-1h7z2lgn3l9l4ow?live,17930020,10754069,0,0,0.4300877793687356,0,0,17951498,10732591
Colombia,2021-12-16,28830092,28830092,146003,https://infogram.com/panorama-general-1h7z2lgn3l9l4ow?live,17997849,10832243,67829,78174,0.5354273542324473,67829,78174,18019327,10810765
Colombia,2021-12-17,28830092,28830092,0,https://infogram.com/panorama-general-1h7z2lgn3l9l4ow?live,17997849,10832243,0,0,0.5354273542324473,0,0,18019327,10810765
Colombia,2021-12-18,28919466,28919466,89374,https://infogram.com/panorama-general-1h7z2lgn3l9l4ow?live,18046172,10873294,48323,41051,0.45931702732338264,48323,41051,18067650,10851816
Colombia,2021-12-19,28919466,28919466,0,https://infogram.com/panorama-general-1h7z2lgn3l9l4ow?live,18046172,10873294,0,0,0.45931702732338264,0,0,18067650,10851816
Colombia,2021-12-20,28919466,28919466,0,https://infogram.com/panorama-general-1h7z2lgn3l9l4ow?live,18046172,10873294,0,0,0.45931702732338264,0,0,18067650,10851816
Colombia,2021-12-21,28919466,28919466,0,https://infogram.com/panorama-general-1h7z2lgn3l9l4ow?live,18046172,10873294,0,0,0.45931702732338264,0,0,18067650,10851816
Colombia,2021-12-22,28919466,28919466,0,https://infogram.com/panorama-general-1h7z2lgn3l9l4ow?live,18046172,10873294,0,0,0.45931702732338264,0,0,18067650,10851816
Colombia,2021-12-23,28919466,28919466,0,https://infogram.com/panorama-general-1h7z2lgn3l9l4ow?live,18170624,10995461,124452,122167,0.49536734801454874,0,0,18067650,10851816
Colombia,2021-12-24,29195867,29195867,276401,https://infogram.com/panorama-general-1h7z2lgn3l9l4ow?live,18200406,10995461,29782,0,0,276401,0,18344051,10851816
Colombia,2021-12-25,29228550,29228550,32683,https://infogram.com/panorama-general-1h7z2lgn3l9l4ow?live,18200406,11028144,0,32683,1,0,32683,18344051,10884499
Colombia,2021-12-26,29255860,29255860,27310,https://infogram.com/panorama-general-1h7z2lgn3l9l4ow?live,18216336,11039524,15930,11380,0.4166971805199561,15930,11380,18359981,10895879
Colombia,2021-12-27,29313779,29313779,57919,https://infogram.com/panorama-general-1h7z2lgn3l9l4ow?live,18249365,11064414,33029,24890,0.4297380824945182,33029,24890,18393010,10920769
Colombia,2021-12-28,29352283,29352283,38504,https://infogram.com/panorama-general-1h7z2lgn3l9l4ow?live,18272063,11080220,22698,15806,0.41050280490338664,22698,15806,18415708,10936575
Colombia,2021-12-29,29352283,29352283,0,https://infogram.com/panorama-general-1h7z2lgn3l9l4ow?live,18272063,11080220,0,0,0.41050280490338664,0,0,18415708,10936575
Colombia,2021-12-30,29565827,29565827,213544,https://infogram.com/panorama-general-1h7z2lgn3l9l4ow?live,18320643,11159277,48580,79057,0.6193893620188503,81277,132267,18496985,11068842
Colombia,2021-12-31,29565827,29565827,0,https://infogram.com/panorama-general-1h7z2lgn3l9l4ow?live,18320643,11159277,0,0,0.6193893620188503,0,0,18496985,11068842
Colombia,2022-01-01,29565827,29565827,0,https://infogram.com/panorama-general-1h7z2lgn3l9l4ow?live,18385226,11237347,64583,78070,0.5472720517619678,0,0,18496985,11068842
Colombia,2022-01-02,29699775,29699775,133948,https://infogram.com/panorama-general-1h7z2lgn3l9l4ow?live,18420448,11279327,35222,41980,0.5437682961581306,61111,72837,18558096,11141679
Colombia,2022-01-03,29764087,29764087,64312,https://infogram.com/panorama-general-1h7z2lgn3l9l4ow?live,18454030,11310057,33582,30730,0.47782684413484267,33582,30730,18591678,11172409
Colombia,2022-01-04,29889802,29889802,125715,https://infogram.com/panorama-general-1h7z2lgn3l9l4ow?live,18511185,11378617,57155,68560,0.5453605377242174,57155,68560,18648833,11240969
Colombia,2022-01-05,29889802,29889802,0,https://infogram.com/panorama-general-1h7z2lgn3l9l4ow?live,18511185,11378617,0,0,0.5453605377242174,0,0,18648833,11240969
Colombia,2022-01-06,29980901,29980901,91099,https://infogram.com/panorama-general-1h7z2lgn3l9l4ow?live,18541568,11439333,30383,60716,0.6664837155182823,30383,60716,18679216,11301685
Colombia,2022-01-07,30077449,30077449,96548,https://infogram.com/panorama-general-1h7z2lgn3l9l4ow?live,18584169,11493280,42601,53947,0.5587583378216017,42601,53947,18721817,11355632
Colombia,2022-01-08,30077449,30077449,0,https://infogram.com/panorama-general-1h7z2lgn3l9l4ow?live,18584169,11493280,0,0,0.5587583378216017,0,0,18721817,11355632
Colombia,2022-01-09,30077449,30077449,0,https://infogram.com/panorama-general-1h7z2lgn3l9l4ow?live,18584169,11493280,0,0,0.5587583378216017,0,0,18721817,11355632
Colombia,2022-01-10,30077449,30077449,0,https://infogram.com/panorama-general-1h7z2lgn3l9l4ow?live,18584169,11493280,0,0,0.5587583378216017,0,0,18721817,11355632
Colombia,2022-01-11,30077449,30077449,0,https://infogram.com/panorama-general-1h7z2lgn3l9l4ow?live,18584169,11493280,0,0,0.5587583378216017,0,0,18721817,11355632
Colombia,2022-01-12,30077449,30077449,0,https://infogram.com/panorama-general-1h7z2lgn3l9l4ow?live,18840675,11745871,256506,252591,0.4961549567174821,0,0,18721817,11355632
Colombia,2022-01-13,30718358,30718358,640909,https://infogram.com/panorama-general-1h7z2lgn3l9l4ow?live,18908190,11810168,67515,64297,0.487793220647589,328278,312631,19050095,11668263
Colombia,2022-01-14,30718358,30718358,0,https://infogram.com/panorama-general-1h7z2lgn3l9l4ow?live,18908190,11810168,0,0,0.487793220647589,0,0,19050095,11668263
Colombia,2022-01-15,30718358,30718358,0,https://infogram.com/panorama-general-1h7z2lgn3l9l4ow?live,19003999,11928551,95809,118383,0.5526957122581609,0,0,19050095,11668263
Colombia,2022-01-16,30718358,30718358,0,https://infogram.com/panorama-general-1h7z2lgn3l9l4ow?live,19003999,11928551,0,0,0.5526957122581609,0,0,19050095,11668263
Colombia,2022-01-17,30718358,30718358,0,https://infogram.com/panorama-general-1h7z2lgn3l9l4ow?live,19069693,12001190,65694,72639,0.5251024701264341,0,0,19050095,11668263
Colombia,2022-01-18,31171683,31171683,453325,https://infogram.com/panorama-general-1h7z2lgn3l9l4ow?live,19125180,12046503,55487,45313,0.44953373015873016,249540,203785,19299635,11872048
Colombia,2022-01-19,31264531,31264531,92848,https://infogram.com/panorama-general-1h7z2lgn3l9l4ow?live,19167094,12097437,41914,50934,0.5485740134413235,41914,50934,19341549,11922982
Colombia,2022-01-20,31264531,31264531,0,https://infogram.com/panorama-general-1h7z2lgn3l9l4ow?live,19167094,12097437,0,0,0.5485740134413235,0,0,19341549,11922982
Colombia,2022-01-21,31264531,31264531,0,https://infogram.com/panorama-general-1h7z2lgn3l9l4ow?live,19167094,12097437,0,0,0.5485740134413235,0,0,19341549,11922982
Colombia,2022-01-22,31264531,31264531,0,https://infogram.com/panorama-general-1h7z2lgn3l9l4ow?live,19167094,12097437,0,0,0.5485740134413235,0,0,19341549,11922982
Colombia,2022-01-23,31264531,31264531,0,https://infogram.com/panorama-general-1h7z2lgn3l9l4ow?live,19167094,12097437,0,0,0.5485740134413235,0,0,19341549,11922982
Colombia,2022-01-24,31264531,31264531,0,https://infogram.com/panorama-general-1h7z2lgn3l9l4ow?live,19167094,12097437,0,0,0.5485740134413235,0,0,19341549,11922982
Colombia,2022-01-25,31736335,31736335,471804,https://infogram.com/panorama-general-1h7z2lgn3l9l4ow?live,19402847,12333488,235753,236051,0.5003158091071717,235753,236051,19577302,12159033
Colombia,2022-01-26,31736335,31736335,0,https://infogram.com/panorama-general-1h7z2lgn3l9l4ow?live,19402847,12333488,0,0,0.5003158091071717,0,0,19577302,12159033
Colombia,2022-01-27,31875825,31875825,139490,https://infogram.com/panorama-general-1h7z2lgn3l9l4ow?live,19463421,12412404,60574,78916,0.5657466485052692,60574,78916,19637876,12237949
Colombia,2022-01-28,31875825,31875825,0,https://infogram.com/panorama-general-1h7z2lgn3l9l4ow?live,19463421,12412404,0,0,0.5657466485052692,0,0,19637876,12237949
Colombia,2022-01-29,31875825,31875825,0,https://infogram.com/panorama-general-1h7z2lgn3l9l4ow?live,19463421,12412404,0,0,0.5657466485052692,0,0,19637876,12237949
Colombia,2022-01-30,31875825,31875825,0,https://infogram.com/panorama-general-1h7z2lgn3l9l4ow?live,19551988,12499304,88567,86900,0.4952498190542951,0,0,19637876,12237949
Colombia,2022-01-31,32157058,32157058,281233,https://infogram.com/panorama-general-1h7z2lgn3l9l4ow?live,19608974,12548084,56986,48780,0.46120681504453226,151526,129707,19789402,12367656
Colombia,2022-02-01,32157058,32157058,0,https://infogram.com/panorama-general-1h7z2lgn3l9l4ow?live,19608974,12548084,0,0,0.46120681504453226,0,0,19789402,12367656
Colombia,2022-02-02,32278055,32278055,120997,https://infogram.com/panorama-general-1h7z2lgn3l9l4ow?live,19652853,12625202,43879,77118,0.6373546451564914,43879,77118,19833281,12444774
Colombia,2022-02-03,32278055,32278055,0,https://infogram.com/panorama-general-1h7z2lgn3l9l4ow?live,19652853,12625202,0,0,0.6373546451564914,0,0,19833281,12444774
Colombia,2022-02-04,32278055,32278055,0,https://infogram.com/panorama-general-1h7z2lgn3l9l4ow?live,19652853,12625202,0,0,0.6373546451564914,0,0,19833281,12444774
Colombia,2022-02-05,32278055,32278055,0,https://infogram.com/panorama-general-1h7z2lgn3l9l4ow?live,19652853,12625202,0,0,0.6373546451564914,0,0,19833281,12444774
Colombia,2022-02-06,32278055,32278055,0,https://infogram.com/panorama-general-1h7z2lgn3l9l4ow?live,19652853,12625202,0,0,0.6373546451564914,0,0,19833281,12444774
Colombia,2022-02-07,32500240,32500240,222185,https://infogram.com/panorama-general-1h7z2lgn3l9l4ow?live,19764036,12736204,111183,111002,0.4995926817741972,111183,111002,19944464,12555776
Denmark,2021-05-28,54031318,54031318,680387,https://www.sst.dk/en/english/corona-eng/status-of-the-epidemic/covid-19-updates-statistics-and-charts,32494298,21537020,149048,531339,0.7809364376450462,149048,531339,32494298,21537020
Denmark,2021-05-29,54031318,54031318,0,https://www.sst.dk/en/english/corona-eng/status-of-the-epidemic/covid-19-updates-statistics-and-charts,32494298,21537020,0,0,0.7809364376450462,0,0,32494298,21537020
Denmark,2021-05-30,54031318,54031318,0,https://www.sst.dk/en/english/corona-eng/status-of-the-epidemic/covid-19-updates-statistics-and-charts,32494298,21537020,0,0,0.7809364376450462,0,0,32494298,21537020
Denmark,2021-05-31,55581321,55581321,1550003,https://www.sst.dk/en/english/corona-eng/status-of-the-epidemic/covid-19-updates-statistics-and-charts,32952067,22629254,457769,1092234,0.7046657329050331,457769,1092234,32952067,22629254
Denmark,2021-06-01,56243424,56243424,662103,https://www.sst.dk/en/english/corona-eng/status-of-the-epidemic/covid-19-updates-statistics-and-charts,33083579,23159845,131512,530591,0.8013722940388429,131512,530591,33083579,23159845
Denmark,2021-06-02,56790923,56790923,547499,https://www.sst.dk/en/english/corona-eng/status-of-the-epidemic/covid-19-updates-statistics-and-charts,33218652,23572271,135073,412426,0.7532908735906367,135073,412426,33218652,23572271
Denmark,2021-06-03,57304092,57304092,513169,https://www.sst.dk/en/english/corona-eng/status-of-the-epidemic/covid-19-updates-statistics-and-charts,33345460,23958632,126808,386361,0.7528923220225696,126808,386361,33345460,23958632
Denmark,2021-06-04,57966838,57966838,662746,https://www.sst.dk/en/english/corona-eng/status-of-the-epidemic/covid-19-updates-statistics-and-charts,33506621,24460217,161161,501585,0.7568284078666638,161161,501585,33506621,24460217
Denmark,2021-06-05,57966838,57966838,0,https://www.sst.dk/en/english/corona-eng/status-of-the-epidemic/covid-19-updates-statistics-and-charts,33506621,24460217,0,0,0.7568284078666638,0,0,33506621,24460217
Denmark,2021-06-06,57966838,57966838,0,https://www.sst.dk/en/english/corona-eng/status-of-the-epidemic/covid-19-updates-statistics-and-charts,33506621,24460217,0,0,0.7568284078666638,0,0,33506621,24460217
Denmark,2021-06-07,57966838,57966838,0,https://www.sst.dk/en/english/corona-eng/status-of-the-epidemic/covid-19-updates-statistics-and-charts,33506621,24460217,0,0,0.7568284078666638,0,0,33506621,24460217
Denmark,2021-06-08,57966838,57966838,0,https://www.sst.dk/en/english/corona-eng/status-of-the-epidemic/covid-19-updates-statistics-and-charts,33506621,24460217,0,0,0.7568284078666638,0,0,33506621,24460217
Denmark,2021-06-09,60390217,60390217,2423379,https://www.sst.dk/en/english/corona-eng/status-of-the-epidemic/covid-19-updates-statistics-and-charts,33506621,24460217,0,0,0.7568284078666638,589297,1834082,34095918,26294299
Denmark,2021-06-10,60390217,60390217,0,https://www.sst.dk/en/english/corona-eng/status-of-the-epidemic/covid-19-updates-statistics-and-charts,33506621,24460217,0,0,0.7568284078666638,0,0,34095918,26294299
Denmark,2021-06-11,60390217,60390217,0,https://www.sst.dk/en/english/corona-eng/status-of-the-epidemic/covid-19-updates-statistics-and-charts,34367324,27123750,860703,2663533,0.75577600365015285,0,0,34095918,26294299
Denmark,2021-06-12,61491074,61491074,1100857,https://www.sst.dk/en/english/corona-eng/status-of-the-epidemic/covid-19-updates-statistics-and-charts,34367324,27123750,0,0,0.75577600365015285,268856,832001,34364774,27126300
Denmark,2021-06-13,61491074,61491074,0,https://www.sst.dk/en/english/corona-eng/status-of-the-epidemic/covid-19-updates-statistics-and-charts,34367324,27123750,0,0,0.75577600365015285,0,0,34364774,27126300
Denmark,2021-06-14,61491074,61491074,0,https://www.sst.dk/en/english/corona-eng/status-of-the-epidemic/covid-19-updates-statistics-and-charts,34367324,27123750,0,0,0.75577600365015285,0,0,34364774,27126300
Denmark,2021-06-15,63242649,63242649,1751575,https://www.sst.dk/en/english/corona-eng/status-of-the-epidemic/covid-19-updates-statistics-and-charts,34367324,27123750,0,0,0.75577600365015285,427777,1323798,34792551,28450098
Denmark,2021-06-16,63242649,63242649,0,https://www.sst.dk/en/english/corona-eng/status-of-the-epidemic/covid-19-updates-statistics-and-charts,34367324,27123750,0,0,0.75577600365015285,0,0,34792551,28450098
Denmark,2021-06-17,63242649,63242649,0,https://www.sst.dk/en/english/corona-eng/status-of-the-epidemic/covid-19-updates-statistics-and-charts,34367324,27123750,0,0,0.75577600365015285,0,0,34792551,28450098
Denmark,2021-06-18,64564997,64564997,1322348,https://www.sst.dk/en/english/corona-eng/status-of-the-epidemic/covid-19-updates-statistics-and-charts,34367324,27123750,0,0,0.75577600365015285,322949,999399,35115500,29449497
Denmark,2021-06-19,64564997,64564997,0,https://www.sst.dk/en/english/corona-eng/status-of-the-epidemic/covid-19-updates-statistics-and-charts,34367324,27123750,0,0,0.75577600365015285,0,0,35115500,29449497
Denmark,2021-06-20,64564997,64564997,0,https://www.sst.dk/en/english/corona-eng/status-of-the-epidemic/covid-19-updates-statistics-and-charts,34367324,27123750,0,0,0.75577600365015285,0,0,35115500,29449497
Denmark,2021-06-21,64564997,64564997,0,https://www.sst.dk/en/english/corona-eng/status-of-the-epidemic/covid-19-updates-statistics-and-charts,34367324,27123750,0,0,0.75577600365015285,0,0,35115500,29449497
Denmark,2021-06-22,64564997,64564997,0,https://www.sst.dk/en/english/corona-eng/status-of-the-epidemic/covid-19-updates-statistics-and-charts,34367324,27123750,0,0,0.75577600365015285,0,0,35115500,29449497
Denmark,2021-06-23,64564997,64564997,0,https://www.sst.dk/en/english/corona-eng/status-of-the-epidemic/covid-19-updates-statistics-and-charts,34367324,27123750,0,0,0.75577600365015285,0,0,35115500,29449497
Denmark,2021-06-24,64564997,64564997,0,https://www.sst.dk/en/english/corona-eng/status-of-the-epidemic/covid-19-updates-statistics-and-charts,34367324,27123750,0,0,0.75577600365015285,0,0,35115500,29449497
Denmark,2021-06-25,64564997,64564997,0,https://www.sst.dk/en/english/corona-eng/status-of-the-epidemic/covid-19-updates-statistics-and-charts,34367324,27123750,0,0,0.75577600365015285,0,0,35115500,29449497
Denmark,2021-06-26,64564997,64564997,0,https://www.sst.dk/en/english/corona-eng/status-of-the-epidemic/covid-19-updates-statistics-and-charts,34367324,27123750,0,0,0.75577600365015285,0,0,35115500,29449497
Denmark,2021-06-27,64564997,64564997,0,https://www.sst.dk/en/english/corona-eng/status-of-the-epidemic/covid-19-updates-statistics-and-charts,34367324,27123750,0,0,0.75577600365015285,0,0,35115500,29449497
Denmark,2021-06-28,64564997,64564997,0,https://www.sst.dk/en/english/corona-eng/status-of-the-epidemic/covid-19-updates-statistics-and-charts,34367324,27123750,0,0,0.75577600365015285,0,0,35115500,29449497
Denmark,2021-06-29,68352554,68352554,3787557,https://www.sst.dk/en/english/corona-eng/status-of-the-epidemic/covid-19-updates-statistics-and-charts,34367324,27123750,0,0,0.75577600365015285,925012,2862545,36040512,32312042
Denmark,2021-06-30,68626438,68626438,273884,https://www.sst.dk/en/english/corona-eng/status-of-the-epidemic/covid-19-updates-statistics-and-charts,34367324,27123750,0,0,0.75577600365015285,66889,206995,36107401,32519037
Denmark,2021-07-01,68936564,68936564,310126,https://www.sst.dk/en/english/corona-eng/status-of-the-epidemic/covid-19-updates-statistics-and-charts,34367324,27123750,0,0,0.75577600365015285,75740,234386,36183141,32753423
Denmark,2021-07-02,69269798,69269798,333234,https://www.sst.dk/en/english/corona-eng/status-of-the-epidemic/covid-19-updates-statistics-and-charts,34367324,27123750,0,0,0.75577600365015285,81384,251850,36264525,33005273
Denmark,2021-07-03,69269798,69269798,0,https://www.sst.dk/en/english/corona-eng/status-of-the-epidemic/covid-19-updates-statistics-and-charts,34367324,27123750,0,0,0.75577600365015285,0,0,36264525,33005273
Denmark,2021-07-04,70173771,70173771,903973,https://www.sst.dk/en/english/corona-eng/status-of-the-epidemic/covid-19-updates-statistics-and-charts,34367324,27123750,0,0,0.75577600365015285,220772,683201,36485297,33688474
Denmark,2021-07-05,70173771,70173771,0,https://www.sst.dk/en/english/corona-eng/status-of-the-epidemic/covid-19-updates-statistics-and-charts,36486509,33687262,2119185,6563512,0.7559300986778648,0,0,36485297,33688474
Denmark,2021-07-06,70459370,70459370,285599,https://www.sst.dk/en/english/corona-eng/status-of-the-epidemic/covid-19-updates-statistics-and-charts,36570384,33888986,83875,201724,0.7063189997163856,83875,201724,36569172,33890198
Denmark,2021-07-07,70738749,70738749,279379,https://www.sst.dk/en/english/corona-eng/status-of-the-epidemic/covid-19-updates-statistics-and-charts,36667410,34071339,97026,182353,0.6527083281134229,97026,182353,36666198,34072551
Denmark,2021-07-08,71023550,71023550,284801,https://www.sst.dk/en/english/corona-eng/status-of-the-epidemic/covid-19-updates-statistics-and-charts,36759079,34264471,91669,193132,0.678129641398731,91669,193132,36757867,34265683
Denmark,2021-07-09,71287411,71287411,263861,https://www.sst.dk/en/english/corona-eng/status-of-the-epidemic/covid-19-updates-statistics-and-charts,36859809,34427602,100730,163131,0.6182459704162419,100730,163131,36858597,34428814
Denmark,2021-07-10,71287411,71287411,0,https://www.sst.dk/en/english/corona-eng/status-of-the-epidemic/covid-19-updates-statistics-and-charts,36859809,34427602,0,0,0.6182459704162419,0,0,36858597,34428814
Denmark,2021-07-11,71287411,71287411,0,https://www.sst.dk/en/english/corona-eng/status-of-the-epidemic/covid-19-updates-statistics-and-charts,36859809,34427602,0,0,0.6182459704162419,0,0,36858597,34428814
Denmark,2021-07-12,72116053,72116053,828642,https://www.sst.dk/en/english/corona-eng/status-of-the-epidemic/covid-19-updates-statistics-and-charts,37155275,34960778,295466,533176,0.6434334730800515,295466,533176,37154063,34961990
Denmark,2021-07-13,72363056,72363056,247003,https://www.sst.dk/en/english/corona-eng/status-of-the-epidemic/covid-19-updates-statistics-and-charts,37238976,35124080,83701,163302,0.6611336704412497,83701,163302,37237764,35125292
Denmark,2021-07-14,72592425,72592425,229369,https://www.sst.dk/en/english/corona-eng/status-of-the-epidemic/covid-19-updates-statistics-and-charts,37322018,35270407,83042,146327,0.6379545622991774,83042,146327,37320806,35271619
Denmark,2021-07-15,72810136,72810136,217711,https://www.sst.dk/en/english/corona-eng/status-of-the-epidemic/covid-19-updates-statistics-and-charts,37403303,35406833,81285,136426,0.6266380660600521,81285,136426,37402091,35408045
Denmark,2021-07-16,73049472,73049472,239336,https://www.sst.dk/en/english/corona-eng/status-of-the-epidemic/covid-19-updates-statistics-and-charts,37491338,35558134,88035,151301,0.6321698365477822,88035,151301,37490126,35559346
Denmark,2021-07-17,73049472,73049472,0,https://www.sst.dk/en/english/corona-eng/status-of-the-epidemic/covid-19-updates-statistics-and-charts,37491338,35558134,0,0,0.6321698365477822,0,0,37490126,35559346
Denmark,2021-07-18,73049472,73049472,0,https://www.sst.dk/en/english/corona-eng/status-of-the-epidemic/covid-19-updates-statistics-and-charts,37491338,35558134,0,0,0.6321698365477822,0,0,37490126,35559346
Denmark,2021-07-19,73782742,73782742,733270,https://www.sst.dk/en/english/corona-eng/status-of-the-epidemic/covid-19-updates-statistics-and-charts,37772813,36009929,281475,451795,0.6161373027670571,281475,451795,37771601,36011141
Denmark,2021-07-20,74022609,74022609,239867,https://www.sst.dk/en/english/corona-eng/status-of-the-epidemic/covid-19-updates-statistics-and-charts,37857162,36165447,84349,155518,0.6483509611576416,84349,155518,37855950,36166659
Denmark,2021-07-21,74244457,74244457,221848,https://www.sst.dk/en/english/corona-eng/status-of-the-epidemic/covid-19-updates-statistics-and-charts,37933012,36311445,75850,145998,0.6580992391186758,75850,145998,37931800,36312657
Denmark,2021-07-22,74452907,74452907,208450,https://www.sst.dk/en/english/corona-eng/status-of-the-epidemic/covid-19-updates-statistics-and-charts,38004316,36448591,71304,137146,0.6579323578795875,71304,137146,38003104,36449803
Denmark,2021-07-23,74636200,74636200,183293,https://www.sst.dk/en/english/corona-eng/status-of-the-epidemic/covid-19-updates-statistics-and-charts,38078186,36558014,73870,109423,0.596984063766756,73870,109423,38076974,36559226
Denmark,2021-07-24,74636200,74636200,0,https://www.sst.dk/en/english/corona-eng/status-of-the-epidemic/covid-19-updates-statistics-and-charts,38078186,36558014,0,0,0.596984063766756,0,0,38076974,36559226
Denmark,2021-07-25,74636200,74636200,0,https://www.sst.dk/en/english/corona-eng/status-of-the-epidemic/covid-19-updates-statistics-and-charts,38078186,36558014,0,0,0.596984063766756,0,0,38076974,36559226
Denmark,2021-07-26,75270302,75270302,634102,https://www.sst.dk/en/english/corona-eng/status-of-the-epidemic/covid-19-updates-statistics-and-charts,38288367,36981935,210181,423921,0.6685375538951147,210181,423921,38287155,36983147
Denmark,2021-07-27,75449697,75449697,179395,https://www.sst.dk/en/english/corona-eng/status-of-the-epidemic/covid-19-updates-statistics-and-charts,38334689,37115008,46322,133073,0.7417876752417849,46322,133073,38333477,37116220
Denmark,2021-07-28,75645631,75645631,195934,https://www.sst.dk/en/english/corona-eng/status-of-the-epidemic/covid-19-updates-statistics-and-charts,38414984,37230647,80295,115639,0.5901936366327437,80295,115639,38413772,37231859
Denmark,2021-07-29,75817747,75817747,172116,https://www.sst.dk/en/english/corona-eng/status-of-the-epidemic/covid-19-updates-statistics-and-charts,38471352,37346395,56368,115748,0.6724999418996491,56368,115748,38470140,37347607
Denmark,2021-07-30,76015954,76015954,198207,https://www.sst.dk/en/english/corona-eng/status-of-the-epidemic/covid-19-updates-statistics-and-charts,38544678,37471276,73326,124881,0.6300534289909034,73326,124881,38543466,37472488
Denmark,2021-07-31,76015954,76015954,0,https://www.sst.dk/en/english/corona-eng/status-of-the-epidemic/covid-19-updates-statistics-and-charts,38544678,37471276,0,0,0.6300534289909034,0,0,38543466,37472488
Denmark,2021-08-01,76015954,76015954,0,https://www.sst.dk/en/english/corona-eng/status-of-the-epidemic/covid-19-updates-statistics-and-charts,38544678,37471276,0,0,0.6300534289909034,0,0,38543466,37472488
Denmark,2021-08-02,76573206,76573206,557252,https://www.sst.dk/en/english/corona-eng/status-of-the-epidemic/covid-19-updates-statistics-and-charts,38739573,37833633,194895,362357,0.6502569753002232,194895,362357,38738361,37834845
Denmark,2021-08-03,76724043,76724043,150837,https://www.sst.dk/en/english/corona-eng/status-of-the-epidemic/covid-19-updates-statistics-and-charts,38791426,37932617,51853,98984,0.6562315612217161,51853,98984,38790214,37933829
Denmark,2021-08-04,76867135,76867135,143092,https://www.sst.dk/en/english/corona-eng/status-of-the-epidemic/covid-19-updates-statistics-and-charts,38847576,38019559,56150,86942,0.6075951136331871,56150,86942,38846364,38020771
Denmark,2021-08-05,77002601,77002601,135466,https://www.sst.dk/en/english/corona-eng/status-of-the-epidemic/covid-19-updates-statistics-and-charts,38901210,38101391,53634,81832,0.6040777759733069,53634,81832,38899998,38102603
Denmark,2021-08-06,77154338,77154338,151737,https://www.sst.dk/en/english/corona-eng/status-of-the-epidemic/covid-19-updates-statistics-and-charts,38961307,38193031,60097,91640,0.6039397114744591,60097,91640,38960095,38194243
Denmark,2021-08-07,77154338,77154338,0,https://www.sst.dk/en/english/corona-eng/status-of-the-epidemic/covid-19-updates-statistics-and-charts,38961307,38193031,0,0,0.6039397114744591,0,0,38960095,38194243
Denmark,2021-08-08,77154338,77154338,0,https://www.sst.dk/en/english/corona-eng/status-of-the-epidemic/covid-19-updates-statistics-and-charts,38961307,38193031,0,0,0.6039397114744591,0,0,38960095,38194243
Denmark,2021-08-09,77666455,77666455,512117,https://www.sst.dk/en/english/corona-eng/status-of-the-epidemic/covid-19-updates-statistics-and-charts,39159198,38507257,197891,314226,0.6135824430745318,197891,314226,39157986,38508469
Denmark,2021-08-10,77666455,77666455,0,https://www.sst.dk/en/english/corona-eng/status-of-the-epidemic/covid-19-updates-statistics-and-charts,39159198,38507257,0,0,0.6135824430745318,0,0,39157986,38508469
Denmark,2021-08-11,77964528,77964528,298073,https://www.sst.dk/en/english/corona-eng/status-of-the-epidemic/covid-19-updates-statistics-and-charts,39281517,38683011,122319,175754,0.5896340829259946,122319,175754,39280305,38684223
Denmark,2021-08-12,78100144,78100144,135616,https://www.sst.dk/en/english/corona-eng/status-of-the-epidemic/covid-19-updates-statistics-and-charts,39338589,38761555,57072,78544,0.5791647003303445,57072,78544,39337377,38762767
Denmark,2021-08-13,78262897,78262897,162753,https://www.sst.dk/en/english/corona-eng/status-of-the-epidemic/covid-19-updates-statistics-and-charts,39401498,38861399,62909,99844,0.6134694905777467,62909,99844,39400286,38862611
Denmark,2021-08-14,78262897,78262897,0,https://www.sst.dk/en/english/corona-eng/status-of-the-epidemic/covid-19-updates-statistics-and-charts,39401498,38861399,0,0,0.6134694905777467,0,0,39400286,38862611
Denmark,2021-08-15,78262897,78262897,0,https://www.sst.dk/en/english/corona-eng/status-of-the-epidemic/covid-19-updates-statistics-and-charts,39401498,38861399,0,0,0.6134694905777467,0,0,39400286,38862611
Denmark,2021-08-16,78723381,78723381,460484,https://www.sst.dk/en/english/corona-eng/status-of-the-epidemic/covid-19-updates-statistics-and-charts,39584990,39138391,183492,276992,0.6015236142841011,183492,276992,39583778,39139603
Denmark,2021-08-17,78870933,78870933,147552,https://www.sst.dk/en/english/corona-eng/status-of-the-epidemic/covid-19-updates-statistics-and-charts,39640865,39230068,55875,91677,0.6213199414443722,55875,91677,39639653,39231280
Denmark,2021-08-18,79031383,79031383,160450,https://www.sst.dk/en/english/corona-eng/status-of-the-epidemic/covid-19-updates-statistics-and-charts,39715289,39316094,74424,86026,0.5361545652851356,74424,86026,39714077,39317306
Denmark,2021-08-19,79179355,79179355,147972,https://www.sst.dk/en/english/corona-eng/status-of-the-epidemic/covid-19-updates-statistics-and-charts,39784158,39395197,68869,79103,0.5345808666504474,68869,79103,39782946,39396409
Denmark,2021-08-20,79350988,79350988,171633,https://www.sst.dk/en/english/corona-eng/status-of-the-epidemic/covid-19-updates-statistics-and-charts,39856392,39494596,72234,99399,0.5791368792714687,72234,99399,39855180,39495808
Denmark,2021-08-21,79350988,79350988,0,https://www.sst.dk/en/english/corona-eng/status-of-the-epidemic/covid-19-updates-statistics-and-charts,39856392,39494596,0,0,0.5791368792714687,0,0,39855180,39495808
Denmark,2021-08-22,79350988,79350988,0,https://www.sst.dk/en/english/corona-eng/status-of-the-epidemic/covid-19-updates-statistics-and-charts,39856392,39494596,0,0,0.5791368792714687,0,0,39855180,39495808
Denmark,2021-08-23,79807831,79807831,456843,https://www.sst.dk/en/english/corona-eng/status-of-the-epidemic/covid-19-updates-statistics-and-charts,40046839,39760992,190447,266396,0.583123742729997,190447,266396,40045627,39762204
Denmark,2021-08-24,79986976,79986976,179145,https://www.sst.dk/en/english/corona-eng/status-of-the-epidemic/covid-19-updates-statistics-and-charts,40134379,39852597,87540,91605,0.5113455580674873,87540,91605,40133167,39853809
Denmark,2021-08-25,80150524,80150524,163548,https://www.sst.dk/en/english/corona-eng/status-of-the-epidemic/covid-19-updates-statistics-and-charts,40210699,39939825,76320,87228,0.5333480079242792,76320,87228,40209487,39941037
Denmark,2021-08-26,80150524,80150524,0,https://www.sst.dk/en/english/corona-eng/status-of-the-epidemic/covid-19-updates-statistics-and-charts,40210699,39939825,0,0,0.5333480079242792,0,0,40209487,39941037
Denmark,2021-08-27,80150524,80150524,0,https://www.sst.dk/en/english/corona-eng/status-of-the-epidemic/covid-19-updates-statistics-and-charts,40210699,39939825,0,0,0.5333480079242792,0,0,40209487,39941037
Denmark,2021-08-28,80150524,80150524,0,https://www.sst.dk/en/english/corona-eng/status-of-the-epidemic/covid-19-updates-statistics-and-charts,40210699,39939825,0,0,0.5333480079242792,0,0,40209487,39941037
Denmark,2021-08-29,80150524,80150524,0,https://www.sst.dk/en/english/corona-eng/status-of-the-epidemic/covid-19-updates-statistics-and-charts,40210699,39939825,0,0,0.5333480079242792,0,0,40209487,39941037
Denmark,2021-08-30,80150524,80150524,0,https://www.sst.dk/en/english/corona-eng/status-of-the-epidemic/covid-19-updates-statistics-and-charts,40210699,39939825,0,0,0.5333480079242792,0,0,40209487,39941037
Denmark,2021-08-31,80150524,80150524,0,https://www.sst.dk/en/english/corona-eng/status-of-the-epidemic/covid-19-updates-statistics-and-charts,40210699,39939825,0,0,0.5333480079242792,0,0,40209487,39941037
Denmark,2021-09-01,80150524,80150524,0,https://www.sst.dk/en/english/corona-eng/status-of-the-epidemic/covid-19-updates-statistics-and-charts,40210699,39939825,0,0,0.5333480079242792,0,0,40209487,39941037
Denmark,2021-09-02,80150524,80150524,0,https://www.sst.dk/en/english/corona-eng/status-of-the-epidemic/covid-19-updates-statistics-and-charts,40210699,39939825,0,0,0.5333480079242792,0,0,40209487,39941037
Denmark,2021-09-03,80150524,80150524,0,https://www.sst.dk/en/english/corona-eng/status-of-the-epidemic/covid-19-updates-statistics-and-charts,40210699,39939825,0,0,0.5333480079242792,0,0,40209487,39941037
Denmark,2021-09-04,80150524,80150524,0,https://www.sst.dk/en/english/corona-eng/status-of-the-epidemic/covid-19-updates-statistics-and-charts,40210699,39939825,0,0,0.5333480079242792,0,0,40209487,39941037
Denmark,2021-09-05,80150524,80150524,0,https://www.sst.dk/en/english/corona-eng/status-of-the-epidemic/covid-19-updates-statistics-and-charts,40210699,39939825,0,0,0.5333480079242792,0,0,40209487,39941037
Denmark,2021-09-06,80150524,80150524,0,https://www.sst.dk/en/english/corona-eng/status-of-the-epidemic/covid-19-updates-statistics-and-charts,40210699,39939825,0,0,0.5333480079242792,0,0,40209487,39941037
Denmark,2021-09-07,80150524,80150524,0,https://www.sst.dk/en/english/corona-eng/status-of-the-epidemic/covid-19-updates-statistics-and-charts,40210699,39939825,0,0,0.5333480079242792,0,0,40209487,39941037
Denmark,2021-09-08,80150524,80150524,0,https://www.sst.dk/en/english/corona-eng/status-of-the-epidemic/covid-19-updates-statistics-and-charts,40210699,39939825,0,0,0.5333480079242792,0,0,40209487,39941037
Denmark,2021-09-09,80150524,80150524,0,https://www.sst.dk/en/english/corona-eng/status-of-the-epidemic/covid-19-updates-statistics-and-charts,40210699,39939825,0,0,0.5333480079242792,0,0,40209487,39941037
Denmark,2021-09-10,80150524,80150524,0,https://www.sst.dk/en/english/corona-eng/status-of-the-epidemic/covid-19-updates-statistics-and-charts,40210699,39939825,0,0,0.5333480079242792,0,0,40209487,39941037
Denmark,2021-09-11,80150524,80150524,0,https://www.sst.dk/en/english/corona-eng/status-of-the-epidemic/covid-19-updates-statistics-and-charts,40210699,39939825,0,0,0.5333480079242792,0,0,40209487,39941037
Denmark,2021-09-12,80150524,80150524,0,https://www.sst.dk/en/english/corona-eng/status-of-the-epidemic/covid-19-updates-statistics-and-charts,40210699,39939825,0,0,0.5333480079242792,0,0,40209487,39941037
Denmark,2021-09-13,80150524,80150524,0,https://www.sst.dk/en/english/corona-eng/status-of-the-epidemic/covid-19-updates-statistics-and-charts,40210699,39939825,0,0,0.5333480079242792,0,0,40209487,39941037
Denmark,2021-09-14,80150524,80150524,0,https://www.sst.dk/en/english/corona-eng/status-of-the-epidemic/covid-19-updates-statistics-and-charts,40210699,39939825,0,0,0.5333480079242792,0,0,40209487,39941037
Denmark,2021-09-15,80150524,80150524,0,https://www.sst.dk/en/english/corona-eng/status-of-the-epidemic/covid-19-updates-statistics-and-charts,40210699,39939825,0,0,0.5333480079242792,0,0,40209487,39941037
Denmark,2021-09-16,80150524,80150524,0,https://www.sst.dk/en/english/corona-eng/status-of-the-epidemic/covid-19-updates-statistics-and-charts,40210699,39939825,0,0,0.5333480079242792,0,0,40209487,39941037
Denmark,2021-09-17,80150524,80150524,0,https://www.sst.dk/en/english/corona-eng/status-of-the-epidemic/covid-19-updates-statistics-and-charts,40210699,39939825,0,0,0.5333480079242792,0,0,40209487,39941037
Denmark,2021-09-18,80150524,80150524,0,https://www.sst.dk/en/english/corona-eng/status-of-the-epidemic/covid-19-updates-statistics-and-charts,40210699,39939825,0,0,0.5333480079242792,0,0,40209487,39941037
Denmark,2021-09-19,80150524,80150524,0,https://www.sst.dk/en/english/corona-eng/status-of-the-epidemic/covid-19-updates-statistics-and-charts,40210699,39939825,0,0,0.5333480079242792,0,0,40209487,39941037
Denmark,2021-09-20,80150524,80150524,0,https://www.sst.dk/en/english/corona-eng/status-of-the-epidemic/covid-19-updates-statistics-and-charts,40210699,39939825,0,0,0.5333480079242792,0,0,40209487,39941037
Denmark,2021-09-21,80150524,80150524,0,https://www.sst.dk/en/english/corona-eng/status-of-the-epidemic/covid-19-updates-statistics-and-charts,40210699,39939825,0,0,0.5333480079242792,0,0,40209487,39941037
Denmark,2021-09-22,80150524,80150524,0,https://www.sst.dk/en/english/corona-eng/status-of-the-epidemic/covid-19-updates-statistics-and-charts,40210699,39939825,0,0,0.5333480079242792,0,0,40209487,39941037
Denmark,2021-09-23,80150524,80150524,0,https://www.sst.dk/en/english/corona-eng/status-of-the-epidemic/covid-19-updates-statistics-and-charts,40210699,39939825,0,0,0.5333480079242792,0,0,40209487,39941037
Denmark,2021-09-24,80150524,80150524,0,https://www.sst.dk/en/english/corona-eng/status-of-the-epidemic/covid-19-updates-statistics-and-charts,40210699,39939825,0,0,0.5333480079242792,0,0,40209487,39941037
Denmark,2021-09-25,80150524,80150524,0,https://www.sst.dk/en/english/corona-eng/status-of-the-epidemic/covid-19-updates-statistics-and-charts,40210699,39939825,0,0,0.5333480079242792,0,0,40209487,39941037
Denmark,2021-09-26,80150524,80150524,0,https://www.sst.dk/en/english/corona-eng/status-of-the-epidemic/covid-19-updates-statistics-and-charts,40210699,39939825,0,0,0.5333480079242792,0,0,40209487,39941037
Denmark,2021-09-27,83437076,83437076,3286552,https://www.sst.dk/en/english/corona-eng/status-of-the-epidemic/covid-19-updates-statistics-and-charts,40210699,39939825,0,0,0.5333480079242792,1533676,1752876,41743163,41693913
Denmark,2021-09-28,83437076,83437076,0,https://www.sst.dk/en/english/corona-eng/status-of-the-epidemic/covid-19-updates-statistics-and-charts,41852632,41584444,1641933,1644619,0.5004086349462902,0,0,41743163,41693913
Denmark,2021-09-29,83583954,83583954,146878,https://www.sst.dk/en/english/corona-eng/status-of-the-epidemic/covid-19-updates-statistics-and-charts,41927792,41656162,75160,71718,0.48828279252168466,75160,71718,41818323,41765631
Denmark,2021-09-30,83642334,83642334,58380,https://www.sst.dk/en/english/corona-eng/status-of-the-epidemic/covid-19-updates-statistics-and-charts,41956958,41685376,29166,29214,0.5004110996916752,29166,29214,41847489,41794845
Denmark,2021-10-01,83728514,83728514,86180,https://www.sst.dk/en/english/corona-eng/status-of-the-epidemic/covid-19-updates-statistics-and-charts,42009048,41719466,52090,34090,0.39556741703411463,52090,34090,41899579,41828935
Denmark,2021-10-02,83728514,83728514,0,https://www.sst.dk/en/english/corona-eng/status-of-the-epidemic/covid-19-updates-statistics-and-charts,42009048,41719466,0,0,0.39556741703411463,0,0,41899579,41828935
Denmark,2021-10-03,83728514,83728514,0,https://www.sst.dk/en/english/corona-eng/status-of-the-epidemic/covid-19-updates-statistics-and-charts,42009048,41719466,0,0,0.39556741703411463,0,0,41899579,41828935
Denmark,2021-10-04,83887085,83887085,158571,https://www.sst.dk/en/english/corona-eng/status-of-the-epidemic/covid-19-updates-statistics-and-charts,42103760,41783325,94712,63859,0.4027155028346924,94712,63859,41994291,41892794
Denmark,2021-10-05,83955561,83955561,68476,https://www.sst.dk/en/english/corona-eng/status-of-the-epidemic/covid-19-updates-statistics-and-charts,42138428,41817133,34668,33808,0.4937204275950698,34668,33808,42028959,41926602
Denmark,2021-10-06,84025465,84025465,69904,https://www.sst.dk/en/english/corona-eng/status-of-the-epidemic/covid-19-updates-statistics-and-charts,42177944,41847521,39516,30388,0.4347104600595102,39516,30388,42068475,41956990
Denmark,2021-10-07,84097718,84097718,72253,https://www.sst.dk/en/english/corona-eng/status-of-the-epidemic/covid-19-updates-statistics-and-charts,42220386,41877332,42442,29811,0.4125918646976596,42442,29811,42110917,41986801
Denmark,2021-10-08,84172224,84172224,74506,https://www.sst.dk/en/english/corona-eng/status-of-the-epidemic/covid-19-updates-statistics-and-charts,42261258,41910966,40872,33634,0.4514267307330953,40872,33634,42151789,42020435
Denmark,2021-10-09,84172224,84172224,0,https://www.sst.dk/en/english/corona-eng/status-of-the-epidemic/covid-19-updates-statistics-and-charts,42261258,41910966,0,0,0.4514267307330953,0,0,42151789,42020435
Denmark,2021-10-10,84172224,84172224,0,https://www.sst.dk/en/english/corona-eng/status-of-the-epidemic/covid-19-updates-statistics-and-charts,42261258,41910966,0,0,0.4514267307330953,0,0,42151789,42020435
Denmark,2021-10-11,84172224,84172224,0,https://www.sst.dk/en/english/corona-eng/status-of-the-epidemic/covid-19-updates-statistics-and-charts,42261258,41910966,0,0,0.4514267307330953,0,0,42151789,42020435
Denmark,2021-10-12,84172224,84172224,0,https://www.sst.dk/en/english/corona-eng/status-of-the-epidemic/covid-19-updates-statistics-and-charts,42419422,41979836,158164,68870,0.30334663530572514,0,0,42151789,42020435
Denmark,2021-10-13,84399258,84399258,227034,https://www.sst.dk/en/english/corona-eng/status-of-the-epidemic/covid-19-updates-statistics-and-charts,42419422,41979836,0,0,0.30334663530572514,158164,68870,42309953,42089305
Denmark,2021-10-14,84399258,84399258,0,https://www.sst.dk/en/english/corona-eng/status-of-the-epidemic/covid-19-updates-statistics-and-charts,42419422,41979836,0,0,0.30334663530572514,0,0,42309953,42089305
Denmark,2021-10-15,84399258,84399258,0,https://www.sst.dk/en/english/corona-eng/status-of-the-epidemic/covid-19-updates-statistics-and-charts,42419422,41979836,0,0,0.30334663530572514,0,0,42309953,42089305
Denmark,2021-10-16,84399258,84399258,0,https://www.sst.dk/en/english/corona-eng/status-of-the-epidemic/covid-19-updates-statistics-and-charts,42419422,41979836,0,0,0.30334663530572514,0,0,42309953,42089305
Denmark,2021-10-17,84399258,84399258,0,https://www.sst.dk/en/english/corona-eng/status-of-the-epidemic/covid-19-updates-statistics-and-charts,42419422,41979836,0,0,0.30334663530572514,0,0,42309953,42089305
Denmark,2021-10-18,84399258,84399258,0,https://www.sst.dk/en/english/corona-eng/status-of-the-epidemic/covid-19-updates-statistics-and-charts,42419422,41979836,0,0,0.30334663530572514,0,0,42309953,42089305
Denmark,2021-10-19,84399258,84399258,0,https://www.sst.dk/en/english/corona-eng/status-of-the-epidemic/covid-19-updates-statistics-and-charts,42419422,41979836,0,0,0.30334663530572514,0,0,42309953,42089305
Denmark,2021-10-20,84399258,84399258,0,https://www.sst.dk/en/english/corona-eng/status-of-the-epidemic/covid-19-updates-statistics-and-charts,42419422,41979836,0,0,0.30334663530572514,0,0,42309953,42089305
Denmark,2021-10-21,84399258,84399258,0,https://www.sst.dk/en/english/corona-eng/status-of-the-epidemic/covid-19-updates-statistics-and-charts,42419422,41979836,0,0,0.30334663530572514,0,0,42309953,42089305
Denmark,2021-10-22,84399258,84399258,0,https://www.sst.dk/en/english/corona-eng/status-of-the-epidemic/covid-19-updates-statistics-and-charts,42419422,41979836,0,0,0.30334663530572514,0,0,42309953,42089305
Denmark,2021-10-23,84399258,84399258,0,https://www.sst.dk/en/english/corona-eng/status-of-the-epidemic/covid-19-updates-statistics-and-charts,42419422,41979836,0,0,0.30334663530572514,0,0,42309953,42089305
Denmark,2021-10-24,84399258,84399258,0,https://www.sst.dk/en/english/corona-eng/status-of-the-epidemic/covid-19-updates-statistics-and-charts,42419422,41979836,0,0,0.30334663530572514,0,0,42309953,42089305
Denmark,2021-10-25,84399258,84399258,0,https://www.sst.dk/en/english/corona-eng/status-of-the-epidemic/covid-19-updates-statistics-and-charts,42419422,41979836,0,0,0.30334663530572514,0,0,42309953,42089305
Denmark,2021-10-26,84399258,84399258,0,https://www.sst.dk/en/english/corona-eng/status-of-the-epidemic/covid-19-updates-statistics-and-charts,42419422,41979836,0,0,0.30334663530572514,0,0,42309953,42089305
Denmark,2021-10-27,84399258,84399258,0,https://www.sst.dk/en/english/corona-eng/status-of-the-epidemic/covid-19-updates-statistics-and-charts,42419422,41979836,0,0,0.30334663530572514,0,0,42309953,42089305
Denmark,2021-10-28,84399258,84399258,0,https://www.sst.dk/en/english/corona-eng/status-of-the-epidemic/covid-19-updates-statistics-and-charts,42419422,41979836,0,0,0.30334663530572514,0,0,42309953,42089305
Denmark,2021-10-29,84399258,84399258,0,https://www.sst.dk/en/english/corona-eng/status-of-the-epidemic/covid-19-updates-statistics-and-charts,42419422,41979836,0,0,0.30334663530572514,0,0,42309953,42089305
Denmark,2021-10-30,84399258,84399258,0,https://www.sst.dk/en/english/corona-eng/status-of-the-epidemic/covid-19-updates-statistics-and-charts,42419422,41979836,0,0,0.30334663530572514,0,0,42309953,42089305
Denmark,2021-10-31,84399258,84399258,0,https://www.sst.dk/en/english/corona-eng/status-of-the-epidemic/covid-19-updates-statistics-and-charts,42419422,41979836,0,0,0.30334663530572514,0,0,42309953,42089305
Denmark,2021-11-01,84399258,84399258,0,https://www.sst.dk/en/english/corona-eng/status-of-the-epidemic/covid-19-updates-statistics-and-charts,42419422,41979836,0,0,0.30334663530572514,0,0,42309953,42089305
Denmark,2021-11-02,84399258,84399258,0,https://www.sst.dk/en/english/corona-eng/status-of-the-epidemic/covid-19-updates-statistics-and-charts,42419422,41979836,0,0,0.30334663530572514,0,0,42309953,42089305
Denmark,2021-11-03,84399258,84399258,0,https://www.sst.dk/en/english/corona-eng/status-of-the-epidemic/covid-19-updates-statistics-and-charts,42419422,41979836,0,0,0.30334663530572514,0,0,42309953,42089305
Denmark,2021-11-04,84399258,84399258,0,https://www.sst.dk/en/english/corona-eng/status-of-the-epidemic/covid-19-updates-statistics-and-charts,42419422,41979836,0,0,0.30334663530572514,0,0,42309953,42089305
Denmark,2021-11-05,84399258,84399258,0,https://www.sst.dk/en/english/corona-eng/status-of-the-epidemic/covid-19-updates-statistics-and-charts,42419422,41979836,0,0,0.30334663530572514,0,0,42309953,42089305
Denmark,2021-11-06,84399258,84399258,0,https://www.sst.dk/en/english/corona-eng/status-of-the-epidemic/covid-19-updates-statistics-and-charts,42419422,41979836,0,0,0.30334663530572514,0,0,42309953,42089305
Denmark,2021-11-07,84399258,84399258,0,https://www.sst.dk/en/english/corona-eng/status-of-the-epidemic/covid-19-updates-statistics-and-charts,42419422,41979836,0,0,0.30334663530572514,0,0,42309953,42089305
Denmark,2021-11-08,84399258,84399258,0,https://www.sst.dk/en/english/corona-eng/status-of-the-epidemic/covid-19-updates-statistics-and-charts,42419422,41979836,0,0,0.30334663530572514,0,0,42309953,42089305
Denmark,2021-11-09,84399258,84399258,0,https://www.sst.dk/en/english/corona-eng/status-of-the-epidemic/covid-19-updates-statistics-and-charts,42419422,41979836,0,0,0.30334663530572514,0,0,42309953,42089305
Denmark,2021-11-10,84399258,84399258,0,https://www.sst.dk/en/english/corona-eng/status-of-the-epidemic/covid-19-updates-statistics-and-charts,42419422,41979836,0,0,0.30334663530572514,0,0,42309953,42089305
Denmark,2021-11-11,84399258,84399258,0,https://www.sst.dk/en/english/corona-eng/status-of-the-epidemic/covid-19-updates-statistics-and-charts,42419422,41979836,0,0,0.30334663530572514,0,0,42309953,42089305
Denmark,2021-11-12,84399258,84399258,0,https://www.sst.dk/en/english/corona-eng/status-of-the-epidemic/covid-19-updates-statistics-and-charts,42419422,41979836,0,0,0.30334663530572514,0,0,42309953,42089305
Denmark,2021-11-13,84399258,84399258,0,https://www.sst.dk/en/english/corona-eng/status-of-the-epidemic/covid-19-updates-statistics-and-charts,42419422,41979836,0,0,0.30334663530572514,0,0,42309953,42089305
Denmark,2021-11-14,84399258,84399258,0,https://www.sst.dk/en/english/corona-eng/status-of-the-epidemic/covid-19-updates-statistics-and-charts,42419422,41979836,0,0,0.30334663530572514,0,0,42309953,42089305
Denmark,2021-11-15,84399258,84399258,0,https://www.sst.dk/en/english/corona-eng/status-of-the-epidemic/covid-19-updates-statistics-and-charts,42419422,41979836,0,0,0.30334663530572514,0,0,42309953,42089305
Denmark,2021-11-16,84399258,84399258,0,https://www.sst.dk/en/english/corona-eng/status-of-the-epidemic/covid-19-updates-statistics-and-charts,42419422,41979836,0,0,0.30334663530572514,0,0,42309953,42089305
Denmark,2021-11-17,84399258,84399258,0,https://www.sst.dk/en/english/corona-eng/status-of-the-epidemic/covid-19-updates-statistics-and-charts,42419422,41979836,0,0,0.30334663530572514,0,0,42309953,42089305
Denmark,2021-11-18,84399258,84399258,0,https://www.sst.dk/en/english/corona-eng/status-of-the-epidemic/covid-19-updates-statistics-and-charts,42419422,41979836,0,0,0.30334663530572514,0,0,42309953,42089305
Denmark,2021-11-19,84399258,84399258,0,https://www.sst.dk/en/english/corona-eng/status-of-the-epidemic/covid-19-updates-statistics-and-charts,42419422,41979836,0,0,0.30334663530572514,0,0,42309953,42089305
Denmark,2021-11-20,84399258,84399258,0,https://www.sst.dk/en/english/corona-eng/status-of-the-epidemic/covid-19-updates-statistics-and-charts,42419422,41979836,0,0,0.30334663530572514,0,0,42309953,42089305
Denmark,2021-11-21,84399258,84399258,0,https://www.sst.dk/en/english/corona-eng/status-of-the-epidemic/covid-19-updates-statistics-and-charts,42419422,41979836,0,0,0.30334663530572514,0,0,42309953,42089305
Denmark,2021-11-22,84399258,84399258,0,https://www.sst.dk/en/english/corona-eng/status-of-the-epidemic/covid-19-updates-statistics-and-charts,42419422,41979836,0,0,0.30334663530572514,0,0,42309953,42089305
Denmark,2021-11-23,84399258,84399258,0,https://www.sst.dk/en/english/corona-eng/status-of-the-epidemic/covid-19-updates-statistics-and-charts,42419422,41979836,0,0,0.30334663530572514,0,0,42309953,42089305
Denmark,2021-11-24,84399258,84399258,0,https://www.sst.dk/en/english/corona-eng/status-of-the-epidemic/covid-19-updates-statistics-and-charts,42419422,41979836,0,0,0.30334663530572514,0,0,42309953,42089305
Denmark,2021-11-25,84399258,84399258,0,https://www.sst.dk/en/english/corona-eng/status-of-the-epidemic/covid-19-updates-statistics-and-charts,42419422,41979836,0,0,0.30334663530572514,0,0,42309953,42089305
Denmark,2021-11-26,84399258,84399258,0,https://www.sst.dk/en/english/corona-eng/status-of-the-epidemic/covid-19-updates-statistics-and-charts,42419422,41979836,0,0,0.30334663530572514,0,0,42309953,42089305
Denmark,2021-11-27,84399258,84399258,0,https://www.sst.dk/en/english/corona-eng/status-of-the-epidemic/covid-19-updates-statistics-and-charts,42419422,41979836,0,0,0.30334663530572514,0,0,42309953,42089305
Denmark,2021-11-28,84399258,84399258,0,https://www.sst.dk/en/english/corona-eng/status-of-the-epidemic/covid-19-updates-statistics-and-charts,42419422,41979836,0,0,0.30334663530572514,0,0,42309953,42089305
Denmark,2021-11-29,84399258,84399258,0,https://www.sst.dk/en/english/corona-eng/status-of-the-epidemic/covid-19-updates-statistics-and-charts,42419422,41979836,0,0,0.30334663530572514,0,0,42309953,42089305
Denmark,2021-11-30,84399258,84399258,0,https://www.sst.dk/en/english/corona-eng/status-of-the-epidemic/covid-19-updates-statistics-and-charts,42419422,41979836,0,0,0.30334663530572514,0,0,42309953,42089305
Denmark,2021-12-01,84399258,84399258,0,https://www.sst.dk/en/english/corona-eng/status-of-the-epidemic/covid-19-updates-statistics-and-charts,42419422,41979836,0,0,0.30334663530572514,0,0,42309953,42089305
Denmark,2021-12-02,84399258,84399258,0,https://www.sst.dk/en/english/corona-eng/status-of-the-epidemic/covid-19-updates-statistics-and-charts,42419422,41979836,0,0,0.30334663530572514,0,0,42309953,42089305
Denmark,2021-12-03,84399258,84399258,0,https://www.sst.dk/en/english/corona-eng/status-of-the-epidemic/covid-19-updates-statistics-and-charts,42419422,41979836,0,0,0.30334663530572514,0,0,42309953,42089305
Denmark,2021-12-04,84399258,84399258,0,https://www.sst.dk/en/english/corona-eng/status-of-the-epidemic/covid-19-updates-statistics-and-charts,42419422,41979836,0,0,0.30334663530572514,0,0,42309953,42089305
Denmark,2021-12-05,84399258,84399258,0,https://www.sst.dk/en/english/corona-eng/status-of-the-epidemic/covid-19-updates-statistics-and-charts,42419422,41979836,0,0,0.30334663530572514,0,0,42309953,42089305
Denmark,2021-12-06,84399258,84399258,0,https://www.sst.dk/en/english/corona-eng/status-of-the-epidemic/covid-19-updates-statistics-and-charts,42419422,41979836,0,0,0.30334663530572514,0,0,42309953,42089305
Denmark,2021-12-07,84399258,84399258,0,https://www.sst.dk/en/english/corona-eng/status-of-the-epidemic/covid-19-updates-statistics-and-charts,42419422,41979836,0,0,0.30334663530572514,0,0,42309953,42089305
Denmark,2021-12-08,84399258,84399258,0,https://www.sst.dk/en/english/corona-eng/status-of-the-epidemic/covid-19-updates-statistics-and-charts,42419422,41979836,0,0,0.30334663530572514,0,0,42309953,42089305
Denmark,2021-12-09,84399258,84399258,0,https://www.sst.dk/en/english/corona-eng/status-of-the-epidemic/covid-19-updates-statistics-and-charts,42419422,41979836,0,0,0.30334663530572514,0,0,42309953,42089305
Denmark,2021-12-10,84399258,84399258,0,https://www.sst.dk/en/english/corona-eng/status-of-the-epidemic/covid-19-updates-statistics-and-charts,42419422,41979836,0,0,0.30334663530572514,0,0,42309953,42089305
Denmark,2021-12-11,84399258,84399258,0,https://www.sst.dk/en/english/corona-eng/status-of-the-epidemic/covid-19-updates-statistics-and-charts,42419422,41979836,0,0,0.30334663530572514,0,0,42309953,42089305
Denmark,2021-12-12,84399258,84399258,0,https://www.sst.dk/en/english/corona-eng/status-of-the-epidemic/covid-19-updates-statistics-and-charts,42419422,41979836,0,0,0.30334663530572514,0,0,42309953,42089305
Denmark,2021-12-13,84399258,84399258,0,https://www.sst.dk/en/english/corona-eng/status-of-the-epidemic/covid-19-updates-statistics-and-charts,42419422,41979836,0,0,0.30334663530572514,0,0,42309953,42089305
Denmark,2021-12-14,84399258,84399258,0,https://www.sst.dk/en/english/corona-eng/status-of-the-epidemic/covid-19-updates-statistics-and-charts,42419422,41979836,0,0,0.30334663530572514,0,0,42309953,42089305
Denmark,2021-12-15,84399258,84399258,0,https://www.sst.dk/en/english/corona-eng/status-of-the-epidemic/covid-19-updates-statistics-and-charts,42419422,41979836,0,0,0.30334663530572514,0,0,42309953,42089305
Denmark,2021-12-16,84399258,84399258,0,https://www.sst.dk/en/english/corona-eng/status-of-the-epidemic/covid-19-updates-statistics-and-charts,42419422,41979836,0,0,0.30334663530572514,0,0,42309953,42089305
Denmark,2021-12-17,84399258,84399258,0,https://www.sst.dk/en/english/corona-eng/status-of-the-epidemic/covid-19-updates-statistics-and-charts,42419422,41979836,0,0,0.30334663530572514,0,0,42309953,42089305
Denmark,2021-12-18,84399258,84399258,0,https://www.sst.dk/en/english/corona-eng/status-of-the-epidemic/covid-19-updates-statistics-and-charts,42419422,41979836,0,0,0.30334663530572514,0,0,42309953,42089305
Denmark,2021-12-19,84399258,84399258,0,https://www.sst.dk/en/english/corona-eng/status-of-the-epidemic/covid-19-updates-statistics-and-charts,42419422,41979836,0,0,0.30334663530572514,0,0,42309953,42089305
Denmark,2021-12-20,84399258,84399258,0,https://www.sst.dk/en/english/corona-eng/status-of-the-epidemic/covid-19-updates-statistics-and-charts,42419422,41979836,0,0,0.30334663530572514,0,0,42309953,42089305
Denmark,2021-12-21,84399258,84399258,0,https://www.sst.dk/en/english/corona-eng/status-of-the-epidemic/covid-19-updates-statistics-and-charts,42419422,41979836,0,0,0.30334663530572514,0,0,42309953,42089305
Denmark,2021-12-22,84399258,84399258,0,https://www.sst.dk/en/english/corona-eng/status-of-the-epidemic/covid-19-updates-statistics-and-charts,42419422,41979836,0,0,0.30334663530572514,0,0,42309953,42089305
Denmark,2021-12-23,84399258,84399258,0,https://www.sst.dk/en/english/corona-eng/status-of-the-epidemic/covid-19-updates-statistics-and-charts,42419422,41979836,0,0,0.30334663530572514,0,0,42309953,42089305
Denmark,2021-12-24,84399258,84399258,0,https://www.sst.dk/en/english/corona-eng/status-of-the-epidemic/covid-19-updates-statistics-and-charts,42419422,41979836,0,0,0.30334663530572514,0,0,42309953,42089305
Denmark,2021-12-25,84399258,84399258,0,https://www.sst.dk/en/english/corona-eng/status-of-the-epidemic/covid-19-updates-statistics-and-charts,42419422,41979836,0,0,0.30334663530572514,0,0,42309953,42089305
Denmark,2021-12-26,84399258,84399258,0,https://www.sst.dk/en/english/corona-eng/status-of-the-epidemic/covid-19-updates-statistics-and-charts,42419422,41979836,0,0,0.30334663530572514,0,0,42309953,42089305
Denmark,2021-12-27,105287999,105287999,20888741,https://www.sst.dk/en/english/corona-eng/status-of-the-epidemic/covid-19-updates-statistics-and-charts,42419422,41979836,0,0,0.30334663530572514,14552212,6336529,56862165,48425834
Denmark,2021-12-28,105287999,105287999,0,https://www.sst.dk/en/english/corona-eng/status-of-the-epidemic/covid-19-updates-statistics-and-charts,42419422,41979836,0,0,0.30334663530572514,0,0,56862165,48425834
Denmark,2021-12-29,105287999,105287999,0,https://www.sst.dk/en/english/corona-eng/status-of-the-epidemic/covid-19-updates-statistics-and-charts,42419422,41979836,0,0,0.30334663530572514,0,0,56862165,48425834
Denmark,2021-12-30,106452714,106452714,1164715,https://www.sst.dk/en/english/corona-eng/status-of-the-epidemic/covid-19-updates-statistics-and-charts,42419422,41979836,0,0,0.30334663530572514,811403,353312,57673568,48779146
Denmark,2021-12-31,106452714,106452714,0,https://www.sst.dk/en/english/corona-eng/status-of-the-epidemic/covid-19-updates-statistics-and-charts,42419422,41979836,0,0,0.30334663530572514,0,0,57673568,48779146
Denmark,2022-01-01,106452714,106452714,0,https://www.sst.dk/en/english/corona-eng/status-of-the-epidemic/covid-19-updates-statistics-and-charts,42419422,41979836,0,0,0.30334663530572514,0,0,57673568,48779146
Denmark,2022-01-02,106452714,106452714,0,https://www.sst.dk/en/english/corona-eng/status-of-the-epidemic/covid-19-updates-statistics-and-charts,42419422,41979836,0,0,0.30334663530572514,0,0,57673568,48779146
Denmark,2022-01-03,106452714,106452714,0,https://www.sst.dk/en/english/corona-eng/status-of-the-epidemic/covid-19-updates-statistics-and-charts,42419422,41979836,0,0,0.30334663530572514,0,0,57673568,48779146
Denmark,2022-01-04,106452714,106452714,0,https://www.sst.dk/en/english/corona-eng/status-of-the-epidemic/covid-19-updates-statistics-and-charts,42419422,41979836,0,0,0.30334663530572514,0,0,57673568,48779146
Denmark,2022-01-05,106452714,106452714,0,https://www.sst.dk/en/english/corona-eng/status-of-the-epidemic/covid-19-updates-statistics-and-charts,42419422,41979836,0,0,0.30334663530572514,0,0,57673568,48779146
Denmark,2022-01-06,106452714,106452714,0,https://www.sst.dk/en/english/corona-eng/status-of-the-epidemic/covid-19-updates-statistics-and-charts,42419422,41979836,0,0,0.30334663530572514,0,0,57673568,48779146
Denmark,2022-01-07,106452714,106452714,0,https://www.sst.dk/en/english/corona-eng/status-of-the-epidemic/covid-19-updates-statistics-and-charts,42419422,41979836,0,0,0.30334663530572514,0,0,57673568,48779146
Denmark,2022-01-08,106452714,106452714,0,https://www.sst.dk/en/english/corona-eng/status-of-the-epidemic/covid-19-updates-statistics-and-charts,42419422,41979836,0,0,0.30334663530572514,0,0,57673568,48779146
Denmark,2022-01-09,106452714,106452714,0,https://www.sst.dk/en/english/corona-eng/status-of-the-epidemic/covid-19-updates-statistics-and-charts,42419422,41979836,0,0,0.30334663530572514,0,0,57673568,48779146
Denmark,2022-01-10,106452714,106452714,0,https://www.sst.dk/en/english/corona-eng/status-of-the-epidemic/covid-19-updates-statistics-and-charts,42419422,41979836,0,0,0.30334663530572514,0,0,57673568,48779146
Denmark,2022-01-11,106452714,106452714,0,https://www.sst.dk/en/english/corona-eng/status-of-the-epidemic/covid-19-updates-statistics-and-charts,42419422,41979836,0,0,0.30334663530572514,0,0,57673568,48779146
Denmark,2022-01-12,106452714,106452714,0,https://www.sst.dk/en/english/corona-eng/status-of-the-epidemic/covid-19-updates-statistics-and-charts,42419422,41979836,0,0,0.30334663530572514,0,0,57673568,48779146
Denmark,2022-01-13,106452714,106452714,0,https://www.sst.dk/en/english/corona-eng/status-of-the-epidemic/covid-19-updates-statistics-and-charts,42419422,41979836,0,0,0.30334663530572514,0,0,57673568,48779146
Denmark,2022-01-14,106452714,106452714,0,https://www.sst.dk/en/english/corona-eng/status-of-the-epidemic/covid-19-updates-statistics-and-charts,42419422,41979836,0,0,0.30334663530572514,0,0,57673568,48779146
Denmark,2022-01-15,106452714,106452714,0,https://www.sst.dk/en/english/corona-eng/status-of-the-epidemic/covid-19-updates-statistics-and-charts,42419422,41979836,0,0,0.30334663530572514,0,0,57673568,48779146
Denmark,2022-01-16,106452714,106452714,0,https://www.sst.dk/en/english/corona-eng/status-of-the-epidemic/covid-19-updates-statistics-and-charts,42419422,41979836,0,0,0.30334663530572514,0,0,57673568,48779146
Denmark,2022-01-17,106452714,106452714,0,https://www.sst.dk/en/english/corona-eng/status-of-the-epidemic/covid-19-updates-statistics-and-charts,42419422,41979836,0,0,0.30334663530572514,0,0,57673568,48779146
Denmark,2022-01-18,106452714,106452714,0,https://www.sst.dk/en/english/corona-eng/status-of-the-epidemic/covid-19-updates-statistics-and-charts,42419422,41979836,0,0,0.30334663530572514,0,0,57673568,48779146
Denmark,2022-01-19,106452714,106452714,0,https://www.sst.dk/en/english/corona-eng/status-of-the-epidemic/covid-19-updates-statistics-and-charts,42419422,41979836,0,0,0.30334663530572514,0,0,57673568,48779146
Denmark,2022-01-20,106452714,106452714,0,https://www.sst.dk/en/english/corona-eng/status-of-the-epidemic/covid-19-updates-statistics-and-charts,42419422,41979836,0,0,0.30334663530572514,0,0,57673568,48779146
Denmark,2022-01-21,106452714,106452714,0,https://www.sst.dk/en/english/corona-eng/status-of-the-epidemic/covid-19-updates-statistics-and-charts,42419422,41979836,0,0,0.30334663530572514,0,0,57673568,48779146
Denmark,2022-01-22,106452714,106452714,0,https://www.sst.dk/en/english/corona-eng/status-of-the-epidemic/covid-19-updates-statistics-and-charts,42419422,41979836,0,0,0.30334663530572514,0,0,57673568,48779146
Denmark,2022-01-23,106452714,106452714,0,https://www.sst.dk/en/english/corona-eng/status-of-the-epidemic/covid-19-updates-statistics-and-charts,42419422,41979836,0,0,0.30334663530572514,0,0,57673568,48779146
Denmark,2022-01-24,106452714,106452714,0,https://www.sst.dk/en/english/corona-eng/status-of-the-epidemic/covid-19-updates-statistics-and-charts,42419422,41979836,0,0,0.30334663530572514,0,0,57673568,48779146
Denmark,2022-01-25,106452714,106452714,0,https://www.sst.dk/en/english/corona-eng/status-of-the-epidemic/covid-19-updates-statistics-and-charts,42419422,41979836,0,0,0.30334663530572514,0,0,57673568,48779146
Denmark,2022-01-26,106452714,106452714,0,https://www.sst.dk/en/english/corona-eng/status-of-the-epidemic/covid-19-updates-statistics-and-charts,42419422,41979836,0,0,0.30334663530572514,0,0,57673568,48779146
Denmark,2022-01-27,106452714,106452714,0,https://www.sst.dk/en/english/corona-eng/status-of-the-epidemic/covid-19-updates-statistics-and-charts,42419422,41979836,0,0,0.30334663530572514,0,0,57673568,48779146
Denmark,2022-01-28,106452714,106452714,0,https://www.sst.dk/en/english/corona-eng/status-of-the-epidemic/covid-19-updates-statistics-and-charts,42419422,41979836,0,0,0.30334663530572514,0,0,57673568,48779146
Denmark,2022-01-29,106452714,106452714,0,https://www.sst.dk/en/english/corona-eng/status-of-the-epidemic/covid-19-updates-statistics-and-charts,42419422,41979836,0,0,0.30334663530572514,0,0,57673568,48779146
Denmark,2022-01-30,106452714,106452714,0,https://www.sst.dk/en/english/corona-eng/status-of-the-epidemic/covid-19-updates-statistics-and-charts,42419422,41979836,0,0,0.30334663530572514,0,0,57673568,48779146
Denmark,2022-01-31,106452714,106452714,0,https://www.sst.dk/en/english/corona-eng/status-of-the-epidemic/covid-19-updates-statistics-and-charts,42419422,41979836,0,0,0.30334663530572514,0,0,57673568,48779146
Denmark,2022-02-01,106452714,106452714,0,https://www.sst.dk/en/english/corona-eng/status-of-the-epidemic/covid-19-updates-statistics-and-charts,42419422,41979836,0,0,0.30334663530572514,0,0,57673568,48779146
Denmark,2022-02-02,106452714,106452714,0,https://www.sst.dk/en/english/corona-eng/status-of-the-epidemic/covid-19-updates-statistics-and-charts,42419422,41979836,0,0,0.30334663530572514,0,0,57673568,48779146
Denmark,2022-02-03,106452714,106452714,0,https://www.sst.dk/en/english/corona-eng/status-of-the-epidemic/covid-19-updates-statistics-and-charts,42419422,41979836,0,0,0.30334663530572514,0,0,57673568,48779146
Denmark,2022-02-04,106452714,106452714,0,https://www.sst.dk/en/english/corona-eng/status-of-the-epidemic/covid-19-updates-statistics-and-charts,42419422,41979836,0,0,0.30334663530572514,0,0,57673568,48779146
Denmark,2022-02-05,106452714,106452714,0,https://www.sst.dk/en/english/corona-eng/status-of-the-epidemic/covid-19-updates-statistics-and-charts,42419422,41979836,0,0,0.30334663530572514,0,0,57673568,48779146
Denmark,2022-02-06,106452714,106452714,0,https://www.sst.dk/en/english/corona-eng/status-of-the-epidemic/covid-19-updates-statistics-and-charts,42419422,41979836,0,0,0.30334663530572514,0,0,57673568,48779146
Denmark,2022-02-07,106452714,106452714,0,https://www.sst.dk/en/english/corona-eng/status-of-the-epidemic/covid-19-updates-statistics-and-charts,42419422,41979836,0,0,0.30334663530572514,0,0,57673568,48779146
Indonesia,2021-05-28,16483519,16483519,110682,https://covid19.go.id/peta-sebaran,14496867,1986652,53372,57310,0.5177897038362155,53372,57310,14496867,1986652
Indonesia,2021-05-29,16589465,16589465,105946,https://covid19.go.id/peta-sebaran,14550421,2039044,53554,52392,0.49451607422649274,53554,52392,14550421,2039044
Indonesia,2021-05-30,16660482,16660482,71017,https://covid19.go.id/peta-sebaran,14590381,2070101,39960,31057,0.437317825309433,39960,31057,14590381,2070101
Indonesia,2021-05-31,16728343,16728343,67861,https://covid19.go.id/peta-sebaran,14623238,2105105,32857,35004,0.5158191008090066,32857,35004,14623238,2105105
Indonesia,2021-06-01,16804288,16804288,75945,https://covid19.go.id/peta-sebaran,14662830,2141458,39592,36353,0.4786753571663704,39592,36353,14662830,2141458
Indonesia,2021-06-02,16869118,16869118,64830,https://covid19.go.id/peta-sebaran,14692548,2176570,29718,35112,0.5416011105969458,29718,35112,14692548,2176570
Indonesia,2021-06-03,16964318,16964318,95200,https://covid19.go.id/peta-sebaran,14752636,2211682,60088,35112,0.3688235294117647,60088,35112,14752636,2211682
Indonesia,2021-06-04,16964318,16964318,0,https://covid19.go.id/peta-sebaran,14752636,2211682,0,0,0.3688235294117647,0,0,14752636,2211682
Indonesia,2021-06-05,17171338,17171338,207020,https://covid19.go.id/peta-sebaran,14867470,2303868,114834,92186,0.445299971017293,114834,92186,14867470,2303868
Indonesia,2021-06-06,17235561,17235561,64223,https://covid19.go.id/peta-sebaran,14905006,2330555,37536,26687,0.41553649004250814,37536,26687,14905006,2330555
Indonesia,2021-06-07,17299617,17299617,64056,https://covid19.go.id/peta-sebaran,14938098,2361519,33092,30964,0.4833895341576121,33092,30964,14938098,2361519
Indonesia,2021-06-08,17401548,17401548,101931,https://covid19.go.id/peta-sebaran,14993704,2407844,55606,46325,0.4544741050318353,55606,46325,14993704,2407844
Indonesia,2021-06-09,17509373,17509373,107825,https://covid19.go.id/peta-sebaran,15055117,2454256,61413,46412,0.4304382100626014,61413,46412,15055117,2454256
Indonesia,2021-06-10,17619996,17619996,110623,https://covid19.go.id/peta-sebaran,15119217,2500779,64100,46523,0.4205544959004909,64100,46523,15119217,2500779
Indonesia,2021-06-11,17735758,17735758,115762,https://covid19.go.id/peta-sebaran,15181737,2554021,62520,53242,0.459926400718716,62520,53242,15181737,2554021
Indonesia,2021-06-12,17833717,17833717,97959,https://covid19.go.id/peta-sebaran,15237192,2596525,55455,42504,0.4338958135546504,55455,42504,15237192,2596525
Indonesia,2021-06-13,17904185,17904185,70468,https://covid19.go.id/peta-sebaran,15282617,2621568,45425,25043,0.35538116591928254,45425,25043,15282617,2621568
Indonesia,2021-06-14,17973499,17973499,69314,https://covid19.go.id/peta-sebaran,15319220,2654279,36603,32711,0.4719248636639063,36603,32711,15319220,2654279
Indonesia,2021-06-15,16704989,17973499,0,https://covid19.go.id/peta-sebaran,14565682,2139307,-753538,-514972,0.40596605466255686,0,0,15319220,2654279
Indonesia,2021-06-16,18174981,18174981,201482,https://covid19.go.id/peta-sebaran,15452879,2722102,887197,582795,0.3964613412862111,121602,79880,15440822,2734159
Indonesia,2021-06-17,18305810,18305810,130829,https://covid19.go.id/peta-sebaran,15528844,2776966,75965,54864,0.4193565646760275,75965,54864,15516787,2789023
Indonesia,2021-06-18,18438025,18438025,132215,https://covid19.go.id/peta-sebaran,15606477,2831548,77633,54582,0.4128275914230609,77633,54582,15594420,2843605
Indonesia,2021-06-19,18560435,18560435,122410,https://covid19.go.id/peta-sebaran,15679613,2880822,73136,49274,0.4025324728371865,73136,49274,15667556,2892879
Indonesia,2021-06-20,18649618,18649618,89183,https://covid19.go.id/peta-sebaran,15735333,2914285,55720,33463,0.37521724992431293,55720,33463,15723276,2926342
Indonesia,2021-06-21,18734036,18734036,84418,https://covid19.go.id/peta-sebaran,15783090,2950946,47757,36661,0.43427941908123857,47757,36661,15771033,2963003
Indonesia,2021-06-22,18864666,18864666,130630,https://covid19.go.id/peta-sebaran,15859150,3005516,76060,54570,0.41774477531960497,76060,54570,15847093,3017573
Indonesia,2021-06-23,19005853,19005853,141187,https://covid19.go.id/peta-sebaran,15947439,3058414,88289,52898,0.374666222810882,88289,52898,15935382,3070471
Indonesia,2021-06-24,19142749,19142749,136896,https://covid19.go.id/peta-sebaran,16030869,3111880,83430,53466,0.3905592566619916,83430,53466,16018812,3123937
Indonesia,2021-06-25,19283664,19283664,140915,https://covid19.go.id/peta-sebaran,16118700,3164964,87831,53084,0.3767093638008729,87831,53084,16106643,3177021
Indonesia,2021-06-26,19419298,19419298,135634,https://covid19.go.id/peta-sebaran,16203773,3215525,85073,50561,0.37277526283970097,85073,50561,16191716,3227582
Indonesia,2021-06-27,19518202,19518202,98904,https://covid19.go.id/peta-sebaran,16267011,3251191,63238,35666,0.36061231092776835,63238,35666,16254954,3263248
Indonesia,2021-06-28,19616389,19616389,98187,https://covid19.go.id/peta-sebaran,16326119,3290270,59108,39079,0.39800584598775807,59108,39079,16314062,3302327
Indonesia,2021-06-29,19760346,19760346,143957,https://covid19.go.id/peta-sebaran,16412932,3347414,86813,57144,0.39695186757156653,86813,57144,16400875,3359471
Indonesia,2021-06-30,19903077,19903077,142731,https://covid19.go.id/peta-sebaran,16497987,3405090,85055,57676,0.4040888104196005,85055,57676,16485930,3417147
Indonesia,2021-07-01,20058268,20058268,155191,https://covid19.go.id/peta-sebaran,16596629,3461639,98642,56549,0.36438324387367826,98642,56549,16584572,3473696
Indonesia,2021-07-02,20211876,20211876,153608,https://covid19.go.id/peta-sebaran,16690268,3521608,93639,59969,0.39040284360189575,93639,59969,16678211,3533665
Indonesia,2021-07-03,20369103,20369103,157227,https://covid19.go.id/peta-sebaran,16794048,3575055,103780,53447,0.3399352528509734,103780,53447,16781991,3587112
Indonesia,2021-07-04,20489937,20489937,120834,https://covid19.go.id/peta-sebaran,16875347,3614590,81299,39535,0.32718440174123176,81299,39535,16863290,3626647
Indonesia,2021-07-05,20600052,20600052,110115,https://covid19.go.id/peta-sebaran,16947492,3652560,72145,37970,0.34482132316214864,72145,37970,16935435,3664617
Indonesia,2021-07-06,20783105,20783105,183053,https://covid19.go.id/peta-sebaran,17066516,3716589,119024,64029,0.34978394235549265,119024,64029,17054459,3728646
Indonesia,2021-07-07,20982248,20982248,199143,https://covid19.go.id/peta-sebaran,17200095,3782153,133579,65564,0.3292307537799471,133579,65564,17188038,3794210
Indonesia,2021-07-08,21182629,21182629,200381,https://covid19.go.id/peta-sebaran,17334669,3847960,134574,65807,0.32840938013085075,134574,65807,17322612,3860017
Indonesia,2021-07-09,21402544,21402544,219915,https://covid19.go.id/peta-sebaran,17487494,3915050,152825,67090,0.30507241434190485,152825,67090,17475437,3927107
Indonesia,2021-07-10,21597103,21597103,194559,https://covid19.go.id/peta-sebaran,17610356,3986747,122862,71697,0.36851032334664546,122862,71697,17598299,3998804
Indonesia,2021-07-11,21756322,21756322,159219,https://covid19.go.id/peta-sebaran,17711786,4044536,101430,57789,0.3629529139110282,101430,57789,17699729,4056593
Indonesia,2021-07-12,21906066,21906066,149744,https://covid19.go.id/peta-sebaran,17810718,4095348,98932,50812,0.3393257826690886,98932,50812,17798661,4107405
Indonesia,2021-07-13,22133149,22133149,227083,https://covid19.go.id/peta-sebaran,17962084,4171065,151366,75717,0.3334331499936147,151366,75717,17950027,4183122
Indonesia,2021-07-14,22373873,22373873,240724,https://covid19.go.id/peta-sebaran,18129868,4244005,167784,72940,0.30300260879679636,167784,72940,18117811,4256062
Indonesia,2021-07-15,22622932,22622932,249059,https://covid19.go.id/peta-sebaran,18300359,4322573,170491,78568,0.3154593891407257,170491,78568,18288302,4334630
Indonesia,2021-07-16,22881464,22881464,258532,https://covid19.go.id/peta-sebaran,18466229,4415235,165870,92662,0.3584159794532205,165870,92662,18454172,4427292
Indonesia,2021-07-17,23132856,23132856,251392,https://covid19.go.id/peta-sebaran,18618081,4514775,151852,99540,0.39595532077393075,151852,99540,18606024,4526832
Indonesia,2021-07-18,23325774,23325774,192918,https://covid19.go.id/peta-sebaran,18744047,4581727,125966,66952,0.3470490052768534,125966,66952,18731990,4593784
Indonesia,2021-07-19,23486979,23486979,161205,https://covid19.go.id/peta-sebaran,18836867,4650112,92820,68385,0.4242114078347446,92820,68385,18824810,4662169
Indonesia,2021-07-20,23666254,23666254,179275,https://covid19.go.id/peta-sebaran,18959730,4706524,122863,56412,0.31466741040301216,122863,56412,18947673,4718581
Indonesia,2021-07-21,23819584,23819584,153330,https://covid19.go.id/peta-sebaran,19052340,4767244,92610,60720,0.3960086088828018,92610,60720,19040283,4779301
Indonesia,2021-07-22,24114054,24114054,294470,https://covid19.go.id/peta-sebaran,19212660,4901394,160320,134150,0.455564234047611,160320,134150,19200603,4913451
Indonesia,2021-07-23,24388300,24388300,274246,https://covid19.go.id/peta-sebaran,19372685,5015615,160025,114221,0.416491033597573,160025,114221,19360628,5027672
Indonesia,2021-07-24,24640996,24640996,252696,https://covid19.go.id/peta-sebaran,19517126,5123870,144441,108255,0.42840013296609364,144441,108255,19505069,5135927
Indonesia,2021-07-25,24814468,24814468,173472,https://covid19.go.id/peta-sebaran,19626739,5187729,109613,63859,0.3681228094447519,109613,63859,19614682,5199786
Indonesia,2021-07-26,24975057,24975057,160589,https://covid19.go.id/peta-sebaran,19705766,5269291,79027,81562,0.5078928195580021,79027,81562,19693709,5281348
Indonesia,2021-07-27,25245491,25245491,270434,https://covid19.go.id/peta-sebaran,19847285,5398206,141519,128915,0.4766967171287634,141519,128915,19835228,5410263
Indonesia,2021-07-28,25523300,25523300,277809,https://covid19.go.id/peta-sebaran,19998984,5524316,151699,126110,0.4539449765846319,151699,126110,19986927,5536373
Indonesia,2021-07-29,25786254,25786254,262954,https://covid19.go.id/peta-sebaran,20138274,5647980,139290,123664,0.4702875788160667,139290,123664,20126217,5660037
Indonesia,2021-07-30,26038438,26038438,252184,https://covid19.go.id/peta-sebaran,20270905,5767533,132631,119553,0.4740705199378232,132631,119553,20258848,5779590
Indonesia,2021-07-31,26280203,26280203,241765,https://covid19.go.id/peta-sebaran,20399603,5880600,128698,113067,0.4676731536822948,128698,113067,20387546,5892657
Indonesia,2021-08-01,26458578,26458578,178375,https://covid19.go.id/peta-sebaran,20497668,5960910,98065,80310,0.4502312543798178,98065,80310,20485611,5972967
Indonesia,2021-08-02,26609794,26609794,151216,https://covid19.go.id/peta-sebaran,20568323,6041471,70655,80561,0.5327544704264099,70655,80561,20556266,6053528
Indonesia,2021-08-03,26858020,26858020,248226,https://covid19.go.id/peta-sebaran,20693960,6164060,125637,122589,0.49386043363708876,125637,122589,20681903,6176117
Indonesia,2021-08-04,27100348,27100348,242328,https://covid19.go.id/peta-sebaran,20822509,6277839,128549,113779,0.4695247763362055,128549,113779,20810452,6289896
Indonesia,2021-08-05,27348904,27348904,248556,https://covid19.go.id/peta-sebaran,20951340,6397564,128831,119725,0.48168219636621123,128831,119725,20939283,6409621
Indonesia,2021-08-06,27586460,27586460,237556,https://covid19.go.id/peta-sebaran,21074562,6511898,123222,114334,0.48129283200592704,123222,114334,21062505,6523955
Indonesia,2021-08-07,27822427,27822427,235967,https://covid19.go.id/peta-sebaran,21194105,6628322,119543,116424,0.4933910250162099,119543,116424,21182048,6640379
Indonesia,2021-08-08,27989191,27989191,166764,https://covid19.go.id/peta-sebaran,21284138,6705053,90033,76731,0.46011729150176295,90033,76731,21272081,6717110
Indonesia,2021-08-09,28134393,28134393,145202,https://covid19.go.id/peta-sebaran,21349294,6785099,65156,80046,0.551273398438038,65156,80046,21337237,6797156
Indonesia,2021-08-10,28134393,28134393,0,https://covid19.go.id/peta-sebaran,21349294,6785099,0,0,0.551273398438038,0,0,21337237,6797156
Indonesia,2021-08-11,28586360,28586360,451967,https://covid19.go.id/peta-sebaran,21588910,6997450,239616,212351,0.46983739963315907,239616,212351,21576853,7009507
Indonesia,2021-08-12,28740077,28740077,153717,https://covid19.go.id/peta-sebaran,21663300,7076777,74390,79327,0.5160587313049305,74390,79327,21651243,7088834
Indonesia,2021-08-13,28966108,28966108,226031,https://covid19.go.id/peta-sebaran,21778501,7187607,115201,110830,0.4903309723002597,115201,110830,21766444,7199664
Indonesia,2021-08-14,29188690,29188690,222582,https://covid19.go.id/peta-sebaran,21891198,7297492,112697,109885,0.4936832268557206,112697,109885,21879141,7309549
Indonesia,2021-08-15,29347868,29347868,159178,https://covid19.go.id/peta-sebaran,21976134,7371734,84936,74242,0.46640867456558066,84936,74242,21964077,7383791
Indonesia,2021-08-16,29476878,29476878,129010,https://covid19.go.id/peta-sebaran,22031409,7445469,55275,73735,0.5715448414851562,55275,73735,22019352,7457526
Indonesia,2021-08-17,29659094,29659094,182216,https://covid19.go.id/peta-sebaran,22129280,7529814,97871,84345,0.4628847082583308,97871,84345,22117223,7541871
Indonesia,2021-08-18,29796276,29796276,137182,https://covid19.go.id/peta-sebaran,22192363,7603913,63083,74099,0.5401510402239361,63083,74099,22180306,7615970
Indonesia,2021-08-19,30010686,30010686,214410,https://covid19.go.id/peta-sebaran,22295526,7715160,103163,111247,0.5188517326617229,103163,111247,22283469,7727217
Indonesia,2021-08-20,30010686,30010686,0,https://covid19.go.id/peta-sebaran,22295526,7715160,0,0,0.5188517326617229,0,0,22283469,7727217
Indonesia,2021-08-21,30010686,30010686,0,https://covid19.go.id/peta-sebaran,22492196,7921224,196670,206064,0.5116627848654447,0,0,22283469,7727217
Indonesia,2021-08-22,30561830,30561830,551144,https://covid19.go.id/peta-sebaran,22568938,7992892,76742,71668,0.4829054645913348,284994,266150,22568463,7993367
Indonesia,2021-08-23,30684567,30684567,122737,https://covid19.go.id/peta-sebaran,22618857,8065710,49919,72818,0.5932848285358123,49919,72818,22618382,8066185
Indonesia,2021-08-24,30870419,30870419,185852,https://covid19.go.id/peta-sebaran,22713301,8157118,94444,91408,0.4918322105761574,94444,91408,22712826,8157593
Indonesia,2021-08-25,31119684,31119684,249265,https://covid19.go.id/peta-sebaran,22810376,8309308,97075,152190,0.6105550317934728,97075,152190,22809901,8309783
Indonesia,2021-08-26,31325458,31325458,205774,https://covid19.go.id/peta-sebaran,22900603,8424855,90227,115547,0.5615238076724951,90227,115547,22900128,8425330
Indonesia,2021-08-27,31509573,31509573,184115,https://covid19.go.id/peta-sebaran,22988922,8520651,88319,95796,0.5203052440051055,88319,95796,22988447,8521126
Indonesia,2021-08-28,31691247,31691247,181674,https://covid19.go.id/peta-sebaran,23074075,8617172,85153,96521,0.5312868104406795,85153,96521,23073600,8617647
Indonesia,2021-08-29,31845407,31845407,154160,https://covid19.go.id/peta-sebaran,23144992,8700415,70917,83243,0.5399779449922159,70917,83243,23144517,8700890
Indonesia,2021-08-30,31970830,31970830,125423,https://covid19.go.id/peta-sebaran,23190932,8779898,45940,79483,0.6337194932348931,45940,79483,23190457,8780373
Indonesia,2021-08-31,32195072,32195072,224242,https://covid19.go.id/peta-sebaran,23286944,8908128,96012,128230,0.5718375683413455,96012,128230,23286469,8908603
Indonesia,2021-09-01,32415133,32415133,220061,https://covid19.go.id/peta-sebaran,23376319,9038814,89375,130686,0.5938626108215449,89375,130686,23375844,9039289
Indonesia,2021-09-02,32415133,32415133,0,https://covid19.go.id/peta-sebaran,23376319,9038814,0,0,0.5938626108215449,0,0,23375844,9039289
Indonesia,2021-09-03,32833137,32833137,418004,https://covid19.go.id/peta-sebaran,23541905,9291232,165586,252418,0.6038650347843562,165586,252418,23541430,9291707
Indonesia,2021-09-04,33043568,33043568,210431,https://covid19.go.id/peta-sebaran,23626973,9416595,85068,125363,0.5957439730838137,85068,125363,23626498,9417070
Indonesia,2021-09-05,33215453,33215453,171885,https://covid19.go.id/peta-sebaran,23700088,9515365,73115,98770,0.574628385257585,73115,98770,23699613,9515840
Indonesia,2021-09-06,33368395,33368395,152942,https://covid19.go.id/peta-sebaran,23744725,9623670,44637,108305,0.7081442638385793,44637,108305,23744250,9624145
Indonesia,2021-09-07,33620034,33620034,251639,https://covid19.go.id/peta-sebaran,23834769,9785265,90044,161595,0.6421699339132646,90044,161595,23834294,9785740
Indonesia,2021-09-08,33852336,33852336,232302,https://covid19.go.id/peta-sebaran,23919674,9932662,84905,147397,0.6345059448476552,84905,147397,23919199,9933137
Indonesia,2021-09-09,34083614,34083614,231278,https://covid19.go.id/peta-sebaran,24001695,10081919,82021,149257,0.6453575350876435,82021,149257,24001220,10082394
Indonesia,2021-09-10,34319295,34319295,235681,https://covid19.go.id/peta-sebaran,24086033,10233262,84338,151343,0.6421518917519868,84338,151343,24085558,10233737
Indonesia,2021-09-11,34550865,34550865,231570,https://covid19.go.id/peta-sebaran,24173185,10377680,87152,144418,0.6236472772811676,87152,144418,24172710,10378155
Indonesia,2021-09-12,34748917,34748917,198052,https://covid19.go.id/peta-sebaran,24251448,10497469,78263,119789,0.6048361036495465,78263,119789,24250973,10497944
Indonesia,2021-09-13,34926151,34926151,177234,https://covid19.go.id/peta-sebaran,24297429,10628722,45981,131253,0.7405633230644233,45981,131253,24296954,10629197
Indonesia,2021-09-14,35204831,35204831,278680,https://covid19.go.id/peta-sebaran,24382949,10821882,85520,193160,0.6931247308741209,85520,193160,24382474,10822357
Indonesia,2021-09-15,35437272,35437272,232441,https://covid19.go.id/peta-sebaran,24469032,10968240,86083,146358,0.6296565580082688,86083,146358,24468557,10968715
Indonesia,2021-09-16,35536402,35536402,99130,https://covid19.go.id/peta-sebaran,24551856,10984546,82824,16306,0.1644910723292646,82824,16306,24551381,10985021
Indonesia,2021-09-17,35924694,35924694,388292,https://covid19.go.id/peta-sebaran,24631921,11292773,80065,308227,0.7938020870890979,80065,308227,24631446,11293248
Indonesia,2021-09-18,36200788,36200788,276094,https://covid19.go.id/peta-sebaran,24715125,11485663,83204,192890,0.6986388693705767,83204,192890,24714650,11486138
Indonesia,2021-09-19,36393201,36393201,192413,https://covid19.go.id/peta-sebaran,24789036,11604165,73911,118502,0.6158731478642295,73911,118502,24788561,11604640
Indonesia,2021-09-20,36595996,36595996,202795,https://covid19.go.id/peta-sebaran,24834712,11761284,45676,157119,0.7747676224758993,45676,157119,24834237,11761759
Indonesia,2021-09-21,36844653,36844653,248657,https://covid19.go.id/peta-sebaran,24916694,11927959,81982,166675,0.6703008561995037,81982,166675,24916219,11928434
Indonesia,2021-09-22,37100816,37100816,256163,https://covid19.go.id/peta-sebaran,24999553,12101263,82859,173304,0.6765379855794943,82859,173304,24999078,12101738
Indonesia,2021-09-23,37348941,37348941,248125,https://covid19.go.id/peta-sebaran,25075478,12273463,75925,172200,0.6940050377833753,75925,172200,25075003,12273938
Indonesia,2021-09-24,37601537,37601537,252596,https://covid19.go.id/peta-sebaran,25153527,12448010,78049,174547,0.6910125259307353,78049,174547,25153052,12448485
Indonesia,2021-09-25,37859340,37859340,257803,https://covid19.go.id/peta-sebaran,25234620,12624720,81093,176710,0.6854458637021291,81093,176710,25234145,12625195
Indonesia,2021-09-26,38076424,38076424,217084,https://covid19.go.id/peta-sebaran,25310450,12765974,75830,141254,0.6506882128576956,75830,141254,25309975,12766449
Indonesia,2021-09-27,38291015,38291015,214591,https://covid19.go.id/peta-sebaran,25356473,12934542,46023,168568,0.7855315460573836,46023,168568,25355998,12935017
Indonesia,2021-09-28,38566783,38566783,275768,https://covid19.go.id/peta-sebaran,25435980,13130803,79507,196261,0.7116888108845116,79507,196261,25435505,13131278
Indonesia,2021-09-29,38845350,38845350,278567,https://covid19.go.id/peta-sebaran,25520502,13324848,84522,194045,0.6965828687532981,84522,194045,25520027,13325323
Indonesia,2021-09-30,39121485,39121485,276135,https://covid19.go.id/peta-sebaran,25601325,13520160,80823,195312,0.7073062089195502,80823,195312,25600850,13520635
Indonesia,2021-10-01,39372853,39372853,251368,https://covid19.go.id/peta-sebaran,25681386,13691467,80061,171307,0.6814988383565131,80061,171307,25680911,13691942
Indonesia,2021-10-02,39609506,39609506,236653,https://covid19.go.id/peta-sebaran,25765163,13844343,83777,152876,0.6459922333543204,83777,152876,25764688,13844818
Indonesia,2021-10-03,39847564,39847564,238058,https://covid19.go.id/peta-sebaran,25848079,13999485,82916,155142,0.6516983256181267,82916,155142,25847604,13999960
Indonesia,2021-10-04,40059078,40059078,211514,https://covid19.go.id/peta-sebaran,25902430,14156648,54351,157163,0.7430382858817856,54351,157163,25901955,14157123
Indonesia,2021-10-05,40314564,40314564,255486,https://covid19.go.id/peta-sebaran,25988951,14325613,86521,168965,0.6613473928121306,86521,168965,25988476,14326088
Indonesia,2021-10-06,40589003,40589003,274439,https://covid19.go.id/peta-sebaran,26079683,14509320,90732,183707,0.6693910122103637,90732,183707,26079208,14509795
Indonesia,2021-10-07,40848558,40848558,259555,https://covid19.go.id/peta-sebaran,26163981,14684577,84298,175257,0.6752210514149217,84298,175257,26163506,14685052
Indonesia,2021-10-08,41116704,41116704,268146,https://covid19.go.id/peta-sebaran,26250511,14866193,86530,181616,0.677302663474376,86530,181616,26250036,14866668
Indonesia,2021-10-09,41383754,41383754,267050,https://covid19.go.id/peta-sebaran,26338371,15045383,87860,179190,0.6709979404605879,87860,179190,26337896,15045858
Indonesia,2021-10-10,41603403,41603403,219649,https://covid19.go.id/peta-sebaran,26419453,15183950,81082,138567,0.6308565028750416,81082,138567,26418978,15184425
Indonesia,2021-10-11,41828486,41828486,225083,https://covid19.go.id/peta-sebaran,26472413,15356073,52960,172123,0.7647090184509714,52960,172123,26471938,15356548
Indonesia,2021-10-12,42104849,42104849,276363,https://covid19.go.id/peta-sebaran,26561777,15543072,89364,186999,0.6766426764798471,89364,186999,26561302,15543547
Indonesia,2021-10-13,42366580,42366580,261731,https://covid19.go.id/peta-sebaran,26647726,15718854,85949,175782,0.6716132212080342,85949,175782,26647251,15719329
Indonesia,2021-10-14,42625525,42625525,258945,https://covid19.go.id/peta-sebaran,26734602,15890923,86876,172069,0.6645001834366371,86876,172069,26734127,15891398
Indonesia,2021-10-15,42892863,42892863,267338,https://covid19.go.id/peta-sebaran,26826441,16066422,91839,175499,0.6564685903238597,91839,175499,26825966,16066897
Indonesia,2021-10-16,43163674,43163674,270811,https://covid19.go.id/peta-sebaran,26919279,16244395,92838,177973,0.6571852694314485,92838,177973,26918804,16244870
Indonesia,2021-10-17,43387603,43387603,223929,https://covid19.go.id/peta-sebaran,27002693,16384910,83414,140515,0.627498001598721,83414,140515,27002218,16385385
Indonesia,2021-10-18,43602816,43602816,215213,https://covid19.go.id/peta-sebaran,27056217,16546599,53524,161689,0.7512975517278231,53524,161689,27055742,16547074
Indonesia,2021-10-19,43863159,43863159,260343,https://covid19.go.id/peta-sebaran,27137262,16725897,81045,179298,0.6886991392125005,81045,179298,27136787,16726372
Indonesia,2021-10-20,44111272,44111272,248113,https://covid19.go.id/peta-sebaran,27238717,16872555,101455,146658,0.5910935742988074,101455,146658,27238242,16873030
Indonesia,2021-10-21,44329671,44329671,218399,https://covid19.go.id/peta-sebaran,27314065,17015606,75348,143051,0.6549984203224374,75348,143051,27313590,17016081
Indonesia,2021-10-22,44580411,44580411,250740,https://covid19.go.id/peta-sebaran,27410872,17169539,96807,153933,0.6139148121560182,96807,153933,27410397,17170014
Indonesia,2021-10-23,44830998,44830998,250587,https://covid19.go.id/peta-sebaran,27515362,17315636,104490,146097,0.5830190712207737,104490,146097,27514887,17316111
Indonesia,2021-10-24,45045743,45045743,214745,https://covid19.go.id/peta-sebaran,27620573,17425170,105211,109534,0.5100654264360055,105211,109534,27620098,17425645
Indonesia,2021-10-25,45261565,45261565,215822,https://covid19.go.id/peta-sebaran,27691781,17569784,71208,144614,0.6700614395196041,71208,144614,27691306,17570259
Indonesia,2021-10-26,45520629,45520629,259064,https://covid19.go.id/peta-sebaran,27794838,17725791,103057,156007,0.6021948244449248,103057,156007,27794363,17726266
Indonesia,2021-10-27,45781080,45781080,260451,https://covid19.go.id/peta-sebaran,27903698,17877382,108860,151591,0.5820327048081981,108860,151591,27903223,17877857
Indonesia,2021-10-28,46040621,46040621,259541,https://covid19.go.id/peta-sebaran,28012264,18028357,108566,150975,0.5817000011558867,108566,150975,28011789,18028832
Indonesia,2021-10-29,46285013,46285013,244392,https://covid19.go.id/peta-sebaran,28117645,18167368,105381,139011,0.5688033978198959,105381,139011,28117170,18167843
Indonesia,2021-10-30,46524399,46524399,239386,https://covid19.go.id/peta-sebaran,28228848,18295551,111203,128183,0.5354657331673531,111203,128183,28228373,18296026
Indonesia,2021-10-31,46726472,46726472,202073,https://covid19.go.id/peta-sebaran,28332613,18393859,103765,98308,0.48649745389042576,103765,98308,28332138,18394334
Indonesia,2021-11-01,46930288,46930288,203816,https://covid19.go.id/peta-sebaran,28404375,18525913,71762,132054,0.6479079169446952,71762,132054,28403900,18526388
Indonesia,2021-11-02,47185852,47185852,255564,https://covid19.go.id/peta-sebaran,28510213,18675639,105838,149726,0.5858649888090655,105838,149726,28509738,18676114
Indonesia,2021-11-03,47438975,47438975,253123,https://covid19.go.id/peta-sebaran,28613659,18825316,103446,149677,0.5913212153775043,103446,149677,28613184,18825791
Indonesia,2021-11-04,47688215,47688215,249240,https://covid19.go.id/peta-sebaran,28694399,18993816,80740,168500,0.6760552078318087,80740,168500,28693924,18994291
Indonesia,2021-11-05,47904816,47904816,216601,https://covid19.go.id/peta-sebaran,28765095,19139721,70696,145905,0.6736118485140881,70696,145905,28764620,19140196
Indonesia,2021-11-06,48160848,48160848,256032,https://covid19.go.id/peta-sebaran,28829858,19330990,64763,191269,0.747051149856268,64763,191269,28829383,19331465
Indonesia,2021-11-07,48380805,48380805,219957,https://covid19.go.id/peta-sebaran,28887696,19493109,57838,162119,0.7370486049546048,57838,162119,28887221,19493584
Indonesia,2021-11-08,48569402,48569402,188597,https://covid19.go.id/peta-sebaran,28925490,19643912,37794,150803,0.7996044475786995,37794,150803,28925015,19644387
Indonesia,2021-11-09,48817417,48817417,248015,https://covid19.go.id/peta-sebaran,28989220,19828197,63730,184285,0.743039735499869,63730,184285,28988745,19828672
Indonesia,2021-11-10,49117017,49117017,299600,https://covid19.go.id/peta-sebaran,29053383,20063634,64163,235437,0.7858377837116155,64163,235437,29052908,20064109
Indonesia,2021-11-11,49379045,49379045,262028,https://covid19.go.id/peta-sebaran,29115546,20263499,62163,199865,0.7627619949013082,62163,199865,29115071,20263974
Indonesia,2021-11-12,49638862,49638862,259817,https://covid19.go.id/peta-sebaran,29170178,20468684,54632,205185,0.7897289245892302,54632,205185,29169703,20469159
Indonesia,2021-11-13,49905837,49905837,266975,https://covid19.go.id/peta-sebaran,29229565,20676272,59387,207588,0.7775559509317351,59387,207588,29229090,20676747
Indonesia,2021-11-14,50139036,50139036,233199,https://covid19.go.id/peta-sebaran,29282113,20856923,52548,180651,0.7746645568806041,52548,180651,29281638,20857398
Indonesia,2021-11-15,50382458,50382458,243422,https://covid19.go.id/peta-sebaran,29317490,21064968,35377,208045,0.8546680250757943,35377,208045,29317015,21065443
Indonesia,2021-11-16,50661473,50661473,279015,https://covid19.go.id/peta-sebaran,29378853,21282620,61363,217652,0.7800727559450209,61363,217652,29378378,21283095
Indonesia,2021-11-17,50940689,50940689,279216,https://covid19.go.id/peta-sebaran,29443668,21497021,64815,214401,0.767867887227093,64815,214401,29443193,21497496
Indonesia,2021-11-18,51210917,51210917,270228,https://covid19.go.id/peta-sebaran,29499578,21711339,55910,214318,0.793100640940243,55910,214318,29499103,21711814
Indonesia,2021-11-19,51483621,51483621,272704,https://covid19.go.id/peta-sebaran,29553780,21929841,54202,218502,0.8012423726824689,54202,218502,29553305,21930316
Indonesia,2021-11-20,51758593,51758593,274972,https://covid19.go.id/peta-sebaran,29607101,22151492,53321,221651,0.8060857105450737,53321,221651,29606626,22151967
Indonesia,2021-11-21,51997773,51997773,239180,https://covid19.go.id/peta-sebaran,29654030,22343743,46929,192251,0.8037921230872147,46929,192251,29653555,22344218
Indonesia,2021-11-22,52249638,52249638,251865,https://covid19.go.id/peta-sebaran,29692043,22557595,38013,213852,0.8490739086415342,38013,213852,29691568,22558070
Indonesia,2021-11-23,52531079,52531079,281441,https://covid19.go.id/peta-sebaran,29749802,22781277,57759,223682,0.7947740378978188,57759,223682,29749327,22781752
Indonesia,2021-11-24,52819945,52819945,288866,https://covid19.go.id/peta-sebaran,29808540,23011405,58738,230128,0.7966600430649505,58738,230128,29808065,23011880
Indonesia,2021-11-25,53105367,53105367,285422,https://covid19.go.id/peta-sebaran,29863834,23241533,55294,230128,0.806272817091885,55294,230128,29863359,23242008
Indonesia,2021-11-26,53393987,53393987,288620,https://covid19.go.id/peta-sebaran,29921314,23472673,57480,231140,0.8008454022590257,57480,231140,29920839,23473148
Indonesia,2021-11-27,53681387,53681387,287400,https://covid19.go.id/peta-sebaran,29975173,23706214,53859,233541,0.8125991649269311,53859,233541,29974698,23706689
Indonesia,2021-11-28,53926386,53926386,244999,https://covid19.go.id/peta-sebaran,30021399,23904987,46226,198773,0.8113216788639953,46226,198773,30020924,23905462
Indonesia,2021-11-29,54160249,54160249,233863,https://covid19.go.id/peta-sebaran,30056489,24103760,35090,198773,0.8499548881182573,35090,198773,30056014,24104235
Indonesia,2021-11-30,54454474,54454474,294225,https://covid19.go.id/peta-sebaran,30111920,24342554,55431,238794,0.8116033647718582,55431,238794,30111445,24343029
Indonesia,2021-12-01,54746617,54746617,292143,https://covid19.go.id/peta-sebaran,30167518,24579099,55598,236545,0.8096890906165816,55598,236545,30167043,24579574
Indonesia,2021-12-02,55038077,55038077,291460,https://covid19.go.id/peta-sebaran,30222991,24815086,55473,235987,0.8096719961572771,55473,235987,30222516,24815561
Indonesia,2021-12-03,55321140,55321140,283063,https://covid19.go.id/peta-sebaran,30275395,25045745,52404,230659,0.8148680682392259,52404,230659,30274920,25046220
Indonesia,2021-12-04,55613822,55613822,292682,https://covid19.go.id/peta-sebaran,30327281,25286541,51886,240796,0.8227222719538612,51886,240796,30326806,25287016
Indonesia,2021-12-05,55863036,55863036,249214,https://covid19.go.id/peta-sebaran,30372990,25490046,45709,203505,0.8165873506303819,45709,203505,30372515,25490521
Indonesia,2021-12-06,56152356,56152356,289320,https://covid19.go.id/peta-sebaran,30405269,25747087,32279,257041,0.8884314945389189,32279,257041,30404794,25747562
Indonesia,2021-12-07,56528234,56528234,375878,https://covid19.go.id/peta-sebaran,30455710,26072524,50441,325437,0.8658048622159318,50441,325437,30455235,26072999
Indonesia,2021-12-08,56906431,56906431,378197,https://covid19.go.id/peta-sebaran,30508170,26398261,52460,325737,0.8612892222836247,52460,325737,30507695,26398736
Indonesia,2021-12-09,57266941,57266941,360510,https://covid19.go.id/peta-sebaran,30559346,26707595,51176,309334,0.8580455465867799,51176,309334,30558871,26708070
Indonesia,2021-12-10,57596611,57596611,329670,https://covid19.go.id/peta-sebaran,30610686,26985925,51340,278330,0.8442685109351776,51340,278330,30610211,26986400
Indonesia,2021-12-11,57900609,57900609,303998,https://covid19.go.id/peta-sebaran,30661388,27239221,50702,253296,0.8332160080000526,50702,253296,30660913,27239696
Indonesia,2021-12-12,58162340,58162340,261731,https://covid19.go.id/peta-sebaran,30707252,27455088,45864,215867,0.824766649728156,45864,215867,30706777,27455563
Indonesia,2021-12-13,58431254,58431254,268914,https://covid19.go.id/peta-sebaran,30740162,27691092,32910,236004,0.8776188669983712,32910,236004,30739687,27691567
Indonesia,2021-12-14,58730148,58730148,298894,https://covid19.go.id/peta-sebaran,30792751,27937397,52589,246305,0.8240546815928055,52589,246305,30792276,27937872
Indonesia,2021-12-15,59039281,59039281,309133,https://covid19.go.id/peta-sebaran,30843988,28195293,51237,257896,0.8342558057535107,51237,257896,30843513,28195768
Indonesia,2021-12-16,59343891,59343891,304610,https://covid19.go.id/peta-sebaran,30898701,28445190,54713,249897,0.8203834411214339,54713,249897,30898226,28445665
Indonesia,2021-12-17,59652804,59652804,308913,https://covid19.go.id/peta-sebaran,30953256,28699548,54555,254358,0.8233968787328471,54555,254358,30952781,28700023
Indonesia,2021-12-18,59964823,59964823,312019,https://covid19.go.id/peta-sebaran,31006424,28958399,53168,258851,0.829600120505482,53168,258851,31005949,28958874
Indonesia,2021-12-19,60204039,60204039,239216,https://covid19.go.id/peta-sebaran,31052970,29151069,46546,192670,0.8054227141997191,46546,192670,31052495,29151544
Indonesia,2021-12-20,60470151,60470151,266112,https://covid19.go.id/peta-sebaran,31088160,29381991,35190,230922,0.8677624458874459,35190,230922,31087685,29382466
Indonesia,2021-12-21,60784337,60784337,314186,https://covid19.go.id/peta-sebaran,31143691,29640646,55531,258655,0.8232543779799227,55531,258655,31143216,29641121
Indonesia,2021-12-22,61083259,61083259,298922,https://covid19.go.id/peta-sebaran,31197567,29885692,53876,245046,0.8197656913843745,53876,245046,31197092,29886167
Indonesia,2021-12-23,61372344,61372344,289085,https://covid19.go.id/peta-sebaran,31248417,30123927,50850,238235,0.8241001781482955,50850,238235,31247942,30124402
Indonesia,2021-12-24,61632313,61632313,259969,https://covid19.go.id/peta-sebaran,31293715,30338598,45298,214671,0.8257561478483973,45298,214671,31293240,30339073
Indonesia,2021-12-25,61840900,61840900,208587,https://covid19.go.id/peta-sebaran,31336809,30504091,43094,165493,0.793400355726867,43094,165493,31336334,30504566
Indonesia,2021-12-26,61840900,61840900,0,https://covid19.go.id/peta-sebaran,31336809,30504091,0,0,0.793400355726867,0,0,31336334,30504566
Indonesia,2021-12-27,62247607,62247607,406707,https://covid19.go.id/peta-sebaran,31396889,30850718,60080,346627,0.8522769463028667,60080,346627,31396414,30851193
Indonesia,2021-12-28,62494654,62494654,247047,https://covid19.go.id/peta-sebaran,31442874,31051780,45985,201062,0.8138613300303181,45985,201062,31442399,31052255
Indonesia,2021-12-29,62726434,62726434,231780,https://covid19.go.id/peta-sebaran,31484527,31241907,41653,190127,0.8202907929933557,41653,190127,31484052,31242382
Indonesia,2021-12-30,62956193,62956193,229759,https://covid19.go.id/peta-sebaran,31522064,31434129,37537,192222,0.8366244630242994,37537,192222,31521589,31434604
Indonesia,2021-12-31,63166543,63166543,210350,https://covid19.go.id/peta-sebaran,31558897,31607646,36833,173517,0.8248966009032564,36833,173517,31558422,31608121
Indonesia,2022-01-01,63343702,63343702,177159,https://covid19.go.id/peta-sebaran,31595574,31748128,36677,140482,0.7929712856812242,36677,140482,31595099,31748603
Indonesia,2022-01-02,63545184,63545184,201482,https://covid19.go.id/peta-sebaran,31624148,31921036,28574,172908,0.8581808796815596,28574,172908,31623673,31921511
Indonesia,2022-01-03,63829597,63829597,284413,https://covid19.go.id/peta-sebaran,31656828,32172769,32680,251733,0.8850966727962505,32680,251733,31656353,32173244
Indonesia,2022-01-04,64137224,64137224,307627,https://covid19.go.id/peta-sebaran,31708822,32428402,51994,255633,0.8309836262746768,51994,255633,31708347,32428877
Indonesia,2022-01-05,64422368,64422368,285144,https://covid19.go.id/peta-sebaran,31761384,32660984,52562,232582,0.8156650674746795,52562,232582,31760909,32661459
Indonesia,2022-01-06,64697095,64697095,274727,https://covid19.go.id/peta-sebaran,31806635,32890460,45251,229476,0.8352873943951632,45251,229476,31806160,32890935
Indonesia,2022-01-07,64980357,64980357,283262,https://covid19.go.id/peta-sebaran,31855721,33124636,49086,234176,0.8267116662312629,49086,234176,31855246,33125111
Indonesia,2022-01-08,65259045,65259045,278688,https://covid19.go.id/peta-sebaran,31907717,33351328,51996,226692,0.8134257664485015,51996,226692,31907242,33351803
Indonesia,2022-01-09,65514927,65514927,255882,https://covid19.go.id/peta-sebaran,31952944,33561983,45227,210655,0.8232505608053712,45227,210655,31952469,33562458
Indonesia,2022-01-10,65774472,65774472,259545,https://covid19.go.id/peta-sebaran,31986914,33787558,33970,225575,0.8691171087865303,33970,225575,31986439,33788033
Indonesia,2022-01-11,66062939,66062939,288467,https://covid19.go.id/peta-sebaran,32035574,34027365,48660,239807,0.8313151937656647,48660,239807,32035099,34027840
Indonesia,2022-01-12,66336745,66336745,273806,https://covid19.go.id/peta-sebaran,32081149,34255596,45575,228231,0.833550031774322,45575,228231,32080674,34256071
Indonesia,2022-01-13,66615011,66615011,278266,https://covid19.go.id/peta-sebaran,32131554,34483457,50405,227861,0.8188603710119094,50405,227861,32131079,34483932
Indonesia,2022-01-14,66895574,66895574,280563,https://covid19.go.id/peta-sebaran,32182253,34713321,50699,229864,0.8192954880009125,50699,229864,32181778,34713796
Indonesia,2022-01-15,67173430,67173430,277856,https://covid19.go.id/peta-sebaran,32231089,34942341,48836,229020,0.8242398940458366,48836,229020,32230614,34942816
Indonesia,2022-01-16,67424918,67424918,251488,https://covid19.go.id/peta-sebaran,32277113,35147805,46024,205464,0.816993256139458,46024,205464,32276638,35148280
Indonesia,2022-01-17,67694431,67694431,269513,https://covid19.go.id/peta-sebaran,32310147,35384284,33034,236479,0.8774307732836635,33034,236479,32309672,35384759
Indonesia,2022-01-18,67973358,67973358,278927,https://covid19.go.id/peta-sebaran,32360414,35612944,50267,228660,0.8197843880298429,50267,228660,32359939,35613419
Indonesia,2022-01-19,68201218,68201218,227860,https://covid19.go.id/peta-sebaran,32414093,35787125,53679,174181,0.7644211357851313,53679,174181,32413618,35787600
Indonesia,2022-01-20,68527332,68527332,326114,https://covid19.go.id/peta-sebaran,32469897,36057435,55804,270310,0.8288819247257094,55804,270310,32469422,36057910
Indonesia,2022-01-21,68819737,68819737,292405,https://covid19.go.id/peta-sebaran,32525423,36294314,55526,236879,0.8101058463432568,55526,236879,32524948,36294789
Indonesia,2022-01-22,69100898,69100898,281161,https://covid19.go.id/peta-sebaran,32582688,36518210,57265,223896,0.7963266598141279,57265,223896,32582213,36518685
Indonesia,2022-01-23,69352805,69352805,251907,https://covid19.go.id/peta-sebaran,32635451,36717354,52763,199144,0.7905457172686745,52763,199144,32634976,36717829
Indonesia,2022-01-24,69611597,69611597,258792,https://covid19.go.id/peta-sebaran,32680432,36931165,44981,213811,0.8261885993384649,44981,213811,32679957,36931640
Indonesia,2022-01-25,69871272,69871272,259675,https://covid19.go.id/peta-sebaran,32747827,37123445,67395,192280,0.7404640415904497,67395,192280,32747352,37123920
Indonesia,2022-01-26,70220313,70220313,349041,https://covid19.go.id/peta-sebaran,32822882,37397431,75055,273986,0.7849679550539908,75055,273986,32822407,37397906
Indonesia,2022-01-27,70567046,70567046,346733,https://covid19.go.id/peta-sebaran,32905033,37662013,82151,264582,0.7630712969345289,82151,264582,32904558,37662488
Indonesia,2022-01-28,70939930,70939930,372884,https://covid19.go.id/peta-sebaran,32988819,37951111,83786,289098,0.7753027751257764,83786,289098,32988344,37951586
Indonesia,2022-01-29,71323331,71323331,383401,https://covid19.go.id/peta-sebaran,33084221,38239110,95402,287999,0.7511691414472054,95402,287999,33083746,38239585
Indonesia,2022-01-30,71637728,71637728,314397,https://covid19.go.id/peta-sebaran,33169891,38467837,85670,228727,0.7275101225520599,85670,228727,33169416,38468312
Indonesia,2022-01-31,71637728,71637728,0,https://covid19.go.id/peta-sebaran,33169891,38467837,0,0,0.7275101225520599,0,0,33169416,38468312
Indonesia,2022-02-01,71637728,71637728,0,https://covid19.go.id/peta-sebaran,33169891,38467837,0,0,0.7275101225520599,0,0,33169416,38468312
Indonesia,2022-02-02,71637728,71637728,0,https://covid19.go.id/peta-sebaran,33169891,38467837,0,0,0.7275101225520599,0,0,33169416,38468312
Indonesia,2022-02-03,71637728,71637728,0,https://covid19.go.id/peta-sebaran,33169891,38467837,0,0,0.7275101225520599,0,0,33169416,38468312
Indonesia,2022-02-04,71637728,71637728,0,https://covid19.go.id/peta-sebaran,33169891,38467837,0,0,0.7275101225520599,0,0,33169416,38468312
Indonesia,2022-02-05,71637728,71637728,0,https://covid19.go.id/peta-sebaran,33169891,38467837,0,0,0.7275101225520599,0,0,33169416,38468312
Indonesia,2022-02-06,71637728,71637728,0,https://covid19.go.id/peta-sebaran,34024875,40561282,854984,2093445,0.7100204888772971,0,0,33169416,38468312
Indonesia,2022-02-07,74586157,74586157,2948429,https://covid19.go.id/peta-sebaran,34024875,40561282,0,0,0.7100204888772971,854984,2093445,34024400,40561757
Italy,2021-06-03,66717978,66717978,97633,https://raw.githubusercontent.com/pcm-dpc/COVID-19/master/dati-json/dpc-covid19-ita-andamento-nazionale-latest.json,49557296,17160682,62025,35608,0.3647127508117132,62025,35608,49557296,17160682
Italy,2021-06-04,66938917,66938917,220939,https://raw.githubusercontent.com/pcm-dpc/COVID-19/master/dati-json/dpc-covid19-ita-andamento-nazionale-latest.json,49661208,17277709,103912,117027,0.5296801379566306,103912,117027,49661208,17277709
Italy,2021-06-05,67177549,67177549,238632,https://raw.githubusercontent.com/pcm-dpc/COVID-19/master/dati-json/dpc-covid19-ita-andamento-nazionale-latest.json,49774399,17403150,113191,125441,0.5256671360085823,113191,125441,49774399,17403150
Italy,2021-06-06,67327507,67327507,149958,https://raw.githubusercontent.com/pcm-dpc/COVID-19/master/dati-json/dpc-covid19-ita-andamento-nazionale-latest.json,49862425,17465082,88026,61932,0.4129956387788581,88026,61932,49862425,17465082
Italy,2021-06-07,67412074,67412074,84567,https://raw.githubusercontent.com/pcm-dpc/COVID-19/master/dati-json/dpc-covid19-ita-andamento-nazionale-latest.json,49912181,17499893,49756,34811,0.4116381094280275,49756,34811,49912181,17499893
Italy,2021-06-08,67632991,67632991,220917,https://raw.githubusercontent.com/pcm-dpc/COVID-19/master/dati-json/dpc-covid19-ita-andamento-nazionale-latest.json,50013870,17619121,101689,119228,0.5396959038915068,101689,119228,50013870,17619121
Italy,2021-06-09,67851729,67851729,218738,https://raw.githubusercontent.com/pcm-dpc/COVID-19/master/dati-json/dpc-covid19-ita-andamento-nazionale-latest.json,50136828,17714901,122958,95780,0.4378754491674972,122958,95780,50136828,17714901
Italy,2021-06-10,68057064,68057064,205335,https://raw.githubusercontent.com/pcm-dpc/COVID-19/master/dati-json/dpc-covid19-ita-andamento-nazionale-latest.json,50244071,17812993,107243,98092,0.4777169016485256,107243,98092,50244071,17812993
Italy,2021-06-11,68257459,68257459,200395,https://raw.githubusercontent.com/pcm-dpc/COVID-19/master/dati-json/dpc-covid19-ita-andamento-nazionale-latest.json,50341628,17915831,97557,102838,0.5131764764589934,97557,102838,50341628,17915831
Italy,2021-06-12,68470425,68470425,212966,https://raw.githubusercontent.com/pcm-dpc/COVID-19/master/dati-json/dpc-covid19-ita-andamento-nazionale-latest.json,50436753,18033672,95125,117841,0.5533324568240939,95125,117841,50436753,18033672
Italy,2021-06-13,68604561,68604561,134136,https://raw.githubusercontent.com/pcm-dpc/COVID-19/master/dati-json/dpc-covid19-ita-andamento-nazionale-latest.json,50510527,18094034,73774,60362,0.45000596409614124,73774,60362,50510527,18094034
Italy,2021-06-14,68684085,68684085,79524,https://raw.githubusercontent.com/pcm-dpc/COVID-19/master/dati-json/dpc-covid19-ita-andamento-nazionale-latest.json,50555019,18129066,44492,35032,0.44052110054826216,44492,35032,50555019,18129066
Italy,2021-06-15,68896197,68896197,212112,https://raw.githubusercontent.com/pcm-dpc/COVID-19/master/dati-json/dpc-covid19-ita-andamento-nazionale-latest.json,50656352,18239845,101333,110779,0.5222665384325262,101333,110779,50656352,18239845
Italy,2021-06-16,69099370,69099370,203173,https://raw.githubusercontent.com/pcm-dpc/COVID-19/master/dati-json/dpc-covid19-ita-andamento-nazionale-latest.json,50764084,18335286,107732,95441,0.46975237851486173,107732,95441,50764084,18335286
Italy,2021-06-17,69299685,69299685,200315,https://raw.githubusercontent.com/pcm-dpc/COVID-19/master/dati-json/dpc-covid19-ita-andamento-nazionale-latest.json,50864061,18435624,99977,100338,0.5009010807977435,99977,100338,50864061,18435624
Italy,2021-06-18,69515711,69515711,216026,https://raw.githubusercontent.com/pcm-dpc/COVID-19/master/dati-json/dpc-covid19-ita-andamento-nazionale-latest.json,50952072,18563639,88011,128015,0.5925907066741967,88011,128015,50952072,18563639
Italy,2021-06-19,69765699,69765699,249988,https://raw.githubusercontent.com/pcm-dpc/COVID-19/master/dati-json/dpc-covid19-ita-andamento-nazionale-latest.json,51042709,18722990,90637,159351,0.6374345968606493,90637,159351,51042709,18722990
Italy,2021-06-20,69916221,69916221,150522,https://raw.githubusercontent.com/pcm-dpc/COVID-19/master/dati-json/dpc-covid19-ita-andamento-nazionale-latest.json,51109726,18806495,67017,83505,0.5547694024793718,67017,83505,51109726,18806495
Italy,2021-06-21,69997973,69997973,81752,https://raw.githubusercontent.com/pcm-dpc/COVID-19/master/dati-json/dpc-covid19-ita-andamento-nazionale-latest.json,51149035,18848938,39309,42443,0.5191677267834426,39309,42443,51149035,18848938
Italy,2021-06-22,70190855,70190855,192882,https://raw.githubusercontent.com/pcm-dpc/COVID-19/master/dati-json/dpc-covid19-ita-andamento-nazionale-latest.json,51242092,18948763,93057,99825,0.51754440538775,93057,99825,51242092,18948763
Italy,2021-06-23,70388886,70388886,198031,https://raw.githubusercontent.com/pcm-dpc/COVID-19/master/dati-json/dpc-covid19-ita-andamento-nazionale-latest.json,51346290,19042596,104198,93833,0.47382985492170415,104198,93833,51346290,19042596
Italy,2021-06-24,70577077,70577077,188191,https://raw.githubusercontent.com/pcm-dpc/COVID-19/master/dati-json/dpc-covid19-ita-andamento-nazionale-latest.json,51428966,19148111,82676,105515,0.5606803726001774,82676,105515,51428966,19148111
Italy,2021-06-25,70769618,70769618,192541,https://raw.githubusercontent.com/pcm-dpc/COVID-19/master/dati-json/dpc-covid19-ita-andamento-nazionale-latest.json,51505508,19264110,76542,115999,0.6024638908076722,76542,115999,51505508,19264110
Italy,2021-06-26,70994111,70994111,224493,https://raw.githubusercontent.com/pcm-dpc/COVID-19/master/dati-json/dpc-covid19-ita-andamento-nazionale-latest.json,51585935,19408176,80427,144066,0.6417393860833077,80427,144066,51585935,19408176
Italy,2021-06-27,71132502,71132502,138391,https://raw.githubusercontent.com/pcm-dpc/COVID-19/master/dati-json/dpc-covid19-ita-andamento-nazionale-latest.json,51648557,19483945,62622,75769,0.5474994761220021,62622,75769,51648557,19483945
Italy,2021-06-28,71207555,71207555,75053,https://raw.githubusercontent.com/pcm-dpc/COVID-19/master/dati-json/dpc-covid19-ita-andamento-nazionale-latest.json,51686201,19521354,37644,37409,0.4984344396626384,37644,37409,51686201,19521354
Italy,2021-06-29,71398190,71398190,190635,https://raw.githubusercontent.com/pcm-dpc/COVID-19/master/dati-json/dpc-covid19-ita-andamento-nazionale-latest.json,51772454,19625736,86253,104382,0.5475489810370604,86253,104382,51772454,19625736
Italy,2021-06-30,71583206,71583206,185016,https://raw.githubusercontent.com/pcm-dpc/COVID-19/master/dati-json/dpc-covid19-ita-andamento-nazionale-latest.json,51864808,19718398,92354,92662,0.5008323604445021,92354,92662,51864808,19718398
Italy,2021-07-01,71771680,71771680,188474,https://raw.githubusercontent.com/pcm-dpc/COVID-19/master/dati-json/dpc-covid19-ita-andamento-nazionale-latest.json,51953621,19818059,88813,99661,0.5287785052580197,88813,99661,51953621,19818059
Italy,2021-07-02,71970918,71970918,199238,https://raw.githubusercontent.com/pcm-dpc/COVID-19/master/dati-json/dpc-covid19-ita-andamento-nazionale-latest.json,52036180,19934738,82559,116679,0.5856262359590038,82559,116679,52036180,19934738
Italy,2021-07-03,72199045,72199045,228127,https://raw.githubusercontent.com/pcm-dpc/COVID-19/master/dati-json/dpc-covid19-ita-andamento-nazionale-latest.json,52121065,20077980,84885,143242,0.6279046320689792,84885,143242,52121065,20077980
Italy,2021-07-04,72340685,72340685,141640,https://raw.githubusercontent.com/pcm-dpc/COVID-19/master/dati-json/dpc-covid19-ita-andamento-nazionale-latest.json,52185355,20155330,64290,77350,0.5461027958203897,64290,77350,52185355,20155330
Italy,2021-07-05,72415334,72415334,74649,https://raw.githubusercontent.com/pcm-dpc/COVID-19/master/dati-json/dpc-covid19-ita-andamento-nazionale-latest.json,52219735,20195599,34380,40269,0.5394446007314231,34380,40269,52219735,20195599
Italy,2021-07-06,72607758,72607758,192424,https://raw.githubusercontent.com/pcm-dpc/COVID-19/master/dati-json/dpc-covid19-ita-andamento-nazionale-latest.json,52306087,20301671,86352,106072,0.5512410094374922,86352,106072,52306087,20301671
Italy,2021-07-07,72785735,72785735,177977,https://raw.githubusercontent.com/pcm-dpc/COVID-19/master/dati-json/dpc-covid19-ita-andamento-nazionale-latest.json,52395134,20390601,89047,88930,0.4996713058428898,89047,88930,52395134,20390601
Italy,2021-07-08,72960587,72960587,174852,https://raw.githubusercontent.com/pcm-dpc/COVID-19/master/dati-json/dpc-covid19-ita-andamento-nazionale-latest.json,52481505,20479082,86371,88481,0.5060336741930318,86371,88481,52481505,20479082
Italy,2021-07-09,73157509,73157509,196922,https://raw.githubusercontent.com/pcm-dpc/COVID-19/master/dati-json/dpc-covid19-ita-andamento-nazionale-latest.json,52563607,20593902,82102,114820,0.5830735011832096,82102,114820,52563607,20593902
Italy,2021-07-10,73365928,73365928,208419,https://raw.githubusercontent.com/pcm-dpc/COVID-19/master/dati-json/dpc-covid19-ita-andamento-nazionale-latest.json,52642946,20722982,79339,129080,0.6193293317787726,79339,129080,52642946,20722982
Italy,2021-07-11,73509260,73509260,143332,https://raw.githubusercontent.com/pcm-dpc/COVID-19/master/dati-json/dpc-covid19-ita-andamento-nazionale-latest.json,52708153,20801107,65207,78125,0.5450632098903245,65207,78125,52708153,20801107
Italy,2021-07-12,73582831,73582831,73571,https://raw.githubusercontent.com/pcm-dpc/COVID-19/master/dati-json/dpc-covid19-ita-andamento-nazionale-latest.json,52745243,20837588,37090,36481,0.49586114093868505,37090,36481,52745243,20837588
Italy,2021-07-13,73775374,73775374,192543,https://raw.githubusercontent.com/pcm-dpc/COVID-19/master/dati-json/dpc-covid19-ita-andamento-nazionale-latest.json,52831764,20943610,86521,106022,0.5506406361176465,86521,106022,52831764,20943610
Italy,2021-07-14,73985973,73985973,210599,https://raw.githubusercontent.com/pcm-dpc/COVID-19/master/dati-json/dpc-covid19-ita-andamento-nazionale-latest.json,52933366,21052607,101602,108997,0.5175570634238529,101602,108997,52933366,21052607
Italy,2021-07-15,74176895,74176895,190922,https://raw.githubusercontent.com/pcm-dpc/COVID-19/master/dati-json/dpc-covid19-ita-andamento-nazionale-latest.json,53025450,21151445,92084,98838,0.5176878515833692,92084,98838,53025450,21151445
Italy,2021-07-16,74382497,74382497,205602,https://raw.githubusercontent.com/pcm-dpc/COVID-19/master/dati-json/dpc-covid19-ita-andamento-nazionale-latest.json,53116943,21265554,91493,114109,0.5549994649857491,91493,114109,53116943,21265554
Italy,2021-07-17,74627294,74627294,244797,https://raw.githubusercontent.com/pcm-dpc/COVID-19/master/dati-json/dpc-covid19-ita-andamento-nazionale-latest.json,53205793,21421501,88850,155947,0.637046205631605,88850,155947,53205793,21421501
Italy,2021-07-18,74792563,74792563,165269,https://raw.githubusercontent.com/pcm-dpc/COVID-19/master/dati-json/dpc-covid19-ita-andamento-nazionale-latest.json,53280157,21512406,74364,90905,0.5500426577277046,74364,90905,53280157,21512406
Italy,2021-07-19,74881652,74881652,89089,https://raw.githubusercontent.com/pcm-dpc/COVID-19/master/dati-json/dpc-covid19-ita-andamento-nazionale-latest.json,53327382,21554270,47225,41864,0.46991211036154856,47225,41864,53327382,21554270
Italy,2021-07-20,75100357,75100357,218705,https://raw.githubusercontent.com/pcm-dpc/COVID-19/master/dati-json/dpc-covid19-ita-andamento-nazionale-latest.json,53421858,21678499,94476,124229,0.5680208500034293,94476,124229,53421858,21678499
Italy,2021-07-21,75335454,75335454,235097,https://raw.githubusercontent.com/pcm-dpc/COVID-19/master/dati-json/dpc-covid19-ita-andamento-nazionale-latest.json,53537923,21797531,116065,119032,0.5063101613376606,116065,119032,53537923,21797531
Italy,2021-07-22,75555232,75555232,219778,https://raw.githubusercontent.com/pcm-dpc/COVID-19/master/dati-json/dpc-covid19-ita-andamento-nazionale-latest.json,53639886,21915346,101963,117815,0.5360636642430089,101963,117815,53639886,21915346
Italy,2021-07-23,75792867,75792867,237635,https://raw.githubusercontent.com/pcm-dpc/COVID-19/master/dati-json/dpc-covid19-ita-andamento-nazionale-latest.json,53739841,22053026,99955,137680,0.5793759336798031,99955,137680,53739841,22053026
Italy,2021-07-24,76051796,76051796,258929,https://raw.githubusercontent.com/pcm-dpc/COVID-19/master/dati-json/dpc-covid19-ita-andamento-nazionale-latest.json,53838808,22212988,98967,159962,0.6177832533242703,98967,159962,53838808,22212988
Italy,2021-07-25,76228449,76228449,176653,https://raw.githubusercontent.com/pcm-dpc/COVID-19/master/dati-json/dpc-covid19-ita-andamento-nazionale-latest.json,53914872,22313577,76064,100589,0.5694157472559198,76064,100589,53914872,22313577
Italy,2021-07-26,76316696,76316696,88247,https://raw.githubusercontent.com/pcm-dpc/COVID-19/master/dati-json/dpc-covid19-ita-andamento-nazionale-latest.json,53963263,22353433,48391,39856,0.4516414155722008,48391,39856,53963263,22353433
Italy,2021-07-27,76558586,76558586,241890,https://raw.githubusercontent.com/pcm-dpc/COVID-19/master/dati-json/dpc-covid19-ita-andamento-nazionale-latest.json,54064580,22494006,101317,140573,0.5811443217991649,101317,140573,54064580,22494006
Italy,2021-07-28,76807058,76807058,248472,https://raw.githubusercontent.com/pcm-dpc/COVID-19/master/dati-json/dpc-covid19-ita-andamento-nazionale-latest.json,54187112,22619946,122532,125940,0.5068579155800251,122532,125940,54187112,22619946
Italy,2021-07-29,77031848,77031848,224790,https://raw.githubusercontent.com/pcm-dpc/COVID-19/master/dati-json/dpc-covid19-ita-andamento-nazionale-latest.json,54294154,22737694,107042,117748,0.5238133368922105,107042,117748,54294154,22737694
Italy,2021-07-30,77279334,77279334,247486,https://raw.githubusercontent.com/pcm-dpc/COVID-19/master/dati-json/dpc-covid19-ita-andamento-nazionale-latest.json,54404275,22875059,110121,137365,0.5550414972968168,110121,137365,54404275,22875059
Italy,2021-07-31,77544194,77544194,264860,https://raw.githubusercontent.com/pcm-dpc/COVID-19/master/dati-json/dpc-covid19-ita-andamento-nazionale-latest.json,54497272,23046922,92997,171863,0.6488824284527674,92997,171863,54497272,23046922
Italy,2021-08-01,77711955,77711955,167761,https://raw.githubusercontent.com/pcm-dpc/COVID-19/master/dati-json/dpc-covid19-ita-andamento-nazionale-latest.json,54569773,23142182,72501,95260,0.5678316175988459,72501,95260,54569773,23142182
Italy,2021-08-02,77795178,77795178,83223,https://raw.githubusercontent.com/pcm-dpc/COVID-19/master/dati-json/dpc-covid19-ita-andamento-nazionale-latest.json,54612288,23182890,42515,40708,0.48914362616103724,42515,40708,54612288,23182890
Italy,2021-08-03,78004897,78004897,209719,https://raw.githubusercontent.com/pcm-dpc/COVID-19/master/dati-json/dpc-covid19-ita-andamento-nazionale-latest.json,54704552,23300345,92264,117455,0.5600589360048446,92264,117455,54704552,23300345
Italy,2021-08-04,78220645,78220645,215748,https://raw.githubusercontent.com/pcm-dpc/COVID-19/master/dati-json/dpc-covid19-ita-andamento-nazionale-latest.json,54812163,23408482,107611,108137,0.5012190147764986,107611,108137,54812163,23408482
Italy,2021-08-05,78432872,78432872,212227,https://raw.githubusercontent.com/pcm-dpc/COVID-19/master/dati-json/dpc-covid19-ita-andamento-nazionale-latest.json,54910966,23521906,98803,113424,0.5344466066994303,98803,113424,54910966,23521906
Italy,2021-08-06,78677529,78677529,244657,https://raw.githubusercontent.com/pcm-dpc/COVID-19/master/dati-json/dpc-covid19-ita-andamento-nazionale-latest.json,55012203,23665326,101237,143420,0.5862084469277397,101237,143420,55012203,23665326
Italy,2021-08-07,78971392,78971392,293863,https://raw.githubusercontent.com/pcm-dpc/COVID-19/master/dati-json/dpc-covid19-ita-andamento-nazionale-latest.json,55108789,23862603,96586,197277,0.671323031480656,96586,197277,55108789,23862603
Italy,2021-08-08,79174903,79174903,203511,https://raw.githubusercontent.com/pcm-dpc/COVID-19/master/dati-json/dpc-covid19-ita-andamento-nazionale-latest.json,55182257,23992646,73468,130043,0.6389974006319069,73468,130043,55182257,23992646
Italy,2021-08-09,79277767,79277767,102864,https://raw.githubusercontent.com/pcm-dpc/COVID-19/master/dati-json/dpc-covid19-ita-andamento-nazionale-latest.json,55225285,24052482,43028,59836,0.5817001088816302,43028,59836,55225285,24052482
Italy,2021-08-10,79277767,79277767,0,https://raw.githubusercontent.com/pcm-dpc/COVID-19/master/dati-json/dpc-covid19-ita-andamento-nazionale-latest.json,55225285,24052482,0,0,0.5817001088816302,0,0,55225285,24052482
Italy,2021-08-11,79749572,79749572,471805,https://raw.githubusercontent.com/pcm-dpc/COVID-19/master/dati-json/dpc-covid19-ita-andamento-nazionale-latest.json,55419637,24329935,194352,277453,0.5880671039942349,194352,277453,55419637,24329935
Italy,2021-08-12,79966541,79966541,216969,https://raw.githubusercontent.com/pcm-dpc/COVID-19/master/dati-json/dpc-covid19-ita-andamento-nazionale-latest.json,55513139,24453402,93502,123467,0.5690536436080731,93502,123467,55513139,24453402
Italy,2021-08-13,80192027,80192027,225486,https://raw.githubusercontent.com/pcm-dpc/COVID-19/master/dati-json/dpc-covid19-ita-andamento-nazionale-latest.json,55608773,24583254,95634,129852,0.5758761076075677,95634,129852,55608773,24583254
Italy,2021-08-14,80446033,80446033,254006,https://raw.githubusercontent.com/pcm-dpc/COVID-19/master/dati-json/dpc-covid19-ita-andamento-nazionale-latest.json,55698982,24747051,90209,163797,0.6448548459485209,90209,163797,55698982,24747051
Italy,2021-08-15,80606903,80606903,160870,https://raw.githubusercontent.com/pcm-dpc/COVID-19/master/dati-json/dpc-covid19-ita-andamento-nazionale-latest.json,55763772,24843131,64790,96080,0.5972524398582707,64790,96080,55763772,24843131
Italy,2021-08-16,80680924,80680924,74021,https://raw.githubusercontent.com/pcm-dpc/COVID-19/master/dati-json/dpc-covid19-ita-andamento-nazionale-latest.json,55801186,24879738,37414,36607,0.49454884424690293,37414,36607,55801186,24879738
Italy,2021-08-17,80918997,80918997,238073,https://raw.githubusercontent.com/pcm-dpc/COVID-19/master/dati-json/dpc-covid19-ita-andamento-nazionale-latest.json,55887829,25031168,86643,151430,0.6360654085091547,86643,151430,55887829,25031168
Italy,2021-08-18,81145420,81145420,226423,https://raw.githubusercontent.com/pcm-dpc/COVID-19/master/dati-json/dpc-covid19-ita-andamento-nazionale-latest.json,55987914,25157506,100085,126338,0.5579733507638358,100085,126338,55987914,25157506
Italy,2021-08-19,81351951,81351951,206531,https://raw.githubusercontent.com/pcm-dpc/COVID-19/master/dati-json/dpc-covid19-ita-andamento-nazionale-latest.json,56076867,25275084,88953,117578,0.5692995240423956,88953,117578,56076867,25275084
Italy,2021-08-20,81572607,81572607,220656,https://raw.githubusercontent.com/pcm-dpc/COVID-19/master/dati-json/dpc-covid19-ita-andamento-nazionale-latest.json,56162599,25410008,85732,134924,0.6114676238126314,85732,134924,56162599,25410008
Italy,2021-08-21,81827825,81827825,255218,https://raw.githubusercontent.com/pcm-dpc/COVID-19/master/dati-json/dpc-covid19-ita-andamento-nazionale-latest.json,56252852,25574973,90253,164965,0.6463689865134904,90253,164965,56252852,25574973
Italy,2021-08-22,82003364,82003364,175539,https://raw.githubusercontent.com/pcm-dpc/COVID-19/master/dati-json/dpc-covid19-ita-andamento-nazionale-latest.json,56322084,25681280,69232,106307,0.605603313223842,69232,106307,56322084,25681280
Italy,2021-08-23,82104705,82104705,101341,https://raw.githubusercontent.com/pcm-dpc/COVID-19/master/dati-json/dpc-covid19-ita-andamento-nazionale-latest.json,56364064,25740641,41980,59361,0.5857550251132315,41980,59361,56364064,25740641
Italy,2021-08-24,82370951,82370951,266246,https://raw.githubusercontent.com/pcm-dpc/COVID-19/master/dati-json/dpc-covid19-ita-andamento-nazionale-latest.json,56461924,25909027,97860,168386,0.6324451822750389,97860,168386,56461924,25909027
Italy,2021-08-25,82615371,82615371,244420,https://raw.githubusercontent.com/pcm-dpc/COVID-19/master/dati-json/dpc-covid19-ita-andamento-nazionale-latest.json,56574161,26041210,112237,132183,0.5408027166352999,112237,132183,56574161,26041210
Italy,2021-08-26,82836243,82836243,220872,https://raw.githubusercontent.com/pcm-dpc/COVID-19/master/dati-json/dpc-covid19-ita-andamento-nazionale-latest.json,56670393,26165850,96232,124640,0.5643087399036546,96232,124640,56670393,26165850
Italy,2021-08-27,83101723,83101723,265480,https://raw.githubusercontent.com/pcm-dpc/COVID-19/master/dati-json/dpc-covid19-ita-andamento-nazionale-latest.json,56770912,26330811,100519,164961,0.6213688413439807,100519,164961,56770912,26330811
Italy,2021-08-28,83395187,83395187,293464,https://raw.githubusercontent.com/pcm-dpc/COVID-19/master/dati-json/dpc-covid19-ita-andamento-nazionale-latest.json,56866439,26528748,95527,197937,0.6744847749638797,95527,197937,56866439,26528748
Italy,2021-08-29,83618273,83618273,223086,https://raw.githubusercontent.com/pcm-dpc/COVID-19/master/dati-json/dpc-covid19-ita-andamento-nazionale-latest.json,56947693,26670580,81254,141832,0.6357727513156362,81254,141832,56947693,26670580
Italy,2021-08-30,83728076,83728076,109803,https://raw.githubusercontent.com/pcm-dpc/COVID-19/master/dati-json/dpc-covid19-ita-andamento-nazionale-latest.json,56997959,26730117,50266,59537,0.5422165150314654,50266,59537,56997959,26730117
Italy,2021-08-31,84035719,84035719,307643,https://raw.githubusercontent.com/pcm-dpc/COVID-19/master/dati-json/dpc-covid19-ita-andamento-nazionale-latest.json,57111626,26924093,113667,193976,0.6305230413173711,113667,193976,57111626,26924093
Italy,2021-09-01,84339436,84339436,303717,https://raw.githubusercontent.com/pcm-dpc/COVID-19/master/dati-json/dpc-covid19-ita-andamento-nazionale-latest.json,57232920,27106516,121294,182423,0.6006348014763744,121294,182423,57232920,27106516
Italy,2021-09-02,84632503,84632503,293067,https://raw.githubusercontent.com/pcm-dpc/COVID-19/master/dati-json/dpc-covid19-ita-andamento-nazionale-latest.json,57350136,27282367,117216,175851,0.6000368516414335,117216,175851,57350136,27282367
Italy,2021-09-03,84928897,84928897,296394,https://raw.githubusercontent.com/pcm-dpc/COVID-19/master/dati-json/dpc-covid19-ita-andamento-nazionale-latest.json,57475534,27453363,125398,170996,0.5769212602144443,125398,170996,57475534,27453363
Italy,2021-09-04,85260247,85260247,331350,https://raw.githubusercontent.com/pcm-dpc/COVID-19/master/dati-json/dpc-covid19-ita-andamento-nazionale-latest.json,57568980,27691267,93446,237904,0.7179840048287309,93446,237904,57568980,27691267
Italy,2021-09-05,85520003,85520003,259756,https://raw.githubusercontent.com/pcm-dpc/COVID-19/master/dati-json/dpc-covid19-ita-andamento-nazionale-latest.json,57647826,27872177,78846,180910,0.6964612944455566,78846,180910,57647826,27872177
Italy,2021-09-06,85654396,85654396,134393,https://raw.githubusercontent.com/pcm-dpc/COVID-19/master/dati-json/dpc-covid19-ita-andamento-nazionale-latest.json,57696131,27958265,48305,86088,0.6405690772584882,48305,86088,57696131,27958265
Italy,2021-09-07,85973261,85973261,318865,https://raw.githubusercontent.com/pcm-dpc/COVID-19/master/dati-json/dpc-covid19-ita-andamento-nazionale-latest.json,57802636,28170625,106505,212360,0.6659871732551393,106505,212360,57802636,28170625
Italy,2021-09-08,86275241,86275241,301980,https://raw.githubusercontent.com/pcm-dpc/COVID-19/master/dati-json/dpc-covid19-ita-andamento-nazionale-latest.json,57934218,28341023,131582,170398,0.5642691568978078,131582,170398,57934218,28341023
Italy,2021-09-09,86566709,86566709,291468,https://raw.githubusercontent.com/pcm-dpc/COVID-19/master/dati-json/dpc-covid19-ita-andamento-nazionale-latest.json,58047899,28518810,113681,177787,0.6099709058970453,113681,177787,58047899,28518810
Italy,2021-09-10,86852737,86852737,286028,https://raw.githubusercontent.com/pcm-dpc/COVID-19/master/dati-json/dpc-covid19-ita-andamento-nazionale-latest.json,58154366,28698371,106467,179561,0.6277742039240913,106467,179561,58154366,28698371
Italy,2021-09-11,87186478,87186478,333741,https://raw.githubusercontent.com/pcm-dpc/COVID-19/master/dati-json/dpc-covid19-ita-andamento-nazionale-latest.json,58258247,28928231,103881,229860,0.6887376738249121,103881,229860,58258247,28928231
Italy,2021-09-12,87453836,87453836,267358,https://raw.githubusercontent.com/pcm-dpc/COVID-19/master/dati-json/dpc-covid19-ita-andamento-nazionale-latest.json,58348470,29105366,90223,177135,0.6625386186311987,90223,177135,58348470,29105366
Italy,2021-09-13,87573881,87573881,120045,https://raw.githubusercontent.com/pcm-dpc/COVID-19/master/dati-json/dpc-covid19-ita-andamento-nazionale-latest.json,58398719,29175162,50249,69796,0.5814153025948603,50249,69796,58398719,29175162
Italy,2021-09-14,87892474,87892474,318593,https://raw.githubusercontent.com/pcm-dpc/COVID-19/master/dati-json/dpc-covid19-ita-andamento-nazionale-latest.json,58507212,29385262,108493,210100,0.6594620722991403,108493,210100,58507212,29385262
Italy,2021-09-15,88210140,88210140,317666,https://raw.githubusercontent.com/pcm-dpc/COVID-19/master/dati-json/dpc-covid19-ita-andamento-nazionale-latest.json,58633294,29576846,126082,191584,0.6030988522536249,126082,191584,58633294,29576846
Italy,2021-09-16,88516407,88516407,306267,https://raw.githubusercontent.com/pcm-dpc/COVID-19/master/dati-json/dpc-covid19-ita-andamento-nazionale-latest.json,58745788,29770619,112494,193773,0.6326930423454045,112494,193773,58745788,29770619
Italy,2021-09-17,88800986,88800986,284579,https://raw.githubusercontent.com/pcm-dpc/COVID-19/master/dati-json/dpc-covid19-ita-andamento-nazionale-latest.json,58845032,29955954,99244,185335,0.6512602827334413,99244,185335,58845032,29955954
Italy,2021-09-18,89156919,89156919,355933,https://raw.githubusercontent.com/pcm-dpc/COVID-19/master/dati-json/dpc-covid19-ita-andamento-nazionale-latest.json,58960530,30196389,115498,240435,0.6755063452953224,115498,240435,58960530,30196389
Italy,2021-09-19,89420490,89420490,263571,https://raw.githubusercontent.com/pcm-dpc/COVID-19/master/dati-json/dpc-covid19-ita-andamento-nazionale-latest.json,59041923,30378567,81393,182178,0.6911913677908419,81393,182178,59041923,30378567
Italy,2021-09-20,89542931,89542931,122441,https://raw.githubusercontent.com/pcm-dpc/COVID-19/master/dati-json/dpc-covid19-ita-andamento-nazionale-latest.json,59091430,30451501,49507,72934,0.5956664842658913,49507,72934,59091430,30451501
Italy,2021-09-21,89873206,89873206,330275,https://raw.githubusercontent.com/pcm-dpc/COVID-19/master/dati-json/dpc-covid19-ita-andamento-nazionale-latest.json,59203516,30669690,112086,218189,0.6606282643251835,112086,218189,59203516,30669690
Italy,2021-09-22,90166078,90166078,292872,https://raw.githubusercontent.com/pcm-dpc/COVID-19/master/dati-json/dpc-covid19-ita-andamento-nazionale-latest.json,59327279,30838799,123763,169109,0.5774160725504658,123763,169109,59327279,30838799
Italy,2021-09-23,90487632,90487632,321554,https://raw.githubusercontent.com/pcm-dpc/COVID-19/master/dati-json/dpc-covid19-ita-andamento-nazionale-latest.json,59450226,31037406,122947,198607,0.6176474246938306,122947,198607,59450226,31037406
Italy,2021-09-24,90765140,90765140,277508,https://raw.githubusercontent.com/pcm-dpc/COVID-19/master/dati-json/dpc-covid19-ita-andamento-nazionale-latest.json,59546939,31218201,96713,180795,0.6514947316834109,96713,180795,59546939,31218201
Italy,2021-09-25,91122631,91122631,357491,https://raw.githubusercontent.com/pcm-dpc/COVID-19/master/dati-json/dpc-covid19-ita-andamento-nazionale-latest.json,59652090,31470541,105151,252340,0.7058639238470339,105151,252340,59652090,31470541
Italy,2021-09-26,91398852,91398852,276221,https://raw.githubusercontent.com/pcm-dpc/COVID-19/master/dati-json/dpc-covid19-ita-andamento-nazionale-latest.json,59739534,31659318,87444,188777,0.6834274005234938,87444,188777,59739534,31659318
Italy,2021-09-27,91522929,91522929,124077,https://raw.githubusercontent.com/pcm-dpc/COVID-19/master/dati-json/dpc-covid19-ita-andamento-nazionale-latest.json,59787712,31735217,48178,75899,0.6117088582090153,48178,75899,59787712,31735217
Italy,2021-09-28,91861354,91861354,338425,https://raw.githubusercontent.com/pcm-dpc/COVID-19/master/dati-json/dpc-covid19-ita-andamento-nazionale-latest.json,59905325,31956029,117613,220812,0.6524695279604048,117613,220812,59905325,31956029
Italy,2021-09-29,92156806,92156806,295452,https://raw.githubusercontent.com/pcm-dpc/COVID-19/master/dati-json/dpc-covid19-ita-andamento-nazionale-latest.json,60028656,32128150,123331,172121,0.582568403666247,123331,172121,60028656,32128150
Italy,2021-09-30,92465642,92465642,308836,https://raw.githubusercontent.com/pcm-dpc/COVID-19/master/dati-json/dpc-covid19-ita-andamento-nazionale-latest.json,60150908,32314734,122252,186584,0.6041523656568535,122252,186584,60150908,32314734
Italy,2021-10-01,92759111,92759111,293469,https://raw.githubusercontent.com/pcm-dpc/COVID-19/master/dati-json/dpc-covid19-ita-andamento-nazionale-latest.json,60259807,32499304,108899,184570,0.6289250312639495,108899,184570,60259807,32499304
Italy,2021-10-02,93115007,93115007,355896,https://raw.githubusercontent.com/pcm-dpc/COVID-19/master/dati-json/dpc-covid19-ita-andamento-nazionale-latest.json,60372560,32742447,112753,243143,0.6831855373479893,112753,243143,60372560,32742447
Italy,2021-10-03,93400967,93400967,285960,https://raw.githubusercontent.com/pcm-dpc/COVID-19/master/dati-json/dpc-covid19-ita-andamento-nazionale-latest.json,60459617,32941350,87057,198903,0.6955623164078892,87057,198903,60459617,32941350
Italy,2021-10-04,93523181,93523181,122214,https://raw.githubusercontent.com/pcm-dpc/COVID-19/master/dati-json/dpc-covid19-ita-andamento-nazionale-latest.json,60510390,33012791,50773,71441,0.584556597443828,50773,71441,60510390,33012791
Italy,2021-10-05,93845463,93845463,322282,https://raw.githubusercontent.com/pcm-dpc/COVID-19/master/dati-json/dpc-covid19-ita-andamento-nazionale-latest.json,60615507,33229956,105117,217165,0.6738353367547676,105117,217165,60615507,33229956
Italy,2021-10-06,94147236,94147236,301773,https://raw.githubusercontent.com/pcm-dpc/COVID-19/master/dati-json/dpc-covid19-ita-andamento-nazionale-latest.json,60748686,33398550,133179,168594,0.5586782117684485,133179,168594,60748686,33398550
Italy,2021-10-07,94444592,94444592,297356,https://raw.githubusercontent.com/pcm-dpc/COVID-19/master/dati-json/dpc-covid19-ita-andamento-nazionale-latest.json,60863483,33581109,114797,182559,0.6139408654945587,114797,182559,60863483,33581109
Italy,2021-10-08,94716158,94716158,271566,https://raw.githubusercontent.com/pcm-dpc/COVID-19/master/dati-json/dpc-covid19-ita-andamento-nazionale-latest.json,60971361,33744797,107878,163688,0.6027558678185045,107878,163688,60971361,33744797
Italy,2021-10-09,95061127,95061127,344969,https://raw.githubusercontent.com/pcm-dpc/COVID-19/master/dati-json/dpc-covid19-ita-andamento-nazionale-latest.json,61075375,33985752,104014,240955,0.6984830521003337,104014,240955,61075375,33985752
Italy,2021-10-10,95331171,95331171,270044,https://raw.githubusercontent.com/pcm-dpc/COVID-19/master/dati-json/dpc-covid19-ita-andamento-nazionale-latest.json,61154936,34176235,79561,190483,0.705377642162018,79561,190483,61154936,34176235
Italy,2021-10-11,95445947,95445947,114776,https://raw.githubusercontent.com/pcm-dpc/COVID-19/master/dati-json/dpc-covid19-ita-andamento-nazionale-latest.json,61203810,34242137,48874,65902,0.57417927092772,48874,65902,61203810,34242137
Italy,2021-10-12,95761232,95761232,315285,https://raw.githubusercontent.com/pcm-dpc/COVID-19/master/dati-json/dpc-covid19-ita-andamento-nazionale-latest.json,61308451,34452781,104641,210644,0.6681066336806382,104641,210644,61308451,34452781
Italy,2021-10-13,96040177,96040177,278945,https://raw.githubusercontent.com/pcm-dpc/COVID-19/master/dati-json/dpc-covid19-ita-andamento-nazionale-latest.json,61428982,34611195,120531,158414,0.5679040671100037,120531,158414,61428982,34611195
Italy,2021-10-14,96364791,96364791,324614,https://raw.githubusercontent.com/pcm-dpc/COVID-19/master/dati-json/dpc-covid19-ita-andamento-nazionale-latest.json,61540896,34823895,111914,212700,0.6552397616861872,111914,212700,61540896,34823895
Italy,2021-10-15,96870834,96870834,506043,https://raw.githubusercontent.com/pcm-dpc/COVID-19/master/dati-json/dpc-covid19-ita-andamento-nazionale-latest.json,61650555,35220279,109659,396384,0.7833010238260385,109659,396384,61650555,35220279
Italy,2021-10-16,97343369,97343369,472535,https://raw.githubusercontent.com/pcm-dpc/COVID-19/master/dati-json/dpc-covid19-ita-andamento-nazionale-latest.json,61765276,35578093,114721,357814,0.7572222163437629,114721,357814,61765276,35578093
Italy,2021-10-17,97724420,97724420,381051,https://raw.githubusercontent.com/pcm-dpc/COVID-19/master/dati-json/dpc-covid19-ita-andamento-nazionale-latest.json,61844834,35879586,79558,301493,0.7912142993982433,79558,301493,61844834,35879586
Italy,2021-10-18,97944298,97944298,219878,https://raw.githubusercontent.com/pcm-dpc/COVID-19/master/dati-json/dpc-covid19-ita-andamento-nazionale-latest.json,61889258,36055040,44424,175454,0.7979606872902246,44424,175454,61889258,36055040
Italy,2021-10-19,98606298,98606298,662000,https://raw.githubusercontent.com/pcm-dpc/COVID-19/master/dati-json/dpc-covid19-ita-andamento-nazionale-latest.json,62002436,36603862,113178,548822,0.8290362537764351,113178,548822,62002436,36603862
Italy,2021-10-20,99091911,99091911,485613,https://raw.githubusercontent.com/pcm-dpc/COVID-19/master/dati-json/dpc-covid19-ita-andamento-nazionale-latest.json,62124122,36967789,121686,363927,0.7494177462300227,121686,363927,62124122,36967789
Italy,2021-10-21,99666582,99666582,574671,https://raw.githubusercontent.com/pcm-dpc/COVID-19/master/dati-json/dpc-covid19-ita-andamento-nazionale-latest.json,62238970,37427612,114848,459823,0.800149998868918,114848,459823,62238970,37427612
Italy,2021-10-22,100153800,100153800,487218,https://raw.githubusercontent.com/pcm-dpc/COVID-19/master/dati-json/dpc-covid19-ita-andamento-nazionale-latest.json,62351624,37802176,112654,374564,0.7687811205661531,112654,374564,62351624,37802176
Italy,2021-10-23,100645374,100645374,491574,https://raw.githubusercontent.com/pcm-dpc/COVID-19/master/dati-json/dpc-covid19-ita-andamento-nazionale-latest.json,62457189,38188185,105565,386009,0.785251050706506,105565,386009,62457189,38188185
Italy,2021-10-24,101049089,101049089,403715,https://raw.githubusercontent.com/pcm-dpc/COVID-19/master/dati-json/dpc-covid19-ita-andamento-nazionale-latest.json,62540445,38508644,83256,320459,0.7937753117917342,83256,320459,62540445,38508644
Italy,2021-10-25,101271474,101271474,222385,https://raw.githubusercontent.com/pcm-dpc/COVID-19/master/dati-json/dpc-covid19-ita-andamento-nazionale-latest.json,62589472,38682002,49027,173358,0.7795399869595522,49027,173358,62589472,38682002
Italy,2021-10-26,101911219,101911219,639745,https://raw.githubusercontent.com/pcm-dpc/COVID-19/master/dati-json/dpc-covid19-ita-andamento-nazionale-latest.json,62702807,39208412,113335,526410,0.8228434766977467,113335,526410,62702807,39208412
Italy,2021-10-27,102379323,102379323,468104,https://raw.githubusercontent.com/pcm-dpc/COVID-19/master/dati-json/dpc-covid19-ita-andamento-nazionale-latest.json,62828246,39551077,125439,342665,0.7320274981628014,125439,342665,62828246,39551077
Italy,2021-10-28,102949658,102949658,570335,https://raw.githubusercontent.com/pcm-dpc/COVID-19/master/dati-json/dpc-covid19-ita-andamento-nazionale-latest.json,62951716,39997942,123470,446865,0.7835131983834063,123470,446865,62951716,39997942
Italy,2021-10-29,103424436,103424436,474778,https://raw.githubusercontent.com/pcm-dpc/COVID-19/master/dati-json/dpc-covid19-ita-andamento-nazionale-latest.json,63079137,40345299,127421,347357,0.7316198307419468,127421,347357,63079137,40345299
Italy,2021-10-30,103901788,103901788,477352,https://raw.githubusercontent.com/pcm-dpc/COVID-19/master/dati-json/dpc-covid19-ita-andamento-nazionale-latest.json,63187420,40714368,108283,369069,0.7731590105414872,108283,369069,63187420,40714368
Italy,2021-10-31,104251958,104251958,350170,https://raw.githubusercontent.com/pcm-dpc/COVID-19/master/dati-json/dpc-covid19-ita-andamento-nazionale-latest.json,63271453,40980505,84033,266137,0.7600222748950509,84033,266137,63271453,40980505
Italy,2021-11-01,104398683,104398683,146725,https://raw.githubusercontent.com/pcm-dpc/COVID-19/master/dati-json/dpc-covid19-ita-andamento-nazionale-latest.json,63316846,41081837,45393,101332,0.6906253194752088,45393,101332,63316846,41081837
Italy,2021-11-02,104637037,104637037,238354,https://raw.githubusercontent.com/pcm-dpc/COVID-19/master/dati-json/dpc-covid19-ita-andamento-nazionale-latest.json,63378327,41258710,61481,176873,0.7420601290517466,61481,176873,63378327,41258710
Italy,2021-11-03,105354348,105354348,717311,https://raw.githubusercontent.com/pcm-dpc/COVID-19/master/dati-json/dpc-covid19-ita-andamento-nazionale-latest.json,63507841,41846507,129514,587797,0.8194451221297318,129514,587797,63507841,41846507
Italy,2021-11-04,105868977,105868977,514629,https://raw.githubusercontent.com/pcm-dpc/COVID-19/master/dati-json/dpc-covid19-ita-andamento-nazionale-latest.json,63645336,42223641,137495,377134,0.7328269491225718,137495,377134,63645336,42223641
Italy,2021-11-05,106412391,106412391,543414,https://raw.githubusercontent.com/pcm-dpc/COVID-19/master/dati-json/dpc-covid19-ita-andamento-nazionale-latest.json,63773771,42638620,128435,414979,0.7636516541715892,128435,414979,63773771,42638620
Italy,2021-11-06,106904353,106904353,491962,https://raw.githubusercontent.com/pcm-dpc/COVID-19/master/dati-json/dpc-covid19-ita-andamento-nazionale-latest.json,63906880,42997473,133109,358853,0.7294323545314475,133109,358853,63906880,42997473
Italy,2021-11-07,107339124,107339124,434771,https://raw.githubusercontent.com/pcm-dpc/COVID-19/master/dati-json/dpc-covid19-ita-andamento-nazionale-latest.json,64006304,43332820,99424,335347,0.7713186942091353,99424,335347,64006304,43332820
Italy,2021-11-08,107588239,107588239,249115,https://raw.githubusercontent.com/pcm-dpc/COVID-19/master/dati-json/dpc-covid19-ita-andamento-nazionale-latest.json,64068951,43519288,62647,186468,0.748521767055376,62647,186468,64068951,43519288
Italy,2021-11-09,108233928,108233928,645689,https://raw.githubusercontent.com/pcm-dpc/COVID-19/master/dati-json/dpc-covid19-ita-andamento-nazionale-latest.json,64198051,44035877,129100,516589,0.8000585421154767,129100,516589,64198051,44035877
Italy,2021-11-10,108721546,108721546,487618,https://raw.githubusercontent.com/pcm-dpc/COVID-19/master/dati-json/dpc-covid19-ita-andamento-nazionale-latest.json,64344604,44376942,146553,341065,0.6994512097584584,146553,341065,64344604,44376942
Italy,2021-11-11,109317358,109317358,595812,https://raw.githubusercontent.com/pcm-dpc/COVID-19/master/dati-json/dpc-covid19-ita-andamento-nazionale-latest.json,64490144,44827214,145540,450272,0.7557283169858949,145540,450272,64490144,44827214
Italy,2021-11-12,109816293,109816293,498935,https://raw.githubusercontent.com/pcm-dpc/COVID-19/master/dati-json/dpc-covid19-ita-andamento-nazionale-latest.json,64623457,45192836,133313,365622,0.7328048743824346,133313,365622,64623457,45192836
Italy,2021-11-13,110356664,110356664,540371,https://raw.githubusercontent.com/pcm-dpc/COVID-19/master/dati-json/dpc-covid19-ita-andamento-nazionale-latest.json,64758767,45597897,135310,405061,0.7495979614005933,135310,405061,64758767,45597897
Italy,2021-11-14,110802257,110802257,445593,https://raw.githubusercontent.com/pcm-dpc/COVID-19/master/dati-json/dpc-covid19-ita-andamento-nazionale-latest.json,64864335,45937922,105568,340025,0.7630842495281569,105568,340025,64864335,45937922
Italy,2021-11-15,111051082,111051082,248825,https://raw.githubusercontent.com/pcm-dpc/COVID-19/master/dati-json/dpc-covid19-ita-andamento-nazionale-latest.json,64929977,46121105,65642,183183,0.7361921028835527,65642,183183,64929977,46121105
Italy,2021-11-16,111735792,111735792,684710,https://raw.githubusercontent.com/pcm-dpc/COVID-19/master/dati-json/dpc-covid19-ita-andamento-nazionale-latest.json,65078921,46656871,148944,535766,0.7824714112543997,148944,535766,65078921,46656871
Italy,2021-11-17,112273557,112273557,537765,https://raw.githubusercontent.com/pcm-dpc/COVID-19/master/dati-json/dpc-covid19-ita-andamento-nazionale-latest.json,65254872,47018685,175951,361814,0.6728106143017861,175951,361814,65254872,47018685
Italy,2021-11-18,112899331,112899331,625774,https://raw.githubusercontent.com/pcm-dpc/COVID-19/master/dati-json/dpc-covid19-ita-andamento-nazionale-latest.json,65417133,47482198,162261,463513,0.7407035127697859,162261,463513,65417133,47482198
Italy,2021-11-19,113441297,113441297,541966,https://raw.githubusercontent.com/pcm-dpc/COVID-19/master/dati-json/dpc-covid19-ita-andamento-nazionale-latest.json,65576766,47864531,159633,382333,0.7054556927925368,159633,382333,65576766,47864531
Italy,2021-11-20,114012631,114012631,571334,https://raw.githubusercontent.com/pcm-dpc/COVID-19/master/dati-json/dpc-covid19-ita-andamento-nazionale-latest.json,65732775,48279856,156009,415325,0.7269390584141675,156009,415325,65732775,48279856
Italy,2021-11-21,114499740,114499740,487109,https://raw.githubusercontent.com/pcm-dpc/COVID-19/master/dati-json/dpc-covid19-ita-andamento-nazionale-latest.json,65859791,48639949,127016,360093,0.7392452202689747,127016,360093,65859791,48639949
Italy,2021-11-22,114767310,114767310,267570,https://raw.githubusercontent.com/pcm-dpc/COVID-19/master/dati-json/dpc-covid19-ita-andamento-nazionale-latest.json,65933097,48834213,73306,194264,0.7260305714392495,73306,194264,65933097,48834213
Italy,2021-11-23,115456590,115456590,689280,https://raw.githubusercontent.com/pcm-dpc/COVID-19/master/dati-json/dpc-covid19-ita-andamento-nazionale-latest.json,66090711,49365879,157614,531666,0.7713353064066852,157614,531666,66090711,49365879
Italy,2021-11-24,116019095,116019095,562505,https://raw.githubusercontent.com/pcm-dpc/COVID-19/master/dati-json/dpc-covid19-ita-andamento-nazionale-latest.json,66278086,49741009,187375,375130,0.6668918498502235,187375,375130,66278086,49741009
Italy,2021-11-25,116669093,116669093,649998,https://raw.githubusercontent.com/pcm-dpc/COVID-19/master/dati-json/dpc-covid19-ita-andamento-nazionale-latest.json,66454367,50214726,176281,473717,0.7287976270696217,176281,473717,66454367,50214726
Italy,2021-11-26,117226273,117226273,557180,https://raw.githubusercontent.com/pcm-dpc/COVID-19/master/dati-json/dpc-covid19-ita-andamento-nazionale-latest.json,66622177,50604096,167810,389370,0.6988226425930579,167810,389370,66622177,50604096
Italy,2021-11-27,117823171,117823171,596898,https://raw.githubusercontent.com/pcm-dpc/COVID-19/master/dati-json/dpc-covid19-ita-andamento-nazionale-latest.json,66793350,51029821,171173,425725,0.7132290609115796,171173,425725,66793350,51029821
Italy,2021-11-28,118335763,118335763,512592,https://raw.githubusercontent.com/pcm-dpc/COVID-19/master/dati-json/dpc-covid19-ita-andamento-nazionale-latest.json,66928963,51406800,135613,376979,0.7354367606205325,135613,376979,66928963,51406800
Italy,2021-11-29,118611763,118611763,276000,https://raw.githubusercontent.com/pcm-dpc/COVID-19/master/dati-json/dpc-covid19-ita-andamento-nazionale-latest.json,67009417,51602346,80454,195546,0.7085,80454,195546,67009417,51602346
Italy,2021-11-30,119331735,119331735,719972,https://raw.githubusercontent.com/pcm-dpc/COVID-19/master/dati-json/dpc-covid19-ita-andamento-nazionale-latest.json,67180429,52151306,171012,548960,0.7624740962148528,171012,548960,67180429,52151306
Italy,2021-12-01,119905510,119905510,573775,https://raw.githubusercontent.com/pcm-dpc/COVID-19/master/dati-json/dpc-covid19-ita-andamento-nazionale-latest.json,67376786,52528724,196357,377418,0.6577804888675874,196357,377418,67376786,52528724
Italy,2021-12-02,120584972,120584972,679462,https://raw.githubusercontent.com/pcm-dpc/COVID-19/master/dati-json/dpc-covid19-ita-andamento-nazionale-latest.json,67574694,53010278,197908,481554,0.7087283762741698,197908,481554,67574694,53010278
Italy,2021-12-03,121173417,121173417,588445,https://raw.githubusercontent.com/pcm-dpc/COVID-19/master/dati-json/dpc-covid19-ita-andamento-nazionale-latest.json,67759212,53414205,184518,403927,0.686431187281734,184518,403927,67759212,53414205
Italy,2021-12-04,121810009,121810009,636592,https://raw.githubusercontent.com/pcm-dpc/COVID-19/master/dati-json/dpc-covid19-ita-andamento-nazionale-latest.json,67938532,53871477,179320,457272,0.7183125141377837,179320,457272,67938532,53871477
Italy,2021-12-05,122335117,122335117,525108,https://raw.githubusercontent.com/pcm-dpc/COVID-19/master/dati-json/dpc-covid19-ita-andamento-nazionale-latest.json,68082495,54252622,143963,381145,0.7258411602946442,143963,381145,68082495,54252622
Italy,2021-12-06,122636677,122636677,301560,https://raw.githubusercontent.com/pcm-dpc/COVID-19/master/dati-json/dpc-covid19-ita-andamento-nazionale-latest.json,68170338,54466339,87843,213717,0.7087047353760446,87843,213717,68170338,54466339
Italy,2021-12-07,123331813,123331813,695136,https://raw.githubusercontent.com/pcm-dpc/COVID-19/master/dati-json/dpc-covid19-ita-andamento-nazionale-latest.json,68339652,54992161,169314,525822,0.7564303963540947,169314,525822,68339652,54992161
Italy,2021-12-08,123896511,123896511,564698,https://raw.githubusercontent.com/pcm-dpc/COVID-19/master/dati-json/dpc-covid19-ita-andamento-nazionale-latest.json,68530979,55365532,191327,373371,0.6611870415691219,191327,373371,68530979,55365532
Italy,2021-12-09,124209339,124209339,312828,https://raw.githubusercontent.com/pcm-dpc/COVID-19/master/dati-json/dpc-covid19-ita-andamento-nazionale-latest.json,68639490,55569849,108511,204317,0.653128875931822,108511,204317,68639490,55569849
Italy,2021-12-10,124925626,124925626,716287,https://raw.githubusercontent.com/pcm-dpc/COVID-19/master/dati-json/dpc-covid19-ita-andamento-nazionale-latest.json,68822803,56102823,183313,532974,0.7440788399063504,183313,532974,68822803,56102823
Italy,2021-12-11,125490703,125490703,565077,https://raw.githubusercontent.com/pcm-dpc/COVID-19/master/dati-json/dpc-covid19-ita-andamento-nazionale-latest.json,69019027,56471676,196224,368853,0.6527482095360455,196224,368853,69019027,56471676
Italy,2021-12-12,125992518,125992518,501815,https://raw.githubusercontent.com/pcm-dpc/COVID-19/master/dati-json/dpc-covid19-ita-andamento-nazionale-latest.json,69174889,56817629,155862,345953,0.6894034654205236,155862,345953,69174889,56817629
Italy,2021-12-13,126306054,126306054,313536,https://raw.githubusercontent.com/pcm-dpc/COVID-19/master/dati-json/dpc-covid19-ita-andamento-nazionale-latest.json,69269958,57036096,95069,218467,0.6967844202898551,95069,218467,69269958,57036096
Italy,2021-12-14,127082617,127082617,776563,https://raw.githubusercontent.com/pcm-dpc/COVID-19/master/dati-json/dpc-covid19-ita-andamento-nazionale-latest.json,69458008,57624609,188050,588513,0.7578432142659385,188050,588513,69458008,57624609
Italy,2021-12-15,127717255,127717255,634638,https://raw.githubusercontent.com/pcm-dpc/COVID-19/master/dati-json/dpc-covid19-ita-andamento-nazionale-latest.json,69677195,58040060,219187,415451,0.6546267320897897,219187,415451,69677195,58040060
Italy,2021-12-16,128435536,128435536,718281,https://raw.githubusercontent.com/pcm-dpc/COVID-19/master/dati-json/dpc-covid19-ita-andamento-nazionale-latest.json,69890580,58544956,213385,504896,0.7029226723246195,213385,504896,69890580,58544956
Italy,2021-12-17,129104696,129104696,669160,https://raw.githubusercontent.com/pcm-dpc/COVID-19/master/dati-json/dpc-covid19-ita-andamento-nazionale-latest.json,70101368,59003328,210788,458372,0.6849961145316517,210788,458372,70101368,59003328
Italy,2021-12-18,129802436,129802436,697740,https://raw.githubusercontent.com/pcm-dpc/COVID-19/master/dati-json/dpc-covid19-ita-andamento-nazionale-latest.json,70319725,59482711,218357,479383,0.687051050534583,218357,479383,70319725,59482711
Italy,2021-12-19,130368736,130368736,566300,https://raw.githubusercontent.com/pcm-dpc/COVID-19/master/dati-json/dpc-covid19-ita-andamento-nazionale-latest.json,70495451,59873285,175726,390574,0.6896945082111955,175726,390574,70495451,59873285
Italy,2021-12-20,130705958,130705958,337222,https://raw.githubusercontent.com/pcm-dpc/COVID-19/master/dati-json/dpc-covid19-ita-andamento-nazionale-latest.json,70598903,60107055,103452,233770,0.6932228620908482,103452,233770,70598903,60107055
Italy,2021-12-21,131557823,131557823,851865,https://raw.githubusercontent.com/pcm-dpc/COVID-19/master/dati-json/dpc-covid19-ita-andamento-nazionale-latest.json,70810613,60747210,211710,640155,0.7514747054991108,211710,640155,70810613,60747210
Italy,2021-12-22,132337126,132337126,779303,https://raw.githubusercontent.com/pcm-dpc/COVID-19/master/dati-json/dpc-covid19-ita-andamento-nazionale-latest.json,71055692,61281434,245079,534224,0.6855151333948413,245079,534224,71055692,61281434
Italy,2021-12-23,133238576,133238576,901450,https://raw.githubusercontent.com/pcm-dpc/COVID-19/master/dati-json/dpc-covid19-ita-andamento-nazionale-latest.json,71317437,61921139,261745,639705,0.7096400244051251,261745,639705,71317437,61921139
Italy,2021-12-24,134168351,134168351,929775,https://raw.githubusercontent.com/pcm-dpc/COVID-19/master/dati-json/dpc-covid19-ita-andamento-nazionale-latest.json,71595127,62573224,277690,652085,0.7013363448146057,277690,652085,71595127,62573224
Italy,2021-12-25,135138103,135138103,969752,https://raw.githubusercontent.com/pcm-dpc/COVID-19/master/dati-json/dpc-covid19-ita-andamento-nazionale-latest.json,71860000,63278103,264873,704879,0.7268652191488133,264873,704879,71860000,63278103
Italy,2021-12-26,135355155,135355155,217052,https://raw.githubusercontent.com/pcm-dpc/COVID-19/master/dati-json/dpc-covid19-ita-andamento-nazionale-latest.json,71974179,63380976,114179,102873,0.4739555498221624,114179,102873,71974179,63380976
Italy,2021-12-27,135699123,135699123,343968,https://raw.githubusercontent.com/pcm-dpc/COVID-19/master/dati-json/dpc-covid19-ita-andamento-nazionale-latest.json,72087933,63611190,113754,230214,0.6692890036282445,113754,230214,72087933,63611190
Italy,2021-12-28,136733800,136733800,1034677,https://raw.githubusercontent.com/pcm-dpc/COVID-19/master/dati-json/dpc-covid19-ita-andamento-nazionale-latest.json,72335409,64398391,247476,787201,0.7608181103861398,247476,787201,72335409,64398391
Italy,2021-12-29,137763229,137763229,1029429,https://raw.githubusercontent.com/pcm-dpc/COVID-19/master/dati-json/dpc-covid19-ita-andamento-nazionale-latest.json,72652945,65110284,317536,711893,0.6915416216174209,317536,711893,72652945,65110284
Italy,2021-12-30,138913581,138913581,1150352,https://raw.githubusercontent.com/pcm-dpc/COVID-19/master/dati-json/dpc-covid19-ita-andamento-nazionale-latest.json,72990973,65922608,338028,812324,0.7061525515668248,338028,812324,72990973,65922608
Italy,2021-12-31,140137606,140137606,1224025,https://raw.githubusercontent.com/pcm-dpc/COVID-19/master/dati-json/dpc-covid19-ita-andamento-nazionale-latest.json,73357137,66780469,366164,857861,0.7008525152672536,366164,857861,73357137,66780469
Italy,2022-01-01,141221901,141221901,1084295,https://raw.githubusercontent.com/pcm-dpc/COVID-19/master/dati-json/dpc-covid19-ita-andamento-nazionale-latest.json,73690819,67531082,333682,750613,0.6922590254497162,333682,750613,73690819,67531082
Italy,2022-01-02,141547196,141547196,325295,https://raw.githubusercontent.com/pcm-dpc/COVID-19/master/dati-json/dpc-covid19-ita-andamento-nazionale-latest.json,73856391,67690805,165572,159723,0.49100969888870105,165572,159723,73856391,67690805
Italy,2022-01-03,141992517,141992517,445321,https://raw.githubusercontent.com/pcm-dpc/COVID-19/master/dati-json/dpc-covid19-ita-andamento-nazionale-latest.json,74013084,67979433,156693,288628,0.6481347163057659,156693,288628,74013084,67979433
Italy,2022-01-04,143220927,143220927,1228410,https://raw.githubusercontent.com/pcm-dpc/COVID-19/master/dati-json/dpc-covid19-ita-andamento-nazionale-latest.json,74299160,68921767,286076,942334,0.7671168420966941,286076,942334,74299160,68921767
Italy,2022-01-05,144315182,144315182,1094255,https://raw.githubusercontent.com/pcm-dpc/COVID-19/master/dati-json/dpc-covid19-ita-andamento-nazionale-latest.json,74662839,69652343,363679,730576,0.6676469378709716,363679,730576,74662839,69652343
Italy,2022-01-06,145453492,145453492,1138310,https://raw.githubusercontent.com/pcm-dpc/COVID-19/master/dati-json/dpc-covid19-ita-andamento-nazionale-latest.json,75023110,70430382,360271,778039,0.6835036150082139,360271,778039,75023110,70430382
Italy,2022-01-07,145945664,145945664,492172,https://raw.githubusercontent.com/pcm-dpc/COVID-19/master/dati-json/dpc-covid19-ita-andamento-nazionale-latest.json,75250881,70694783,227771,264401,0.5372126004730053,227771,264401,75250881,70694783
Italy,2022-01-08,147165930,147165930,1220266,https://raw.githubusercontent.com/pcm-dpc/COVID-19/master/dati-json/dpc-covid19-ita-andamento-nazionale-latest.json,75568209,71597721,317328,902938,0.7399517810051252,317328,902938,75568209,71597721
Italy,2022-01-09,148159131,148159131,993201,https://raw.githubusercontent.com/pcm-dpc/COVID-19/master/dati-json/dpc-covid19-ita-andamento-nazionale-latest.json,75856287,72302844,288078,705123,0.7099499497080651,288078,705123,75856287,72302844
Italy,2022-01-10,148771952,148771952,612821,https://raw.githubusercontent.com/pcm-dpc/COVID-19/master/dati-json/dpc-covid19-ita-andamento-nazionale-latest.json,76085265,72686687,228978,383843,0.6263541882539926,228978,383843,76085265,72686687
Italy,2022-01-11,150147466,150147466,1375514,https://raw.githubusercontent.com/pcm-dpc/COVID-19/master/dati-json/dpc-covid19-ita-andamento-nazionale-latest.json,76403257,73744209,317992,1057522,0.7688195103793927,317992,1057522,76403257,73744209
Italy,2022-01-12,151338033,151338033,1190567,https://raw.githubusercontent.com/pcm-dpc/COVID-19/master/dati-json/dpc-covid19-ita-andamento-nazionale-latest.json,76764844,74573189,361587,828980,0.6962900869921642,361587,828980,76764844,74573189
Italy,2022-01-13,152519212,152519212,1181179,https://raw.githubusercontent.com/pcm-dpc/COVID-19/master/dati-json/dpc-covid19-ita-andamento-nazionale-latest.json,77098992,75420220,334148,847031,0.7171063826905152,334148,847031,77098992,75420220
Italy,2022-01-14,153651521,153651521,1132309,https://raw.githubusercontent.com/pcm-dpc/COVID-19/master/dati-json/dpc-covid19-ita-andamento-nazionale-latest.json,77413988,76237533,314996,817313,0.7218109191042374,314996,817313,77413988,76237533
Italy,2022-01-15,154869351,154869351,1217830,https://raw.githubusercontent.com/pcm-dpc/COVID-19/master/dati-json/dpc-covid19-ita-andamento-nazionale-latest.json,77738750,77130601,324762,893068,0.7333273116937503,324762,893068,77738750,77130601
Italy,2022-01-16,155797197,155797197,927846,https://raw.githubusercontent.com/pcm-dpc/COVID-19/master/dati-json/dpc-covid19-ita-andamento-nazionale-latest.json,77976882,77820315,238132,689714,0.743349650696344,238132,689714,77976882,77820315
Italy,2022-01-17,156338495,156338495,541298,https://raw.githubusercontent.com/pcm-dpc/COVID-19/master/dati-json/dpc-covid19-ita-andamento-nazionale-latest.json,78131373,78207122,154491,386807,0.7145915928010079,154491,386807,78131373,78207122
Italy,2022-01-18,157819844,157819844,1481349,https://raw.githubusercontent.com/pcm-dpc/COVID-19/master/dati-json/dpc-covid19-ita-andamento-nazionale-latest.json,78396506,79423338,265133,1216216,0.8210192196437166,265133,1216216,78396506,79423338
Italy,2022-01-19,159001733,159001733,1181889,https://raw.githubusercontent.com/pcm-dpc/COVID-19/master/dati-json/dpc-covid19-ita-andamento-nazionale-latest.json,78704737,80296996,308231,873658,0.7392047814980933,308231,873658,78704737,80296996
Italy,2022-01-20,160111999,160111999,1110266,https://raw.githubusercontent.com/pcm-dpc/COVID-19/master/dati-json/dpc-covid19-ita-andamento-nazionale-latest.json,78992687,81119312,287950,822316,0.74064773666851,287950,822316,78992687,81119312
Italy,2022-01-21,161229552,161229552,1117553,https://raw.githubusercontent.com/pcm-dpc/COVID-19/master/dati-json/dpc-covid19-ita-andamento-nazionale-latest.json,79260426,81969126,267739,849814,0.7604238904105667,267739,849814,79260426,81969126
Italy,2022-01-22,162273201,162273201,1043649,https://raw.githubusercontent.com/pcm-dpc/COVID-19/master/dati-json/dpc-covid19-ita-andamento-nazionale-latest.json,79521523,82751678,261097,782552,0.7498229768820743,261097,782552,79521523,82751678
Italy,2022-01-23,163206585,163206585,933384,https://raw.githubusercontent.com/pcm-dpc/COVID-19/master/dati-json/dpc-covid19-ita-andamento-nazionale-latest.json,79721198,83485387,199675,733709,0.7860741131195735,199675,733709,79721198,83485387
Italy,2022-01-24,163725878,163725878,519293,https://raw.githubusercontent.com/pcm-dpc/COVID-19/master/dati-json/dpc-covid19-ita-andamento-nazionale-latest.json,79854189,83871689,132991,386302,0.7438998792589155,132991,386302,79854189,83871689
Italy,2022-01-25,165123123,165123123,1397245,https://raw.githubusercontent.com/pcm-dpc/COVID-19/master/dati-json/dpc-covid19-ita-andamento-nazionale-latest.json,80111876,85011247,257687,1139558,0.8155749349612988,257687,1139558,80111876,85011247
Italy,2022-01-26,166244710,166244710,1121587,https://raw.githubusercontent.com/pcm-dpc/COVID-19/master/dati-json/dpc-covid19-ita-andamento-nazionale-latest.json,80372410,85872300,260534,861053,0.7677095044789214,260534,861053,80372410,85872300
Italy,2022-01-27,167284466,167284466,1039756,https://raw.githubusercontent.com/pcm-dpc/COVID-19/master/dati-json/dpc-covid19-ita-andamento-nazionale-latest.json,80606511,86677955,234101,805655,0.7748500609758443,234101,805655,80606511,86677955
Italy,2022-01-28,168335754,168335754,1051288,https://raw.githubusercontent.com/pcm-dpc/COVID-19/master/dati-json/dpc-covid19-ita-andamento-nazionale-latest.json,80837676,87498078,231165,820123,0.7801125857043931,231165,820123,80837676,87498078
Italy,2022-01-29,169335244,169335244,999490,https://raw.githubusercontent.com/pcm-dpc/COVID-19/master/dati-json/dpc-covid19-ita-andamento-nazionale-latest.json,81055511,88279733,217835,781655,0.7820538474622057,217835,781655,81055511,88279733
Italy,2022-01-30,170153413,170153413,818169,https://raw.githubusercontent.com/pcm-dpc/COVID-19/master/dati-json/dpc-covid19-ita-andamento-nazionale-latest.json,81225749,88927664,170238,647931,0.7919280735398188,170238,647931,81225749,88927664
Italy,2022-01-31,170631727,170631727,478314,https://raw.githubusercontent.com/pcm-dpc/COVID-19/master/dati-json/dpc-covid19-ita-andamento-nazionale-latest.json,81342858,89288869,117109,361205,0.7551629264458075,117109,361205,81342858,89288869
Italy,2022-02-01,171878714,171878714,1246987,https://raw.githubusercontent.com/pcm-dpc/COVID-19/master/dati-json/dpc-covid19-ita-andamento-nazionale-latest.json,81545324,90333390,202466,1044521,0.8376358374225232,202466,1044521,81545324,90333390
Italy,2022-02-02,172843235,172843235,964521,https://raw.githubusercontent.com/pcm-dpc/COVID-19/master/dati-json/dpc-covid19-ita-andamento-nazionale-latest.json,81773768,91069467,228444,736077,0.7631529018030712,228444,736077,81773768,91069467
Italy,2022-02-03,173758572,173758572,915337,https://raw.githubusercontent.com/pcm-dpc/COVID-19/master/dati-json/dpc-covid19-ita-andamento-nazionale-latest.json,81978831,91779741,205063,710274,0.7759699433104966,205063,710274,81978831,91779741
Italy,2022-02-04,174643465,174643465,884893,https://raw.githubusercontent.com/pcm-dpc/COVID-19/master/dati-json/dpc-covid19-ita-andamento-nazionale-latest.json,82168606,92474859,189775,695118,0.7855390425735089,189775,695118,82168606,92474859
Italy,2022-02-05,175489945,175489945,846480,https://raw.githubusercontent.com/pcm-dpc/COVID-19/master/dati-json/dpc-covid19-ita-andamento-nazionale-latest.json,82366772,93123173,198166,648314,0.765894055382289,198166,648314,82366772,93123173
Italy,2022-02-06,176176489,176176489,686544,https://raw.githubusercontent.com/pcm-dpc/COVID-19/master/dati-json/dpc-covid19-ita-andamento-nazionale-latest.json,82517134,93659355,150362,536182,0.7809870889556969,150362,536182,82517134,93659355
Italy,2022-02-07,176570152,176570152,393663,https://raw.githubusercontent.com/pcm-dpc/COVID-19/master/dati-json/dpc-covid19-ita-andamento-nazionale-latest.json,82605992,93964160,88858,304805,0.7742790152998885,88858,304805,82605992,93964160
Lithuania,2021-03-24,2303779,2303779,9131,https://osp.stat.gov.lt/praejusios-paros-covid-19-statistika,2255040,48739,8227,904,0.09900339502792685,8227,904,2255040,48739
Lithuania,2021-03-25,2312965,2312965,9186,https://osp.stat.gov.lt/praejusios-paros-covid-19-statistika,2263054,49911,8014,1172,0.1275854561288918,8014,1172,2263054,49911
Lithuania,2021-03-26,2322847,2322847,9882,https://osp.stat.gov.lt/praejusios-paros-covid-19-statistika,2271964,50883,8910,972,0.09836065573770492,8910,972,2271964,50883
Lithuania,2021-03-27,2335804,2335804,12957,https://osp.stat.gov.lt/praejusios-paros-covid-19-statistika,2281732,54072,9768,3189,0.2461217874507988,9768,3189,2281732,54072
Lithuania,2021-03-28,2344310,2344310,8506,https://osp.stat.gov.lt/praejusios-paros-covid-19-statistika,2289122,55188,7390,1116,0.13120150482012696,7390,1116,2289122,55188
Lithuania,2021-03-29,2349847,2349847,5537,https://osp.stat.gov.lt/praejusios-paros-covid-19-statistika,2293605,56242,4483,1054,0.19035578833303232,4483,1054,2293605,56242
Lithuania,2021-03-30,2360989,2360989,11142,https://osp.stat.gov.lt/praejusios-paros-covid-19-statistika,2301236,59753,7631,3511,0.3151139831269072,7631,3511,2301236,59753
Lithuania,2021-03-31,2375342,2375342,14353,https://osp.stat.gov.lt/praejusios-paros-covid-19-statistika,2311399,63943,10163,4190,0.29192503309412665,10163,4190,2311399,63943
Lithuania,2021-04-01,2389769,2389769,14427,https://osp.stat.gov.lt/praejusios-paros-covid-19-statistika,2321216,68553,9817,4610,0.31953975185416233,9817,4610,2321216,68553
Lithuania,2021-04-02,2404822,2404822,15053,https://osp.stat.gov.lt/praejusios-paros-covid-19-statistika,2331493,73329,10277,4776,0.31727894771806286,10277,4776,2331493,73329
Lithuania,2021-04-03,2420206,2420206,15384,https://osp.stat.gov.lt/praejusios-paros-covid-19-statistika,2341967,78239,10474,4910,0.31916276651066045,10474,4910,2341967,78239
Lithuania,2021-04-04,2428457,2428457,8251,https://osp.stat.gov.lt/praejusios-paros-covid-19-statistika,2347588,80869,5621,2630,0.3187492425160587,5621,2630,2347588,80869
Lithuania,2021-04-05,2433337,2433337,4880,https://osp.stat.gov.lt/praejusios-paros-covid-19-statistika,2351362,81975,3774,1106,0.2266393442622951,3774,1106,2351362,81975
Lithuania,2021-04-06,2439009,2439009,5672,https://osp.stat.gov.lt/praejusios-paros-covid-19-statistika,2355155,83854,3793,1879,0.33127644569816644,3793,1879,2355155,83854
Lithuania,2021-04-07,2454232,2454232,15223,https://osp.stat.gov.lt/praejusios-paros-covid-19-statistika,2364123,90109,8968,6255,0.41089141430729814,8968,6255,2364123,90109
Lithuania,2021-04-08,2471587,2471587,17355,https://osp.stat.gov.lt/praejusios-paros-covid-19-statistika,2374575,97012,10452,6903,0.39775280898876403,10452,6903,2374575,97012
Lithuania,2021-04-09,2489297,2489297,17710,https://osp.stat.gov.lt/praejusios-paros-covid-19-statistika,2385962,103335,11387,6323,0.357029926595144,11387,6323,2385962,103335
Lithuania,2021-04-10,2507855,2507855,18558,https://osp.stat.gov.lt/praejusios-paros-covid-19-statistika,2397265,110590,11303,7255,0.39093652333225565,11303,7255,2397265,110590
Lithuania,2021-04-11,2519087,2519087,11232,https://osp.stat.gov.lt/praejusios-paros-covid-19-statistika,2404313,114774,7048,4184,0.37250712250712253,7048,4184,2404313,114774
Lithuania,2021-04-12,2527967,2527967,8880,https://osp.stat.gov.lt/praejusios-paros-covid-19-statistika,2410591,117376,6278,2602,0.293018018018018,6278,2602,2410591,117376
Lithuania,2021-04-13,2546234,2546234,18267,https://osp.stat.gov.lt/praejusios-paros-covid-19-statistika,2421284,124950,10693,7574,0.4146274703016368,10693,7574,2421284,124950
Lithuania,2021-04-14,2567678,2567678,21444,https://osp.stat.gov.lt/praejusios-paros-covid-19-statistika,2434983,132695,13699,7745,0.36117328856556613,13699,7745,2434983,132695
Lithuania,2021-04-15,2586250,2586250,18572,https://osp.stat.gov.lt/praejusios-paros-covid-19-statistika,2445668,140582,10685,7887,0.42467154856773637,10685,7887,2445668,140582
Lithuania,2021-04-16,2606339,2606339,20089,https://osp.stat.gov.lt/praejusios-paros-covid-19-statistika,2457663,148676,11995,8094,0.4029070635671263,11995,8094,2457663,148676
Lithuania,2021-04-17,2626203,2626203,19864,https://osp.stat.gov.lt/praejusios-paros-covid-19-statistika,2469184,157019,11521,8343,0.42000604107933953,11521,8343,2469184,157019
Lithuania,2021-04-18,2641378,2641378,15175,https://osp.stat.gov.lt/praejusios-paros-covid-19-statistika,2478901,162477,9717,5458,0.359670510708402,9717,5458,2478901,162477
Lithuania,2021-04-19,2650048,2650048,8670,https://osp.stat.gov.lt/praejusios-paros-covid-19-statistika,2484198,165850,5297,3373,0.38904267589388697,5297,3373,2484198,165850
Lithuania,2021-04-20,2669941,2669941,19893,https://osp.stat.gov.lt/praejusios-paros-covid-19-statistika,2494915,175026,10717,9176,0.46126778263710855,10717,9176,2494915,175026
Lithuania,2021-04-21,2669941,2669941,0,https://osp.stat.gov.lt/praejusios-paros-covid-19-statistika,2494915,175026,0,0,0.46126778263710855,0,0,2494915,175026
Lithuania,2021-04-22,2669941,2669941,0,https://osp.stat.gov.lt/praejusios-paros-covid-19-statistika,2494915,175026,0,0,0.46126778263710855,0,0,2494915,175026
Lithuania,2021-04-23,2669941,2669941,0,https://osp.stat.gov.lt/praejusios-paros-covid-19-statistika,2494915,175026,0,0,0.46126778263710855,0,0,2494915,175026
Lithuania,2021-04-24,2669941,2669941,0,https://osp.stat.gov.lt/praejusios-paros-covid-19-statistika,2494915,175026,0,0,0.46126778263710855,0,0,2494915,175026
Lithuania,2021-04-25,2669941,2669941,0,https://osp.stat.gov.lt/praejusios-paros-covid-19-statistika,2494915,175026,0,0,0.46126778263710855,0,0,2494915,175026
Lithuania,2021-04-26,2669941,2669941,0,https://osp.stat.gov.lt/praejusios-paros-covid-19-statistika,2494915,175026,0,0,0.46126778263710855,0,0,2494915,175026
Lithuania,2021-04-27,2818527,2818527,148586,https://osp.stat.gov.lt/praejusios-paros-covid-19-statistika,2494915,175026,0,0,0.46126778263710855,80048,68538,2574963,243564
Lithuania,2021-04-28,2818527,2818527,0,https://osp.stat.gov.lt/praejusios-paros-covid-19-statistika,2494915,175026,0,0,0.46126778263710855,0,0,2574963,243564
Lithuania,2021-04-29,2818527,2818527,0,https://osp.stat.gov.lt/praejusios-paros-covid-19-statistika,2494915,175026,0,0,0.46126778263710855,0,0,2574963,243564
Lithuania,2021-04-30,2818527,2818527,0,https://osp.stat.gov.lt/praejusios-paros-covid-19-statistika,2494915,175026,0,0,0.46126778263710855,0,0,2574963,243564
Lithuania,2021-05-01,2818527,2818527,0,https://osp.stat.gov.lt/praejusios-paros-covid-19-statistika,2494915,175026,0,0,0.46126778263710855,0,0,2574963,243564
Lithuania,2021-05-02,2818527,2818527,0,https://osp.stat.gov.lt/praejusios-paros-covid-19-statistika,2494915,175026,0,0,0.46126778263710855,0,0,2574963,243564
Lithuania,2021-05-03,2818527,2818527,0,https://osp.stat.gov.lt/praejusios-paros-covid-19-statistika,2494915,175026,0,0,0.46126778263710855,0,0,2574963,243564
Lithuania,2021-05-04,2818527,2818527,0,https://osp.stat.gov.lt/praejusios-paros-covid-19-statistika,2494915,175026,0,0,0.46126778263710855,0,0,2574963,243564
Lithuania,2021-05-05,2818527,2818527,0,https://osp.stat.gov.lt/praejusios-paros-covid-19-statistika,2494915,175026,0,0,0.46126778263710855,0,0,2574963,243564
Lithuania,2021-05-06,2818527,2818527,0,https://osp.stat.gov.lt/praejusios-paros-covid-19-statistika,2494915,175026,0,0,0.46126778263710855,0,0,2574963,243564
Lithuania,2021-05-07,2818527,2818527,0,https://osp.stat.gov.lt/praejusios-paros-covid-19-statistika,2494915,175026,0,0,0.46126778263710855,0,0,2574963,243564
Lithuania,2021-05-08,2818527,2818527,0,https://osp.stat.gov.lt/praejusios-paros-covid-19-statistika,2494915,175026,0,0,0.46126778263710855,0,0,2574963,243564
Lithuania,2021-05-09,3066452,3066452,247925,https://osp.stat.gov.lt/praejusios-paros-covid-19-statistika,2494915,175026,0,0,0.46126778263710855,133565,114360,2708528,357924
Lithuania,2021-05-10,3066452,3066452,0,https://osp.stat.gov.lt/praejusios-paros-covid-19-statistika,2494915,175026,0,0,0.46126778263710855,0,0,2708528,357924
Lithuania,2021-05-11,3114785,3114785,48333,https://osp.stat.gov.lt/praejusios-paros-covid-19-statistika,2494915,175026,0,0,0.46126778263710855,26039,22294,2734567,380218
Lithuania,2021-05-12,3114785,3114785,0,https://osp.stat.gov.lt/praejusios-paros-covid-19-statistika,2494915,175026,0,0,0.46126778263710855,0,0,2734567,380218
Lithuania,2021-05-13,3114785,3114785,0,https://osp.stat.gov.lt/praejusios-paros-covid-19-statistika,2494915,175026,0,0,0.46126778263710855,0,0,2734567,380218
Lithuania,2021-05-14,3114785,3114785,0,https://osp.stat.gov.lt/praejusios-paros-covid-19-statistika,2494915,175026,0,0,0.46126778263710855,0,0,2734567,380218
Lithuania,2021-05-15,3200240,3200240,85455,https://osp.stat.gov.lt/praejusios-paros-covid-19-statistika,2494915,175026,0,0,0.46126778263710855,46037,39418,2780604,419636
Lithuania,2021-05-16,3200240,3200240,0,https://osp.stat.gov.lt/praejusios-paros-covid-19-statistika,2494915,175026,0,0,0.46126778263710855,0,0,2780604,419636
Lithuania,2021-05-17,3225539,3225539,25299,https://osp.stat.gov.lt/praejusios-paros-covid-19-statistika,2494915,175026,0,0,0.46126778263710855,13629,11670,2794233,431306
Lithuania,2021-05-18,3225539,3225539,0,https://osp.stat.gov.lt/praejusios-paros-covid-19-statistika,2494915,175026,0,0,0.46126778263710855,0,0,2794233,431306
Lithuania,2021-05-19,3248813,3248813,23274,https://osp.stat.gov.lt/praejusios-paros-covid-19-statistika,2857438,391375,362523,216349,0.3737423817355132,14576,8698,2808809,440004
Lithuania,2021-05-20,3278878,3278878,30065,https://osp.stat.gov.lt/praejusios-paros-covid-19-statistika,2877262,401616,19824,10241,0.34062863795110593,19824,10241,2828633,450245
Lithuania,2021-05-21,3299318,3299318,20440,https://osp.stat.gov.lt/praejusios-paros-covid-19-statistika,2890942,408376,13680,6760,0.33072407045009783,13680,6760,2842313,457005
Lithuania,2021-05-22,3326083,3326083,26765,https://osp.stat.gov.lt/praejusios-paros-covid-19-statistika,2910693,415390,19751,7014,0.26205865869605827,19751,7014,2862064,464019
Lithuania,2021-05-23,3336463,3336463,10380,https://osp.stat.gov.lt/praejusios-paros-covid-19-statistika,2918151,418312,7458,2922,0.2815028901734104,7458,2922,2869522,466941
Lithuania,2021-05-24,3342360,3342360,5897,https://osp.stat.gov.lt/praejusios-paros-covid-19-statistika,2921301,421059,3150,2747,0.4658300830930982,3150,2747,2872672,469688
Lithuania,2021-05-25,3362757,3362757,20397,https://osp.stat.gov.lt/praejusios-paros-covid-19-statistika,2931594,431163,10293,10104,0.49536696573025446,10293,10104,2882965,479792
Lithuania,2021-05-26,3389285,3389285,26528,https://osp.stat.gov.lt/praejusios-paros-covid-19-statistika,2949292,439993,17698,8830,0.3328558504221954,17698,8830,2900663,488622
Lithuania,2021-05-27,3416169,3416169,26884,https://osp.stat.gov.lt/praejusios-paros-covid-19-statistika,2969165,447004,19873,7011,0.26078708525517036,19873,7011,2920536,495633
Lithuania,2021-05-28,3438548,3438548,22379,https://osp.stat.gov.lt/praejusios-paros-covid-19-statistika,2984755,453793,15590,6789,0.3033647616068636,15590,6789,2936126,502422
Lithuania,2021-05-29,3464015,3464015,25467,https://osp.stat.gov.lt/praejusios-paros-covid-19-statistika,3000383,463632,15628,9839,0.3863431106922684,15628,9839,2951754,512261
Lithuania,2021-05-30,3474616,3474616,10601,https://osp.stat.gov.lt/praejusios-paros-covid-19-statistika,3006318,468298,5935,4666,0.440147155928686,5935,4666,2957689,516927
Lithuania,2021-05-31,3480438,3480438,5822,https://osp.stat.gov.lt/praejusios-paros-covid-19-statistika,3008817,471621,2499,3323,0.5707660597732738,2499,3323,2960188,520250
Lithuania,2021-06-01,3503963,3503963,23525,https://osp.stat.gov.lt/praejusios-paros-covid-19-statistika,3022592,481371,13775,9750,0.41445270988310307,13775,9750,2973963,530000
Lithuania,2021-06-02,3529137,3529137,25174,https://osp.stat.gov.lt/praejusios-paros-covid-19-statistika,3040405,488732,17813,7361,0.2924048621593708,17813,7361,2991776,537361
Lithuania,2021-06-03,3553949,3553949,24812,https://osp.stat.gov.lt/praejusios-paros-covid-19-statistika,3059231,494718,18826,5986,0.2412542318233113,18826,5986,3010602,543347
Lithuania,2021-06-04,3577838,3577838,23889,https://osp.stat.gov.lt/praejusios-paros-covid-19-statistika,3076086,501752,16855,7034,0.29444514211561806,16855,7034,3027457,550381
Lithuania,2021-06-05,3599328,3599328,21490,https://osp.stat.gov.lt/praejusios-paros-covid-19-statistika,3088688,510640,12602,8888,0.4135877152163797,12602,8888,3040059,559269
Lithuania,2021-06-06,3610554,3610554,11226,https://osp.stat.gov.lt/praejusios-paros-covid-19-statistika,3095287,515267,6599,4627,0.41216818100837344,6599,4627,3046658,563896
Lithuania,2021-06-07,3615913,3615913,5359,https://osp.stat.gov.lt/praejusios-paros-covid-19-statistika,3097663,518250,2376,2983,0.5566337003172234,2376,2983,3049034,566879
Lithuania,2021-06-08,3634155,3634155,18242,https://osp.stat.gov.lt/praejusios-paros-covid-19-statistika,3107807,526348,10144,8098,0.4439206227387348,10144,8098,3059178,574977
Lithuania,2021-06-09,3657762,3657762,23607,https://osp.stat.gov.lt/praejusios-paros-covid-19-statistika,3125498,532264,17691,5916,0.2506036345151862,17691,5916,3076869,580893
Lithuania,2021-06-10,3680457,3680457,22695,https://osp.stat.gov.lt/praejusios-paros-covid-19-statistika,3142134,538323,16636,6059,0.266975104648601,16636,6059,3093505,586952
Lithuania,2021-06-11,3701531,3701531,21074,https://osp.stat.gov.lt/praejusios-paros-covid-19-statistika,3156388,545143,14254,6820,0.32362152415298473,14254,6820,3107759,593772
Lithuania,2021-06-12,3722345,3722345,20814,https://osp.stat.gov.lt/praejusios-paros-covid-19-statistika,3168538,553807,12150,8664,0.4162582876909772,12150,8664,3119909,602436
Lithuania,2021-06-13,3730752,3730752,8407,https://osp.stat.gov.lt/praejusios-paros-covid-19-statistika,3172899,557853,4361,4046,0.48126561199000834,4361,4046,3124270,606482
Lithuania,2021-06-14,3735065,3735065,4313,https://osp.stat.gov.lt/praejusios-paros-covid-19-statistika,3174956,560109,2057,2256,0.5230697890099698,2057,2256,3126327,608738
Lithuania,2021-06-15,3750830,3750830,15765,https://osp.stat.gov.lt/praejusios-paros-covid-19-statistika,3183361,567469,8405,7360,0.4668569616238503,8405,7360,3134732,616098
Lithuania,2021-06-16,3765215,3765215,14385,https://osp.stat.gov.lt/praejusios-paros-covid-19-statistika,3192975,572240,9614,4771,0.3316649287452207,9614,4771,3144346,620869
Lithuania,2021-06-17,3776991,3776991,11776,https://osp.stat.gov.lt/praejusios-paros-covid-19-statistika,3200421,576570,7446,4330,0.36769701086956524,7446,4330,3151792,625199
Lithuania,2021-06-18,3789030,3789030,12039,https://osp.stat.gov.lt/praejusios-paros-covid-19-statistika,3206797,582233,6376,5663,0.4703879059722568,6376,5663,3158168,630862
Lithuania,2021-06-19,3803596,3803596,14566,https://osp.stat.gov.lt/praejusios-paros-covid-19-statistika,3212949,590647,6152,8414,0.5776465742139228,6152,8414,3164320,639276
Lithuania,2021-06-20,3811078,3811078,7482,https://osp.stat.gov.lt/praejusios-paros-covid-19-statistika,3216715,594363,3766,3716,0.49665864742047583,3766,3716,3168086,642992
Lithuania,2021-06-21,3814520,3814520,3442,https://osp.stat.gov.lt/praejusios-paros-covid-19-statistika,3218576,595944,1861,1581,0.4593259732713539,1861,1581,3169947,644573
Lithuania,2021-06-22,3825102,3825102,10582,https://osp.stat.gov.lt/praejusios-paros-covid-19-statistika,3223887,601215,5311,5271,0.4981099981099981,5311,5271,3175258,649844
Lithuania,2021-06-23,3835962,3835962,10860,https://osp.stat.gov.lt/praejusios-paros-covid-19-statistika,3230631,605331,6744,4116,0.37900552486187844,6744,4116,3182002,653960
Lithuania,2021-06-24,3846685,3846685,10723,https://osp.stat.gov.lt/praejusios-paros-covid-19-statistika,3236295,610390,5664,5059,0.4717896111162921,5664,5059,3187666,659019
Lithuania,2021-06-25,3851728,3851728,5043,https://osp.stat.gov.lt/praejusios-paros-covid-19-statistika,3239113,612615,2818,2225,0.4412056315685108,2818,2225,3190484,661244
Lithuania,2021-06-26,3864165,3864165,12437,https://osp.stat.gov.lt/praejusios-paros-covid-19-statistika,3244061,620104,4948,7489,0.6021548604969044,4948,7489,3195432,668733
Lithuania,2021-06-27,3870496,3870496,6331,https://osp.stat.gov.lt/praejusios-paros-covid-19-statistika,3247308,623188,3247,3084,0.48712683620281155,3247,3084,3198679,671817
Lithuania,2021-06-28,3874278,3874278,3782,https://osp.stat.gov.lt/praejusios-paros-covid-19-statistika,3249364,624914,2056,1726,0.45637228979375993,2056,1726,3200735,673543
Lithuania,2021-06-29,3885715,3885715,11437,https://osp.stat.gov.lt/praejusios-paros-covid-19-statistika,3255049,630666,5685,5752,0.5029290897962753,5685,5752,3206420,679295
Lithuania,2021-06-30,3896037,3896037,10322,https://osp.stat.gov.lt/praejusios-paros-covid-19-statistika,3261408,634629,6359,3963,0.3839372214687076,6359,3963,3212779,683258
Lithuania,2021-07-01,3904874,3904874,8837,https://osp.stat.gov.lt/praejusios-paros-covid-19-statistika,3266274,638600,4866,3971,0.44936064275206516,4866,3971,3217645,687229
Lithuania,2021-07-02,3913805,3913805,8931,https://osp.stat.gov.lt/praejusios-paros-covid-19-statistika,3270883,642922,4609,4322,0.4839323703952525,4609,4322,3222254,691551
Lithuania,2021-07-03,3926253,3926253,12448,https://osp.stat.gov.lt/praejusios-paros-covid-19-statistika,3276166,650087,5283,7165,0.575594473007712,5283,7165,3227537,698716
Lithuania,2021-07-04,3932272,3932272,6019,https://osp.stat.gov.lt/praejusios-paros-covid-19-statistika,3279131,653141,2965,3054,0.5073932546934706,2965,3054,3230502,701770
Lithuania,2021-07-05,3935252,3935252,2980,https://osp.stat.gov.lt/praejusios-paros-covid-19-statistika,3280904,654348,1773,1207,0.40503355704697985,1773,1207,3232275,702977
Lithuania,2021-07-06,3946341,3946341,11089,https://osp.stat.gov.lt/praejusios-paros-covid-19-statistika,3287084,659257,6180,4909,0.4426909550004509,6180,4909,3238455,707886
Lithuania,2021-07-07,3950624,3950624,4283,https://osp.stat.gov.lt/praejusios-paros-covid-19-statistika,3289787,660837,2703,1580,0.3689003035255662,2703,1580,3241158,709466
Lithuania,2021-07-08,3959797,3959797,9173,https://osp.stat.gov.lt/praejusios-paros-covid-19-statistika,3295381,664416,5594,3579,0.39016679385152075,5594,3579,3246752,713045
Lithuania,2021-07-09,3970218,3970218,10421,https://osp.stat.gov.lt/praejusios-paros-covid-19-statistika,3301885,668333,6504,3917,0.375875635735534,6504,3917,3253256,716962
Lithuania,2021-07-10,3980451,3980451,10233,https://osp.stat.gov.lt/praejusios-paros-covid-19-statistika,3307189,673262,5304,4929,0.4816769275872178,5304,4929,3258560,721891
Lithuania,2021-07-11,3986710,3986710,6259,https://osp.stat.gov.lt/praejusios-paros-covid-19-statistika,3311445,675265,4256,2003,0.32001917239175587,4256,2003,3262816,723894
Lithuania,2021-07-12,3989619,3989619,2909,https://osp.stat.gov.lt/praejusios-paros-covid-19-statistika,3313174,676445,1729,1180,0.40563767617738056,1729,1180,3264545,725074
Lithuania,2021-07-13,4000227,4000227,10608,https://osp.stat.gov.lt/praejusios-paros-covid-19-statistika,3319715,680512,6541,4067,0.3833898944193062,6541,4067,3271086,729141
Lithuania,2021-07-14,4009402,4009402,9175,https://osp.stat.gov.lt/praejusios-paros-covid-19-statistika,3325694,683708,5979,3196,0.3483378746594005,5979,3196,3277065,732337
Lithuania,2021-07-15,4018055,4018055,8653,https://osp.stat.gov.lt/praejusios-paros-covid-19-statistika,3331505,686550,5811,2842,0.3284410031203051,5811,2842,3282876,735179
Lithuania,2021-07-16,4026379,4026379,8324,https://osp.stat.gov.lt/praejusios-paros-covid-19-statistika,3337047,689332,5542,2782,0.33421432003844304,5542,2782,3288418,737961
Lithuania,2021-07-17,4037307,4037307,10928,https://osp.stat.gov.lt/praejusios-paros-covid-19-statistika,3343002,694305,5955,4973,0.45506954612005857,5955,4973,3294373,742934
Lithuania,2021-07-18,4044206,4044206,6899,https://osp.stat.gov.lt/praejusios-paros-covid-19-statistika,3347470,696736,4468,2431,0.35236990868241774,4468,2431,3298841,745365
Lithuania,2021-07-19,4047497,4047497,3291,https://osp.stat.gov.lt/praejusios-paros-covid-19-statistika,3349792,697705,2322,969,0.2944393801276208,2322,969,3301163,746334
Lithuania,2021-07-20,4058306,4058306,10809,https://osp.stat.gov.lt/praejusios-paros-covid-19-statistika,3356278,702028,6486,4323,0.3999444907021926,6486,4323,3307649,750657
Lithuania,2021-07-21,4067522,4067522,9216,https://osp.stat.gov.lt/praejusios-paros-covid-19-statistika,3362492,705030,6214,3002,0.3257378472222222,6214,3002,3313863,753659
Lithuania,2021-07-22,4077351,4077351,9829,https://osp.stat.gov.lt/praejusios-paros-covid-19-statistika,3368821,708530,6329,3500,0.35608912402075493,6329,3500,3320192,757159
Lithuania,2021-07-23,4087839,4087839,10488,https://osp.stat.gov.lt/praejusios-paros-covid-19-statistika,3375219,712620,6398,4090,0.38996948893974065,6398,4090,3326590,761249
Lithuania,2021-07-24,4101220,4101220,13381,https://osp.stat.gov.lt/praejusios-paros-covid-19-statistika,3381579,719641,6360,7021,0.5246992003587175,6360,7021,3332950,768270
Lithuania,2021-07-25,4108642,4108642,7422,https://osp.stat.gov.lt/praejusios-paros-covid-19-statistika,3385951,722691,4372,3050,0.410940447318782,4372,3050,3337322,771320
Lithuania,2021-07-26,4113004,4113004,4362,https://osp.stat.gov.lt/praejusios-paros-covid-19-statistika,3388250,724754,2299,2063,0.4729481889041724,2299,2063,3339621,773383
Lithuania,2021-07-27,4127300,4127300,14296,https://osp.stat.gov.lt/praejusios-paros-covid-19-statistika,3394695,732605,6445,7851,0.5491745942921097,6445,7851,3346066,781234
Lithuania,2021-07-28,4140501,4140501,13201,https://osp.stat.gov.lt/praejusios-paros-covid-19-statistika,3401031,739470,6336,6865,0.5200363608817514,6336,6865,3352402,788099
Lithuania,2021-07-29,4155591,4155591,15090,https://osp.stat.gov.lt/praejusios-paros-covid-19-statistika,3408241,747350,7210,7880,0.5222001325381047,7210,7880,3359612,795979
Lithuania,2021-07-30,4169442,4169442,13851,https://osp.stat.gov.lt/praejusios-paros-covid-19-statistika,3414627,754815,6386,7465,0.5389502562991841,6386,7465,3365998,803444
Lithuania,2021-07-31,4186084,4186084,16642,https://osp.stat.gov.lt/praejusios-paros-covid-19-statistika,3421823,764261,7196,9446,0.5676000480711453,7196,9446,3373194,812890
Lithuania,2021-08-01,4194522,4194522,8438,https://osp.stat.gov.lt/praejusios-paros-covid-19-statistika,3425793,768729,3970,4468,0.5295093624081536,3970,4468,3377164,817358
Lithuania,2021-08-02,4200878,4200878,6356,https://osp.stat.gov.lt/praejusios-paros-covid-19-statistika,3429180,771698,3387,2969,0.4671176840780365,3387,2969,3380551,820327
Lithuania,2021-08-03,4217916,4217916,17038,https://osp.stat.gov.lt/praejusios-paros-covid-19-statistika,3436096,781820,6916,10122,0.5940838126540674,6916,10122,3387467,830449
Lithuania,2021-08-04,4234181,4234181,16265,https://osp.stat.gov.lt/praejusios-paros-covid-19-statistika,3443285,790896,7189,9076,0.5580079926221949,7189,9076,3394656,839525
Lithuania,2021-08-05,4243681,4243681,9500,https://osp.stat.gov.lt/praejusios-paros-covid-19-statistika,3445755,797926,2470,7030,0.74,2470,7030,3397126,846555
Lithuania,2021-08-06,4266048,4266048,22367,https://osp.stat.gov.lt/praejusios-paros-covid-19-statistika,3457146,808902,11391,10976,0.4907229400456029,11391,10976,3408517,857531
Lithuania,2021-08-07,4284323,4284323,18275,https://osp.stat.gov.lt/praejusios-paros-covid-19-statistika,3464707,819616,7561,10714,0.586265389876881,7561,10714,3416078,868245
Lithuania,2021-08-08,4293554,4293554,9231,https://osp.stat.gov.lt/praejusios-paros-covid-19-statistika,3469270,824284,4563,4668,0.5056873578160546,4563,4668,3420641,872913
Lithuania,2021-08-09,4300084,4300084,6530,https://osp.stat.gov.lt/praejusios-paros-covid-19-statistika,3472389,827695,3119,3411,0.5223583460949464,3119,3411,3423760,876324
Lithuania,2021-08-10,4300084,4300084,0,https://osp.stat.gov.lt/praejusios-paros-covid-19-statistika,3472389,827695,0,0,0.5223583460949464,0,0,3423760,876324
Lithuania,2021-08-11,4333184,4333184,33100,https://osp.stat.gov.lt/praejusios-paros-covid-19-statistika,3486720,846464,14331,18769,0.5670392749244713,14331,18769,3438091,895093
Lithuania,2021-08-12,4348901,4348901,15717,https://osp.stat.gov.lt/praejusios-paros-covid-19-statistika,3493620,855281,6900,8817,0.5609849207864096,6900,8817,3444991,903910
Lithuania,2021-08-13,4364265,4364265,15364,https://osp.stat.gov.lt/praejusios-paros-covid-19-statistika,3500348,863917,6728,8636,0.5620932048945587,6728,8636,3451719,912546
Lithuania,2021-08-14,4383144,4383144,18879,https://osp.stat.gov.lt/praejusios-paros-covid-19-statistika,3508617,874527,8269,10610,0.5620001059378145,8269,10610,3459988,923156
Lithuania,2021-08-15,4393390,4393390,10246,https://osp.stat.gov.lt/praejusios-paros-covid-19-statistika,3514063,879327,5446,4800,0.4684755026351747,5446,4800,3465434,927956
Lithuania,2021-08-16,4399563,4399563,6173,https://osp.stat.gov.lt/praejusios-paros-covid-19-statistika,3516973,882590,2910,3263,0.5285922566013284,2910,3263,3468344,931219
Lithuania,2021-08-17,4414444,4414444,14881,https://osp.stat.gov.lt/praejusios-paros-covid-19-statistika,3523320,891124,6347,8534,0.5734829648545124,6347,8534,3474691,939753
Lithuania,2021-08-18,4432026,4432026,17582,https://osp.stat.gov.lt/praejusios-paros-covid-19-statistika,3531841,900185,8521,9061,0.5153566147195996,8521,9061,3483212,948814
Lithuania,2021-08-19,4447907,4447907,15881,https://osp.stat.gov.lt/praejusios-paros-covid-19-statistika,3539721,908186,7880,8001,0.503809583779359,7880,8001,3491092,956815
Lithuania,2021-08-20,4464278,4464278,16371,https://osp.stat.gov.lt/praejusios-paros-covid-19-statistika,3547746,916532,8025,8346,0.5098039215686274,8025,8346,3499117,965161
Lithuania,2021-08-21,4481699,4481699,17421,https://osp.stat.gov.lt/praejusios-paros-covid-19-statistika,3555364,926335,7618,9803,0.5627116698237759,7618,9803,3506735,974964
Lithuania,2021-08-22,4491026,4491026,9327,https://osp.stat.gov.lt/praejusios-paros-covid-19-statistika,3560135,930891,4771,4556,0.488474321861263,4771,4556,3511506,979520
Lithuania,2021-08-23,4497200,4497200,6174,https://osp.stat.gov.lt/praejusios-paros-covid-19-statistika,3563440,933760,3305,2869,0.4646906381600259,3305,2869,3514811,982389
Lithuania,2021-08-24,4513698,4513698,16498,https://osp.stat.gov.lt/praejusios-paros-covid-19-statistika,3570766,942932,7326,9172,0.555946175293975,7326,9172,3522137,991561
Lithuania,2021-08-25,4528234,4528234,14536,https://osp.stat.gov.lt/praejusios-paros-covid-19-statistika,3578217,950017,7451,7085,0.4874105668684645,7451,7085,3529588,998646
Lithuania,2021-08-26,4542899,4542899,14665,https://osp.stat.gov.lt/praejusios-paros-covid-19-statistika,3585840,957059,7623,7042,0.4801909307875895,7623,7042,3537211,1005688
Lithuania,2021-08-27,4542899,4542899,0,https://osp.stat.gov.lt/praejusios-paros-covid-19-statistika,3585840,957059,0,0,0.4801909307875895,0,0,3537211,1005688
Lithuania,2021-08-28,4542899,4542899,0,https://osp.stat.gov.lt/praejusios-paros-covid-19-statistika,3585840,957059,0,0,0.4801909307875895,0,0,3537211,1005688
Lithuania,2021-08-29,4542899,4542899,0,https://osp.stat.gov.lt/praejusios-paros-covid-19-statistika,3585840,957059,0,0,0.4801909307875895,0,0,3537211,1005688
Lithuania,2021-08-30,4542899,4542899,0,https://osp.stat.gov.lt/praejusios-paros-covid-19-statistika,3585840,957059,0,0,0.4801909307875895,0,0,3537211,1005688
Lithuania,2021-08-31,4542899,4542899,0,https://osp.stat.gov.lt/praejusios-paros-covid-19-statistika,3585840,957059,0,0,0.4801909307875895,0,0,3537211,1005688
Lithuania,2021-09-01,4542899,4542899,0,https://osp.stat.gov.lt/praejusios-paros-covid-19-statistika,3585840,957059,0,0,0.4801909307875895,0,0,3537211,1005688
Lithuania,2021-09-02,4542899,4542899,0,https://osp.stat.gov.lt/praejusios-paros-covid-19-statistika,3585840,957059,0,0,0.4801909307875895,0,0,3537211,1005688
Lithuania,2021-09-03,4542899,4542899,0,https://osp.stat.gov.lt/praejusios-paros-covid-19-statistika,3585840,957059,0,0,0.4801909307875895,0,0,3537211,1005688
Lithuania,2021-09-04,4542899,4542899,0,https://osp.stat.gov.lt/praejusios-paros-covid-19-statistika,3585840,957059,0,0,0.4801909307875895,0,0,3537211,1005688
Lithuania,2021-09-05,4542899,4542899,0,https://osp.stat.gov.lt/praejusios-paros-covid-19-statistika,3585840,957059,0,0,0.4801909307875895,0,0,3537211,1005688
Lithuania,2021-09-06,4542899,4542899,0,https://osp.stat.gov.lt/praejusios-paros-covid-19-statistika,3585840,957059,0,0,0.4801909307875895,0,0,3537211,1005688
Lithuania,2021-09-07,4542899,4542899,0,https://osp.stat.gov.lt/praejusios-paros-covid-19-statistika,3585840,957059,0,0,0.4801909307875895,0,0,3537211,1005688
Lithuania,2021-09-08,4542899,4542899,0,https://osp.stat.gov.lt/praejusios-paros-covid-19-statistika,3585840,957059,0,0,0.4801909307875895,0,0,3537211,1005688
Lithuania,2021-09-09,4542899,4542899,0,https://osp.stat.gov.lt/praejusios-paros-covid-19-statistika,3585840,957059,0,0,0.4801909307875895,0,0,3537211,1005688
Lithuania,2021-09-10,4542899,4542899,0,https://osp.stat.gov.lt/praejusios-paros-covid-19-statistika,3585840,957059,0,0,0.4801909307875895,0,0,3537211,1005688
Lithuania,2021-09-11,4542899,4542899,0,https://osp.stat.gov.lt/praejusios-paros-covid-19-statistika,3585840,957059,0,0,0.4801909307875895,0,0,3537211,1005688
Lithuania,2021-09-12,4542899,4542899,0,https://osp.stat.gov.lt/praejusios-paros-covid-19-statistika,3585840,957059,0,0,0.4801909307875895,0,0,3537211,1005688
Lithuania,2021-09-13,4542899,4542899,0,https://osp.stat.gov.lt/praejusios-paros-covid-19-statistika,3585840,957059,0,0,0.4801909307875895,0,0,3537211,1005688
Lithuania,2021-09-14,4542899,4542899,0,https://osp.stat.gov.lt/praejusios-paros-covid-19-statistika,3585840,957059,0,0,0.4801909307875895,0,0,3537211,1005688
Lithuania,2021-09-15,4542899,4542899,0,https://osp.stat.gov.lt/praejusios-paros-covid-19-statistika,3585840,957059,0,0,0.4801909307875895,0,0,3537211,1005688
Lithuania,2021-09-16,4542899,4542899,0,https://osp.stat.gov.lt/praejusios-paros-covid-19-statistika,3585840,957059,0,0,0.4801909307875895,0,0,3537211,1005688
Lithuania,2021-09-17,4542899,4542899,0,https://osp.stat.gov.lt/praejusios-paros-covid-19-statistika,3585840,957059,0,0,0.4801909307875895,0,0,3537211,1005688
Lithuania,2021-09-18,4542899,4542899,0,https://osp.stat.gov.lt/praejusios-paros-covid-19-statistika,3585840,957059,0,0,0.4801909307875895,0,0,3537211,1005688
Lithuania,2021-09-19,4542899,4542899,0,https://osp.stat.gov.lt/praejusios-paros-covid-19-statistika,3585840,957059,0,0,0.4801909307875895,0,0,3537211,1005688
Lithuania,2021-09-20,4542899,4542899,0,https://osp.stat.gov.lt/praejusios-paros-covid-19-statistika,3585840,957059,0,0,0.4801909307875895,0,0,3537211,1005688
Lithuania,2021-09-21,4542899,4542899,0,https://osp.stat.gov.lt/praejusios-paros-covid-19-statistika,3585840,957059,0,0,0.4801909307875895,0,0,3537211,1005688
Lithuania,2021-09-22,4542899,4542899,0,https://osp.stat.gov.lt/praejusios-paros-covid-19-statistika,3585840,957059,0,0,0.4801909307875895,0,0,3537211,1005688
Lithuania,2021-09-23,4542899,4542899,0,https://osp.stat.gov.lt/praejusios-paros-covid-19-statistika,3585840,957059,0,0,0.4801909307875895,0,0,3537211,1005688
Lithuania,2021-09-24,4542899,4542899,0,https://osp.stat.gov.lt/praejusios-paros-covid-19-statistika,3585840,957059,0,0,0.4801909307875895,0,0,3537211,1005688
Lithuania,2021-09-25,4542899,4542899,0,https://osp.stat.gov.lt/praejusios-paros-covid-19-statistika,3585840,957059,0,0,0.4801909307875895,0,0,3537211,1005688
Lithuania,2021-09-26,4542899,4542899,0,https://osp.stat.gov.lt/praejusios-paros-covid-19-statistika,3585840,957059,0,0,0.4801909307875895,0,0,3537211,1005688
Lithuania,2021-09-27,4542899,4542899,0,https://osp.stat.gov.lt/praejusios-paros-covid-19-statistika,3585840,957059,0,0,0.4801909307875895,0,0,3537211,1005688
Lithuania,2021-09-28,4542899,4542899,0,https://osp.stat.gov.lt/praejusios-paros-covid-19-statistika,3585840,957059,0,0,0.4801909307875895,0,0,3537211,1005688
Lithuania,2021-09-29,4542899,4542899,0,https://osp.stat.gov.lt/praejusios-paros-covid-19-statistika,3585840,957059,0,0,0.4801909307875895,0,0,3537211,1005688
Lithuania,2021-09-30,4542899,4542899,0,https://osp.stat.gov.lt/praejusios-paros-covid-19-statistika,3585840,957059,0,0,0.4801909307875895,0,0,3537211,1005688
Lithuania,2021-10-01,4542899,4542899,0,https://osp.stat.gov.lt/praejusios-paros-covid-19-statistika,3585840,957059,0,0,0.4801909307875895,0,0,3537211,1005688
Lithuania,2021-10-02,4542899,4542899,0,https://osp.stat.gov.lt/praejusios-paros-covid-19-statistika,3585840,957059,0,0,0.4801909307875895,0,0,3537211,1005688
Lithuania,2021-10-03,4542899,4542899,0,https://osp.stat.gov.lt/praejusios-paros-covid-19-statistika,3585840,957059,0,0,0.4801909307875895,0,0,3537211,1005688
Lithuania,2021-10-04,4542899,4542899,0,https://osp.stat.gov.lt/praejusios-paros-covid-19-statistika,3585840,957059,0,0,0.4801909307875895,0,0,3537211,1005688
Lithuania,2021-10-05,4542899,4542899,0,https://osp.stat.gov.lt/praejusios-paros-covid-19-statistika,3585840,957059,0,0,0.4801909307875895,0,0,3537211,1005688
Lithuania,2021-10-06,4542899,4542899,0,https://osp.stat.gov.lt/praejusios-paros-covid-19-statistika,3585840,957059,0,0,0.4801909307875895,0,0,3537211,1005688
Lithuania,2021-10-07,4542899,4542899,0,https://osp.stat.gov.lt/praejusios-paros-covid-19-statistika,3585840,957059,0,0,0.4801909307875895,0,0,3537211,1005688
Lithuania,2021-10-08,4542899,4542899,0,https://osp.stat.gov.lt/praejusios-paros-covid-19-statistika,3585840,957059,0,0,0.4801909307875895,0,0,3537211,1005688
Lithuania,2021-10-09,4542899,4542899,0,https://osp.stat.gov.lt/praejusios-paros-covid-19-statistika,3585840,957059,0,0,0.4801909307875895,0,0,3537211,1005688
Lithuania,2021-10-10,4542899,4542899,0,https://osp.stat.gov.lt/praejusios-paros-covid-19-statistika,3585840,957059,0,0,0.4801909307875895,0,0,3537211,1005688
Lithuania,2021-10-11,4542899,4542899,0,https://osp.stat.gov.lt/praejusios-paros-covid-19-statistika,3585840,957059,0,0,0.4801909307875895,0,0,3537211,1005688
Lithuania,2021-10-12,4542899,4542899,0,https://osp.stat.gov.lt/praejusios-paros-covid-19-statistika,3585840,957059,0,0,0.4801909307875895,0,0,3537211,1005688
Lithuania,2021-10-13,4542899,4542899,0,https://osp.stat.gov.lt/praejusios-paros-covid-19-statistika,3585840,957059,0,0,0.4801909307875895,0,0,3537211,1005688
Lithuania,2021-10-14,4542899,4542899,0,https://osp.stat.gov.lt/praejusios-paros-covid-19-statistika,3585840,957059,0,0,0.4801909307875895,0,0,3537211,1005688
Lithuania,2021-10-15,4542899,4542899,0,https://osp.stat.gov.lt/praejusios-paros-covid-19-statistika,3585840,957059,0,0,0.4801909307875895,0,0,3537211,1005688
Lithuania,2021-10-16,4542899,4542899,0,https://osp.stat.gov.lt/praejusios-paros-covid-19-statistika,3585840,957059,0,0,0.4801909307875895,0,0,3537211,1005688
Lithuania,2021-10-17,4542899,4542899,0,https://osp.stat.gov.lt/praejusios-paros-covid-19-statistika,3585840,957059,0,0,0.4801909307875895,0,0,3537211,1005688
Lithuania,2021-10-18,4542899,4542899,0,https://osp.stat.gov.lt/praejusios-paros-covid-19-statistika,3585840,957059,0,0,0.4801909307875895,0,0,3537211,1005688
Lithuania,2021-10-19,4542899,4542899,0,https://osp.stat.gov.lt/praejusios-paros-covid-19-statistika,3585840,957059,0,0,0.4801909307875895,0,0,3537211,1005688
Lithuania,2021-10-20,4542899,4542899,0,https://osp.stat.gov.lt/praejusios-paros-covid-19-statistika,3585840,957059,0,0,0.4801909307875895,0,0,3537211,1005688
Lithuania,2021-10-21,4542899,4542899,0,https://osp.stat.gov.lt/praejusios-paros-covid-19-statistika,3585840,957059,0,0,0.4801909307875895,0,0,3537211,1005688
Lithuania,2021-10-22,4542899,4542899,0,https://osp.stat.gov.lt/praejusios-paros-covid-19-statistika,3585840,957059,0,0,0.4801909307875895,0,0,3537211,1005688
Lithuania,2021-10-23,4542899,4542899,0,https://osp.stat.gov.lt/praejusios-paros-covid-19-statistika,3585840,957059,0,0,0.4801909307875895,0,0,3537211,1005688
Lithuania,2021-10-24,4542899,4542899,0,https://osp.stat.gov.lt/praejusios-paros-covid-19-statistika,3585840,957059,0,0,0.4801909307875895,0,0,3537211,1005688
Lithuania,2021-10-25,4542899,4542899,0,https://osp.stat.gov.lt/praejusios-paros-covid-19-statistika,3585840,957059,0,0,0.4801909307875895,0,0,3537211,1005688
Lithuania,2021-10-26,4542899,4542899,0,https://osp.stat.gov.lt/praejusios-paros-covid-19-statistika,3585840,957059,0,0,0.4801909307875895,0,0,3537211,1005688
Lithuania,2021-10-27,4542899,4542899,0,https://osp.stat.gov.lt/praejusios-paros-covid-19-statistika,3585840,957059,0,0,0.4801909307875895,0,0,3537211,1005688
Lithuania,2021-10-28,4542899,4542899,0,https://osp.stat.gov.lt/praejusios-paros-covid-19-statistika,3585840,957059,0,0,0.4801909307875895,0,0,3537211,1005688
Lithuania,2021-10-29,4542899,4542899,0,https://osp.stat.gov.lt/praejusios-paros-covid-19-statistika,3585840,957059,0,0,0.4801909307875895,0,0,3537211,1005688
Lithuania,2021-10-30,4542899,4542899,0,https://osp.stat.gov.lt/praejusios-paros-covid-19-statistika,3585840,957059,0,0,0.4801909307875895,0,0,3537211,1005688
Lithuania,2021-10-31,4542899,4542899,0,https://osp.stat.gov.lt/praejusios-paros-covid-19-statistika,3585840,957059,0,0,0.4801909307875895,0,0,3537211,1005688
Lithuania,2021-11-01,4542899,4542899,0,https://osp.stat.gov.lt/praejusios-paros-covid-19-statistika,3585840,957059,0,0,0.4801909307875895,0,0,3537211,1005688
Lithuania,2021-11-02,4542899,4542899,0,https://osp.stat.gov.lt/praejusios-paros-covid-19-statistika,3585840,957059,0,0,0.4801909307875895,0,0,3537211,1005688
Lithuania,2021-11-03,4542899,4542899,0,https://osp.stat.gov.lt/praejusios-paros-covid-19-statistika,3585840,957059,0,0,0.4801909307875895,0,0,3537211,1005688
Lithuania,2021-11-04,4542899,4542899,0,https://osp.stat.gov.lt/praejusios-paros-covid-19-statistika,3585840,957059,0,0,0.4801909307875895,0,0,3537211,1005688
Lithuania,2021-11-05,4542899,4542899,0,https://osp.stat.gov.lt/praejusios-paros-covid-19-statistika,57,5,-3585783,-957054,0.21067319826795458,0,0,3537211,1005688
Lithuania,2021-11-06,4542899,4542899,0,https://osp.stat.gov.lt/praejusios-paros-covid-19-statistika,65,5,8,0,0,0,0,3537211,1005688
Lithuania,2021-11-07,4542899,4542899,0,https://osp.stat.gov.lt/praejusios-paros-covid-19-statistika,62,6,-3,1,0,0,0,3537211,1005688
Lithuania,2021-11-08,4542899,4542899,0,https://osp.stat.gov.lt/praejusios-paros-covid-19-statistika,66,6,4,0,0,0,0,3537211,1005688
Lithuania,2021-11-09,4542899,4542899,0,https://osp.stat.gov.lt/praejusios-paros-covid-19-statistika,63,6,-3,0,-0,0,-0,3537211,1005688
Lithuania,2021-11-10,4542899,4542899,0,https://osp.stat.gov.lt/praejusios-paros-covid-19-statistika,118,82,55,76,0.5801526717557252,0,0,3537211,1005688
Lithuania,2021-11-11,4542899,4542899,0,https://osp.stat.gov.lt/praejusios-paros-covid-19-statistika,109,81,-9,-1,0.1,0,0,3537211,1005688
Lithuania,2021-11-12,4542899,4542899,0,https://osp.stat.gov.lt/praejusios-paros-covid-19-statistika,122,83,13,2,0.13333333333333333,0,0,3537211,1005688
Lithuania,2021-11-13,4542899,4542899,0,https://osp.stat.gov.lt/praejusios-paros-covid-19-statistika,120,83,-2,0,-0,0,-0,3537211,1005688
Lithuania,2021-11-14,4542899,4542899,0,https://osp.stat.gov.lt/praejusios-paros-covid-19-statistika,123,88,3,5,0.625,0,0,3537211,1005688
Lithuania,2021-11-15,4542899,4542899,0,https://osp.stat.gov.lt/praejusios-paros-covid-19-statistika,125,85,2,-3,0.625,0,0,3537211,1005688
Lithuania,2021-11-16,4542899,4542899,0,https://osp.stat.gov.lt/praejusios-paros-covid-19-statistika,127,87,2,2,0.5,0,0,3537211,1005688
Lithuania,2021-11-17,4542899,4542899,0,https://osp.stat.gov.lt/praejusios-paros-covid-19-statistika,126,92,-1,5,0.5,0,0,3537211,1005688
Lithuania,2021-11-18,6212691,6212691,1669792,https://osp.stat.gov.lt/praejusios-paros-covid-19-statistika,122,86,-4,-6,0.6,667917,1001875,4205128,2007563
Lithuania,2021-11-19,6212691,6212691,0,https://osp.stat.gov.lt/praejusios-paros-covid-19-statistika,119,85,-3,-1,0.25,0,0,4205128,2007563
Lithuania,2021-11-20,6246740,6246740,34049,https://osp.stat.gov.lt/praejusios-paros-covid-19-statistika,113,84,-6,-1,0.14285714285714285,29185,4864,4234313,2012427
Lithuania,2021-11-21,6253725,6253725,6985,https://osp.stat.gov.lt/praejusios-paros-covid-19-statistika,109,82,-4,-2,0.3333333333333333,4657,2328,4238970,2014755
Lithuania,2021-11-22,6277688,6277688,23963,https://osp.stat.gov.lt/praejusios-paros-covid-19-statistika,106,74,-3,-8,0.7272727272727273,6535,17428,4245505,2032183
Lithuania,2021-11-23,6299718,6299718,22030,https://osp.stat.gov.lt/praejusios-paros-covid-19-statistika,111,83,5,9,0.6428571428571429,7868,14162,4253373,2046345
Lithuania,2021-11-24,6322354,6322354,22636,https://osp.stat.gov.lt/praejusios-paros-covid-19-statistika,113,83,2,0,0,22636,0,4276009,2046345
Lithuania,2021-11-25,6346778,6346778,24424,https://osp.stat.gov.lt/praejusios-paros-covid-19-statistika,103,83,-10,0,-0,24424,-0,4300433,2046345
Lithuania,2021-11-26,6346778,6346778,0,https://osp.stat.gov.lt/praejusios-paros-covid-19-statistika,103,83,0,0,-0,0,-0,4300433,2046345
Lithuania,2021-11-27,6346778,6346778,0,https://osp.stat.gov.lt/praejusios-paros-covid-19-statistika,117,86,14,3,0.17647058823529413,0,0,4300433,2046345
Lithuania,2021-11-28,6388335,6388335,41557,https://osp.stat.gov.lt/praejusios-paros-covid-19-statistika,99,72,-18,-14,0.4375,23376,18181,4323809,2064526
Lithuania,2021-11-29,6413618,6413618,25283,https://osp.stat.gov.lt/praejusios-paros-covid-19-statistika,99,74,0,2,1,0,25283,4323809,2089809
Lithuania,2021-11-30,6441360,6441360,27742,https://osp.stat.gov.lt/praejusios-paros-covid-19-statistika,105,75,6,1,0.14285714285714285,23779,3963,4347588,2093772
Lithuania,2021-12-01,6441360,6441360,0,https://osp.stat.gov.lt/praejusios-paros-covid-19-statistika,4680965,1760395,4680860,1760320,0.273291539748928,0,0,4347588,2093772
Lithuania,2021-12-02,6460165,6460165,18805,https://osp.stat.gov.lt/praejusios-paros-covid-19-statistika,4697444,1762721,16479,2326,0.1236905078436586,16479,2326,4364067,2096098
Lithuania,2021-12-03,6478456,6478456,18291,https://osp.stat.gov.lt/praejusios-paros-covid-19-statistika,4712966,1765490,15522,2769,0.1513859275053305,15522,2769,4379589,2098867
Lithuania,2021-12-04,6494088,6494088,15632,https://osp.stat.gov.lt/praejusios-paros-covid-19-statistika,4725003,1769085,12037,3595,0.22997697031729786,12037,3595,4391626,2102462
Lithuania,2021-12-05,6503917,6503917,9829,https://osp.stat.gov.lt/praejusios-paros-covid-19-statistika,4733336,1770581,8333,1496,0.15220266558144266,8333,1496,4399959,2103958
Lithuania,2021-12-06,6507749,6507749,3832,https://osp.stat.gov.lt/praejusios-paros-covid-19-statistika,4736570,1771179,3234,598,0.15605427974947808,3234,598,4403193,2104556
Lithuania,2021-12-07,6527061,6527061,19312,https://osp.stat.gov.lt/praejusios-paros-covid-19-statistika,4749619,1777442,13049,6263,0.3243061309030654,13049,6263,4416242,2110819
Lithuania,2021-12-08,6549516,6549516,22455,https://osp.stat.gov.lt/praejusios-paros-covid-19-statistika,4767721,1781795,18102,4353,0.19385437541750167,18102,4353,4434344,2115172
Lithuania,2021-12-09,6569514,6569514,19998,https://osp.stat.gov.lt/praejusios-paros-covid-19-statistika,4783734,1785780,16013,3985,0.19926992699269927,16013,3985,4450357,2119157
Lithuania,2021-12-10,6590068,6590068,20554,https://osp.stat.gov.lt/praejusios-paros-covid-19-statistika,4798643,1791425,14909,5645,0.27464240537121726,14909,5645,4465266,2124802
Lithuania,2021-12-11,6608687,6608687,18619,https://osp.stat.gov.lt/praejusios-paros-covid-19-statistika,4811244,1797443,12601,6018,0.32321821794940653,12601,6018,4477867,2130820
Lithuania,2021-12-12,6618601,6618601,9914,https://osp.stat.gov.lt/praejusios-paros-covid-19-statistika,4819430,1799171,8186,1728,0.1742989711519064,8186,1728,4486053,2132548
Lithuania,2021-12-13,6624596,6624596,5995,https://osp.stat.gov.lt/praejusios-paros-covid-19-statistika,4824147,1800449,4717,1278,0.21317764804003336,4717,1278,4490770,2133826
Lithuania,2021-12-14,6642674,6642674,18078,https://osp.stat.gov.lt/praejusios-paros-covid-19-statistika,4836015,1806659,11868,6210,0.3435114503816794,11868,6210,4502638,2140036
Lithuania,2021-12-15,6664917,6664917,22243,https://osp.stat.gov.lt/praejusios-paros-covid-19-statistika,4854375,1810542,18360,3883,0.17457177539001034,18360,3883,4520998,2143919
Lithuania,2021-12-16,6684877,6684877,19960,https://osp.stat.gov.lt/praejusios-paros-covid-19-statistika,4870741,1814136,16366,3594,0.18006012024048096,16366,3594,4537364,2147513
Lithuania,2021-12-17,6704366,6704366,19489,https://osp.stat.gov.lt/praejusios-paros-covid-19-statistika,4885043,1819323,14302,5187,0.2661501359741393,14302,5187,4551666,2152700
Lithuania,2021-12-18,6722478,6722478,18112,https://osp.stat.gov.lt/praejusios-paros-covid-19-statistika,4897636,1824842,12593,5519,0.30471510600706714,12593,5519,4564259,2158219
Lithuania,2021-12-19,6732420,6732420,9942,https://osp.stat.gov.lt/praejusios-paros-covid-19-statistika,4905241,1827179,7605,2337,0.23506336753168378,7605,2337,4571864,2160556
Lithuania,2021-12-20,6737481,6737481,5061,https://osp.stat.gov.lt/praejusios-paros-covid-19-statistika,4909412,1828069,4171,890,0.17585457419482317,4171,890,4576035,2161446
Lithuania,2021-12-21,6756730,6756730,19249,https://osp.stat.gov.lt/praejusios-paros-covid-19-statistika,4921847,1834883,12435,6814,0.3539924151903995,12435,6814,4588470,2168260
Lithuania,2021-12-22,6777433,6777433,20703,https://osp.stat.gov.lt/praejusios-paros-covid-19-statistika,4938134,1839299,16287,4416,0.21330241993913926,16287,4416,4604757,2172676
Lithuania,2021-12-23,6799410,6799410,21977,https://osp.stat.gov.lt/praejusios-paros-covid-19-statistika,4955519,1843891,17385,4592,0.20894571597579287,17385,4592,4622142,2177268
Lithuania,2021-12-24,6817299,6817299,17889,https://osp.stat.gov.lt/praejusios-paros-covid-19-statistika,4968487,1848812,12968,4921,0.27508524791771477,12968,4921,4635110,2182189
Lithuania,2021-12-25,6825938,6825938,8639,https://osp.stat.gov.lt/praejusios-paros-covid-19-statistika,4975891,1850047,7404,1235,0.14295636068989467,7404,1235,4642514,2183424
Lithuania,2021-12-26,6831144,6831144,5206,https://osp.stat.gov.lt/praejusios-paros-covid-19-statistika,4980013,1851131,4122,1084,0.20822128313484442,4122,1084,4646636,2184508
Lithuania,2021-12-27,6836379,6836379,5235,https://osp.stat.gov.lt/praejusios-paros-covid-19-statistika,4984030,1852349,4017,1218,0.23266475644699142,4017,1218,4650653,2185726
Lithuania,2021-12-28,6853614,6853614,17235,https://osp.stat.gov.lt/praejusios-paros-covid-19-statistika,4993167,1860447,9137,8098,0.4698578474035393,9137,8098,4659790,2193824
Lithuania,2021-12-29,6870127,6870127,16513,https://osp.stat.gov.lt/praejusios-paros-covid-19-statistika,5004823,1865304,11656,4857,0.2941318960818749,11656,4857,4671446,2198681
Lithuania,2021-12-30,6885129,6885129,15002,https://osp.stat.gov.lt/praejusios-paros-covid-19-statistika,5015089,1870040,10266,4736,0.3156912411678443,10266,4736,4681712,2203417
Lithuania,2021-12-31,6901204,6901204,16075,https://osp.stat.gov.lt/praejusios-paros-covid-19-statistika,5025323,1875881,10234,5841,0.3633592534992224,10234,5841,4691946,2209258
Lithuania,2022-01-01,6917989,6917989,16785,https://osp.stat.gov.lt/praejusios-paros-covid-19-statistika,5036679,1881310,11356,5429,0.3234435507893953,11356,5429,4703302,2214687
Lithuania,2022-01-02,6924426,6924426,6437,https://osp.stat.gov.lt/praejusios-paros-covid-19-statistika,5041995,1882431,5316,1121,0.17414944850085443,5316,1121,4708618,2215808
Lithuania,2022-01-03,6931815,6931815,7389,https://osp.stat.gov.lt/praejusios-paros-covid-19-statistika,5047587,1884228,5592,1797,0.24319935038570847,5592,1797,4714210,2217605
Lithuania,2022-01-04,6953338,6953338,21523,https://osp.stat.gov.lt/praejusios-paros-covid-19-statistika,5059601,1893737,12014,9509,0.4418064396227292,12014,9509,4726224,2227114
Lithuania,2022-01-05,6974006,6974006,20668,https://osp.stat.gov.lt/praejusios-paros-covid-19-statistika,5074569,1899437,14968,5700,0.2757886587962067,14968,5700,4741192,2232814
Lithuania,2022-01-06,6994029,6994029,20023,https://osp.stat.gov.lt/praejusios-paros-covid-19-statistika,5089466,1904563,14897,5126,0.2560055935673975,14897,5126,4756089,2237940
Lithuania,2022-01-07,7015601,7015601,21572,https://osp.stat.gov.lt/praejusios-paros-covid-19-statistika,5105192,1910409,15726,5846,0.27099944372334506,15726,5846,4771815,2243786
Lithuania,2022-01-08,7039384,7039384,23783,https://osp.stat.gov.lt/praejusios-paros-covid-19-statistika,5121433,1917951,16241,7542,0.3171172686372619,16241,7542,4788056,2251328
Lithuania,2022-01-09,7054140,7054140,14756,https://osp.stat.gov.lt/praejusios-paros-covid-19-statistika,5132608,1921532,11175,3581,0.24268094334507997,11175,3581,4799231,2254909
Lithuania,2022-01-10,7063758,7063758,9618,https://osp.stat.gov.lt/praejusios-paros-covid-19-statistika,5140729,1923029,8121,1497,0.15564566437928884,8121,1497,4807352,2256406
Lithuania,2022-01-11,7088166,7088166,24408,https://osp.stat.gov.lt/praejusios-paros-covid-19-statistika,5157805,1930361,17076,7332,0.30039331366764993,17076,7332,4824428,2263738
Lithuania,2022-01-12,7116686,7116686,28520,https://osp.stat.gov.lt/praejusios-paros-covid-19-statistika,5181836,1934850,24031,4489,0.157398316970547,24031,4489,4848459,2268227
Lithuania,2022-01-13,7143442,7143442,26756,https://osp.stat.gov.lt/praejusios-paros-covid-19-statistika,5204351,1939091,22515,4241,0.15850650321423232,22515,4241,4870974,2272468
Lithuania,2022-01-14,7170064,7170064,26622,https://osp.stat.gov.lt/praejusios-paros-covid-19-statistika,5226273,1943791,21922,4700,0.17654571407106903,21922,4700,4892896,2277168
Lithuania,2022-01-15,7195287,7195287,25223,https://osp.stat.gov.lt/praejusios-paros-covid-19-statistika,5245086,1950201,18813,6410,0.25413313245847047,18813,6410,4911709,2283578
Lithuania,2022-01-16,7212246,7212246,16959,https://osp.stat.gov.lt/praejusios-paros-covid-19-statistika,5259527,1952719,14441,2518,0.1484757355976178,14441,2518,4926150,2286096
Lithuania,2022-01-17,7222288,7222288,10042,https://osp.stat.gov.lt/praejusios-paros-covid-19-statistika,5268437,1953851,8910,1132,0.11272654849631547,8910,1132,4935060,2287228
Lithuania,2022-01-18,7247865,7247865,25577,https://osp.stat.gov.lt/praejusios-paros-covid-19-statistika,5287107,1960758,18670,6907,0.2700473081283966,18670,6907,4953730,2294135
Lithuania,2022-01-19,7276753,7276753,28888,https://osp.stat.gov.lt/praejusios-paros-covid-19-statistika,5312101,1964652,24994,3894,0.13479645527554693,24994,3894,4978724,2298029
Lithuania,2022-01-20,7306215,7306215,29462,https://osp.stat.gov.lt/praejusios-paros-covid-19-statistika,5338089,1968126,25988,3474,0.11791460186002307,25988,3474,5004712,2301503
Lithuania,2022-01-21,7334392,7334392,28177,https://osp.stat.gov.lt/praejusios-paros-covid-19-statistika,5361616,1972776,23527,4650,0.1650282145011889,23527,4650,5028239,2306153
Lithuania,2022-01-22,7357810,7357810,23418,https://osp.stat.gov.lt/praejusios-paros-covid-19-statistika,5380578,1977232,18962,4456,0.19028098044239475,18962,4456,5047201,2310609
Lithuania,2022-01-23,7362484,7362484,4674,https://osp.stat.gov.lt/praejusios-paros-covid-19-statistika,5393803,1968681,13225,-8551,0.19028098044239475,3785,889,5050986,2311498
Lithuania,2022-01-24,7375751,7375751,13267,https://osp.stat.gov.lt/praejusios-paros-covid-19-statistika,5405933,1969818,12130,1137,0.08570136428732947,12130,1137,5063116,2312635
Lithuania,2022-01-25,7400435,7400435,24684,https://osp.stat.gov.lt/praejusios-paros-covid-19-statistika,5423966,1976469,18033,6651,0.2694457948468644,18033,6651,5081149,2319286
Lithuania,2022-01-26,7434157,7434157,33722,https://osp.stat.gov.lt/praejusios-paros-covid-19-statistika,5453282,1980875,29316,4406,0.13065654468892712,29316,4406,5110465,2323692
Lithuania,2022-01-27,7434157,7434157,0,https://osp.stat.gov.lt/praejusios-paros-covid-19-statistika,5453282,1980875,0,0,0.13065654468892712,0,0,5110465,2323692
Lithuania,2022-01-28,7434157,7434157,0,https://osp.stat.gov.lt/praejusios-paros-covid-19-statistika,5453282,1980875,0,0,0.13065654468892712,0,0,5110465,2323692
Lithuania,2022-01-29,7434157,7434157,0,https://osp.stat.gov.lt/praejusios-paros-covid-19-statistika,5453282,1980875,0,0,0.13065654468892712,0,0,5110465,2323692
Lithuania,2022-01-30,7434157,7434157,0,https://osp.stat.gov.lt/praejusios-paros-covid-19-statistika,5453282,1980875,0,0,0.13065654468892712,0,0,5110465,2323692
Lithuania,2022-01-31,7434157,7434157,0,https://osp.stat.gov.lt/praejusios-paros-covid-19-statistika,5453282,1980875,0,0,0.13065654468892712,0,0,5110465,2323692
Lithuania,2022-02-01,7434157,7434157,0,https://osp.stat.gov.lt/praejusios-paros-covid-19-statistika,5453282,1980875,0,0,0.13065654468892712,0,0,5110465,2323692
Lithuania,2022-02-02,7434157,7434157,0,https://osp.stat.gov.lt/praejusios-paros-covid-19-statistika,5453282,1980875,0,0,0.13065654468892712,0,0,5110465,2323692
Lithuania,2022-02-03,7434157,7434157,0,https://osp.stat.gov.lt/praejusios-paros-covid-19-statistika,5453282,1980875,0,0,0.13065654468892712,0,0,5110465,2323692
Lithuania,2022-02-04,7434157,7434157,0,https://osp.stat.gov.lt/praejusios-paros-covid-19-statistika,5453282,1980875,0,0,0.13065654468892712,0,0,5110465,2323692
Lithuania,2022-02-05,7434157,7434157,0,https://osp.stat.gov.lt/praejusios-paros-covid-19-statistika,5453282,1980875,0,0,0.13065654468892712,0,0,5110465,2323692
Lithuania,2022-02-06,7434157,7434157,0,https://osp.stat.gov.lt/praejusios-paros-covid-19-statistika,5453282,1980875,0,0,0.13065654468892712,0,0,5110465,2323692
Lithuania,2022-02-07,7434157,7434157,0,https://osp.stat.gov.lt/praejusios-paros-covid-19-statistika,5453282,1980875,0,0,0.13065654468892712,0,0,5110465,2323692
Slovakia,2021-03-23,22909120,22909120,328620,https://korona.gov.sk/,2279486,20629634,10875,317745,0.9669070659119956,10875,317745,2279486,20629634
Slovakia,2021-03-24,23128218,23128218,219098,https://korona.gov.sk/,2290864,20837354,11378,207720,0.9480689006745839,11378,207720,2290864,20837354
Slovakia,2021-03-25,23328365,23328365,200147,https://korona.gov.sk/,2300975,21027390,10111,190036,0.949482130633984,10111,190036,2300975,21027390
Slovakia,2021-03-26,23512736,23512736,184371,https://korona.gov.sk/,2310054,21202682,9079,175292,0.9507568977767653,9079,175292,2310054,21202682
Slovakia,2021-03-27,23836249,23836249,323513,https://korona.gov.sk/,2322443,21513806,12389,311124,0.9617047846608946,12389,311124,2322443,21513806
Slovakia,2021-03-28,24435035,24435035,598786,https://korona.gov.sk/,2329530,22105505,7087,591699,0.9881643859408871,7087,591699,2329530,22105505
Slovakia,2021-03-29,24770315,24770315,335280,https://korona.gov.sk/,2331828,22438487,2298,332982,0.9931460272011453,2298,332982,2331828,22438487
Slovakia,2021-03-30,25132752,25132752,362437,https://korona.gov.sk/,2340533,22792219,8705,353732,0.975982032739483,8705,353732,2340533,22792219
Slovakia,2021-03-31,25378086,25378086,245334,https://korona.gov.sk/,2351940,23026146,11407,233927,0.9535042024342325,11407,233927,2351940,23026146
Slovakia,2021-04-01,25634349,25634349,256263,https://korona.gov.sk/,2360594,23273755,8654,247609,0.966230005892384,8654,247609,2360594,23273755
Slovakia,2021-04-02,25915186,25915186,280837,https://korona.gov.sk/,2373463,23541723,12869,267968,0.954176265947863,12869,267968,2373463,23541723
Slovakia,2021-04-03,26096234,26096234,181048,https://korona.gov.sk/,2379759,23716475,6296,174752,0.9652246917944413,6296,174752,2379759,23716475
Slovakia,2021-04-04,26711901,26711901,615667,https://korona.gov.sk/,2384180,24327721,4421,611246,0.9928191701033189,4421,611246,2384180,24327721
Slovakia,2021-04-05,26926375,26926375,214474,https://korona.gov.sk/,2386011,24540364,1831,212643,0.991462834655949,1831,212643,2386011,24540364
Slovakia,2021-04-06,27043526,27043526,117151,https://korona.gov.sk/,2389156,24654370,3145,114006,0.9731543051275704,3145,114006,2389156,24654370
Slovakia,2021-04-07,27418747,27418747,375221,https://korona.gov.sk/,2399863,25018884,10707,364514,0.971464816734671,10707,364514,2399863,25018884
Slovakia,2021-04-08,27641040,27641040,222293,https://korona.gov.sk/,2411744,25229296,11881,210412,0.9465525230214177,11881,210412,2411744,25229296
Slovakia,2021-04-09,27826872,27826872,185832,https://korona.gov.sk/,2420747,25406125,9003,176829,0.951553015627018,9003,176829,2420747,25406125
Slovakia,2021-04-10,28114203,28114203,287331,https://korona.gov.sk/,2432500,25681703,11753,275578,0.9590959555356018,11753,275578,2432500,25681703
Slovakia,2021-04-11,28702887,28702887,588684,https://korona.gov.sk/,2439970,26262917,7470,581214,0.9873106794137432,7470,581214,2439970,26262917
Slovakia,2021-04-12,29058959,29058959,356072,https://korona.gov.sk/,2441472,26617487,1502,354570,0.9957817520052125,1502,354570,2441472,26617487
Slovakia,2021-04-13,29383409,29383409,324450,https://korona.gov.sk/,2449747,26933662,8275,316175,0.9744952997380182,8275,316175,2449747,26933662
Slovakia,2021-04-14,29580364,29580364,196955,https://korona.gov.sk/,2458340,27122024,8593,188362,0.9563707445863269,8593,188362,2458340,27122024
Slovakia,2021-04-15,29797625,29797625,217261,https://korona.gov.sk/,2465652,27331973,7312,209949,0.9663446269694055,7312,209949,2465652,27331973
Slovakia,2021-04-16,29992550,29992550,194925,https://korona.gov.sk/,2473314,27519236,7662,187263,0.9606925740669489,7662,187263,2473314,27519236
Slovakia,2021-04-17,30310903,30310903,318353,https://korona.gov.sk/,2486691,27824212,13377,304976,0.9579806064337386,13377,304976,2486691,27824212
Slovakia,2021-04-18,30885802,30885802,574899,https://korona.gov.sk/,2503748,28382054,17057,557842,0.9703304406513144,17057,557842,2503748,28382054
Slovakia,2021-04-19,31277633,31277633,391831,https://korona.gov.sk/,2505182,28772451,1434,390397,0.9963402589381647,1434,390397,2505182,28772451
Slovakia,2021-04-20,31596512,31596512,318879,https://korona.gov.sk/,2513141,29083371,7959,310920,0.9750406894151072,7959,310920,2513141,29083371
Slovakia,2021-04-21,31823684,31823684,227172,https://korona.gov.sk/,2520570,29303114,7429,219743,0.9672979064321308,7429,219743,2520570,29303114
Slovakia,2021-04-22,31977104,31977104,153420,https://korona.gov.sk/,2527366,29449738,6796,146624,0.9557032981358363,6796,146624,2527366,29449738
Slovakia,2021-04-23,32115483,32115483,138379,https://korona.gov.sk/,2533929,29581554,6563,131816,0.9525722833666959,6563,131816,2533929,29581554
Slovakia,2021-04-24,32432957,32432957,317474,https://korona.gov.sk/,2548241,29884716,14312,303162,0.9549191429849373,14312,303162,2548241,29884716
Slovakia,2021-04-25,32970534,32970534,537577,https://korona.gov.sk/,2578835,30391699,30594,506983,0.9430890830522883,30594,506983,2578835,30391699
Slovakia,2021-04-26,33356097,33356097,385563,https://korona.gov.sk/,2589457,30766640,10622,374941,0.972450676024411,10622,374941,2589457,30766640
Slovakia,2021-04-27,33687664,33687664,331567,https://korona.gov.sk/,2597742,31089922,8285,323282,0.975012591723543,8285,323282,2597742,31089922
Slovakia,2021-04-28,33838694,33838694,151030,https://korona.gov.sk/,2605250,31233444,7508,143522,0.9502880222472356,7508,143522,2605250,31233444
Slovakia,2021-04-29,33997566,33997566,158872,https://korona.gov.sk/,2611807,31385759,6557,152315,0.958727780855028,6557,152315,2611807,31385759
Slovakia,2021-04-30,34163391,34163391,165825,https://korona.gov.sk/,2620819,31542572,9012,156813,0.9456535504296698,9012,156813,2620819,31542572
Slovakia,2021-05-01,34435551,34435551,272160,https://korona.gov.sk/,2629250,31806301,8431,263729,0.96902189888301,8431,263729,2629250,31806301
Slovakia,2021-05-02,34829241,34829241,393690,https://korona.gov.sk/,2664217,32165024,34967,358723,0.9111813863699866,34967,358723,2664217,32165024
Slovakia,2021-05-03,35107484,35107484,278243,https://korona.gov.sk/,2676393,32431091,12176,266067,0.9562396897675772,12176,266067,2676393,32431091
Slovakia,2021-05-04,35345283,35345283,237799,https://korona.gov.sk/,2683618,32661665,7225,230574,0.9696171977174,7225,230574,2683618,32661665
Slovakia,2021-05-05,35484585,35484585,139302,https://korona.gov.sk/,2691638,32792947,8020,131282,0.942427244404244,8020,131282,2691638,32792947
Slovakia,2021-05-06,35586326,35586326,101741,https://korona.gov.sk/,2697906,32888420,6268,95473,0.9383925850935217,6268,95473,2697906,32888420
Slovakia,2021-05-07,35687155,35687155,100829,https://korona.gov.sk/,2704901,32982254,6995,93834,0.9306251177736564,6995,93834,2704901,32982254
Slovakia,2021-05-08,35854003,35854003,166848,https://korona.gov.sk/,2717033,33136970,12132,154716,0.9272871116225546,12132,154716,2717033,33136970
Slovakia,2021-05-09,36011159,36011159,157156,https://korona.gov.sk/,2720699,33290460,3666,153490,0.9766728600880653,3666,153490,2720699,33290460
Slovakia,2021-05-10,36172666,36172666,161507,https://korona.gov.sk/,2726117,33446549,5418,156089,0.9664534664132205,5418,156089,2726117,33446549
Slovakia,2021-05-11,36355448,36355448,182782,https://korona.gov.sk/,2734112,33621336,7995,174787,0.9562593690844832,7995,174787,2734112,33621336
Slovakia,2021-05-12,36463030,36463030,107582,https://korona.gov.sk/,2740888,33722142,6776,100806,0.9370154858619472,6776,100806,2740888,33722142
Slovakia,2021-05-13,36571318,36571318,108288,https://korona.gov.sk/,2745856,33825462,4968,103320,0.9541223404255319,4968,103320,2745856,33825462
Slovakia,2021-05-14,36661382,36661382,90064,https://korona.gov.sk/,2752948,33908434,7092,82972,0.9212559957363653,7092,82972,2752948,33908434
Slovakia,2021-05-15,36800878,36800878,139496,https://korona.gov.sk/,2759676,34041202,6728,132768,0.9517692263577451,6728,132768,2759676,34041202
Slovakia,2021-05-16,36952728,36952728,151850,https://korona.gov.sk/,2762414,34190314,2738,149112,0.9819690484030293,2738,149112,2762414,34190314
Slovakia,2021-05-17,37083843,37083843,131115,https://korona.gov.sk/,2765568,34318275,3154,127961,0.9759447812988598,3154,127961,2765568,34318275
Slovakia,2021-05-18,37250140,37250140,166297,https://korona.gov.sk/,2772844,34477296,7276,159021,0.9562469557478487,7276,159021,2772844,34477296
Slovakia,2021-05-19,37342875,37342875,92735,https://korona.gov.sk/,2778680,34564195,5836,86899,0.9370679894322532,5836,86899,2778680,34564195
Slovakia,2021-05-20,37430864,37430864,87989,https://korona.gov.sk/,2784277,34646587,5597,82392,0.9363897759947266,5597,82392,2784277,34646587
Slovakia,2021-05-21,37503734,37503734,72870,https://korona.gov.sk/,2788281,34715453,4004,68866,0.9450528338136407,4004,68866,2788281,34715453
Slovakia,2021-05-22,37609448,37609448,105714,https://korona.gov.sk/,2793952,34815496,5671,100043,0.9463552604196227,5671,100043,2793952,34815496
Slovakia,2021-05-23,37707686,37707686,98238,https://korona.gov.sk/,2798074,34909612,4122,94116,0.9580406767238747,4122,94116,2798074,34909612
Slovakia,2021-05-24,37810468,37810468,102782,https://korona.gov.sk/,2799241,35011227,1167,101615,0.9886458718452648,1167,101615,2799241,35011227
Slovakia,2021-05-25,37922632,37922632,112164,https://korona.gov.sk/,2805853,35116779,6612,105552,0.9410506044720232,6612,105552,2805853,35116779
Slovakia,2021-05-26,38002260,38002260,79628,https://korona.gov.sk/,2812008,35190252,6155,73473,0.9227030692721153,6155,73473,2812008,35190252
Slovakia,2021-05-27,38075805,38075805,73545,https://korona.gov.sk/,2816985,35258820,4977,68568,0.9323271466449112,4977,68568,2816985,35258820
Slovakia,2021-05-28,38137735,38137735,61930,https://korona.gov.sk/,2821167,35316568,4182,57748,0.9324721459712578,4182,57748,2821167,35316568
Slovakia,2021-05-29,38137735,38137735,0,https://korona.gov.sk/,2821167,35316568,0,0,0.9324721459712578,0,0,2821167,35316568
Slovakia,2021-05-30,38313469,38313469,175734,https://korona.gov.sk/,2829751,35483718,8584,167150,0.951153447824553,8584,167150,2829751,35483718
Slovakia,2021-05-31,38389363,38389363,75894,https://korona.gov.sk/,2831060,35558303,1309,74585,0.982752259730677,1309,74585,2831060,35558303
Slovakia,2021-06-01,38478578,38478578,89215,https://korona.gov.sk/,2838146,35640432,7086,82129,0.9205738945244634,7086,82129,2838146,35640432
Slovakia,2021-06-02,38540820,38540820,62242,https://korona.gov.sk/,2843402,35697418,5256,56986,0.9155554127438065,5256,56986,2843402,35697418
Slovakia,2021-06-03,38595394,38595394,54574,https://korona.gov.sk/,2848668,35746726,5266,49308,0.9035071645838678,5266,49308,2848668,35746726
Slovakia,2021-06-04,38652398,38652398,57004,https://korona.gov.sk/,2854008,35798390,5340,51664,0.9063223633429233,5340,51664,2854008,35798390
Slovakia,2021-06-05,38728884,38728884,76486,https://korona.gov.sk/,2859556,35869328,5548,70938,0.9274638495933897,5548,70938,2859556,35869328
Slovakia,2021-06-06,38792441,38792441,63557,https://korona.gov.sk/,2862336,35930105,2780,60777,0.956259735355665,2780,60777,2862336,35930105
Slovakia,2021-06-07,38857279,38857279,64838,https://korona.gov.sk/,2863317,35993962,981,63857,0.9848699836515623,981,63857,2863317,35993962
Slovakia,2021-06-08,38925577,38925577,68298,https://korona.gov.sk/,2869093,36056484,5776,62522,0.9154294415649067,5776,62522,2869093,36056484
Slovakia,2021-06-09,38982445,38982445,56868,https://korona.gov.sk/,2875030,36107415,5937,50931,0.8956003376239713,5937,50931,2875030,36107415
Slovakia,2021-06-10,39044130,39044130,61685,https://korona.gov.sk/,2879548,36164582,4518,57167,0.9267569101078058,4518,57167,2879548,36164582
Slovakia,2021-06-11,39080975,39080975,36845,https://korona.gov.sk/,2883850,36197125,4302,32543,0.8832406025240874,4302,32543,2883850,36197125
Slovakia,2021-06-12,39154068,39154068,73093,https://korona.gov.sk/,2889713,36264355,5863,67230,0.9197871205176966,5863,67230,2889713,36264355
Slovakia,2021-06-13,39212294,39212294,58226,https://korona.gov.sk/,2892229,36320065,2516,55710,0.9567890633050528,2516,55710,2892229,36320065
Slovakia,2021-06-14,39264330,39264330,52036,https://korona.gov.sk/,2893322,36371008,1093,50943,0.9789953109385809,1093,50943,2893322,36371008
Slovakia,2021-06-15,39331415,39331415,67085,https://korona.gov.sk/,2899336,36432079,6014,61071,0.9103525378251472,6014,61071,2899336,36432079
Slovakia,2021-06-16,39381244,39381244,49829,https://korona.gov.sk/,2903570,36477674,4234,45595,0.9150294005498806,4234,45595,2903570,36477674
Slovakia,2021-06-17,39431800,39431800,50556,https://korona.gov.sk/,2907942,36523858,4372,46184,0.9135216393702034,4372,46184,2907942,36523858
Slovakia,2021-06-18,39476574,39476574,44774,https://korona.gov.sk/,2911736,36564838,3794,40980,0.9152633224639299,3794,40980,2911736,36564838
Slovakia,2021-06-19,39476574,39476574,0,https://korona.gov.sk/,2911736,36564838,0,0,0.9152633224639299,0,0,2911736,36564838
Slovakia,2021-06-20,39476574,39476574,0,https://korona.gov.sk/,2911736,36564838,0,0,0.9152633224639299,0,0,2911736,36564838
Slovakia,2021-06-21,39628152,39628152,151578,https://korona.gov.sk/,2920840,36707312,9104,142474,0.9399385135045983,9104,142474,2920840,36707312
Slovakia,2021-06-22,39692928,39692928,64776,https://korona.gov.sk/,2926911,36766017,6071,58705,0.9062770161788317,6071,58705,2926911,36766017
Slovakia,2021-06-23,39728631,39728631,35703,https://korona.gov.sk/,2931288,36797343,4377,31326,0.8774052600621797,4377,31326,2931288,36797343
Slovakia,2021-06-24,39773159,39773159,44528,https://korona.gov.sk/,2935496,36837663,4208,40320,0.905497664390945,4208,40320,2935496,36837663
Slovakia,2021-06-25,39815370,39815370,42211,https://korona.gov.sk/,2938855,36876515,3359,38852,0.920423586268982,3359,38852,2938855,36876515
Slovakia,2021-06-26,39865966,39865966,50596,https://korona.gov.sk/,2944540,36921426,5685,44911,0.887639339078188,5685,44911,2944540,36921426
Slovakia,2021-06-27,39901442,39901442,35476,https://korona.gov.sk/,2947093,36954349,2553,32923,0.9280358552260684,2553,32923,2947093,36954349
Slovakia,2021-06-28,39937111,39937111,35669,https://korona.gov.sk/,2947897,36989214,804,34865,0.9774594185427121,804,34865,2947897,36989214
Slovakia,2021-06-29,39993348,39993348,56237,https://korona.gov.sk/,2953485,37039863,5588,50649,0.900634813379092,5588,50649,2953485,37039863
Slovakia,2021-06-30,40001259,40001259,7911,https://korona.gov.sk/,2959472,36950978,5987,-88885,0.900634813379092,786,7125,2954271,37046988
Slovakia,2021-07-01,40104232,40104232,102973,https://korona.gov.sk/,2964856,37139376,5384,188398,0.9722162017112013,2861,100112,2957132,37147100
Slovakia,2021-07-02,40127098,40127098,22866,https://korona.gov.sk/,2970298,37156800,5442,17424,0.7620047231697717,5442,17424,2962574,37164524
Slovakia,2021-07-03,40152642,40152642,25544,https://korona.gov.sk/,2978570,37174072,8272,17272,0.6761666144691513,8272,17272,2970846,37181796
Slovakia,2021-07-04,40152642,40152642,0,https://korona.gov.sk/,2978570,37174072,0,0,0.6761666144691513,0,0,2970846,37181796
Slovakia,2021-07-05,40175589,40175589,22947,https://korona.gov.sk/,2984432,37191157,5862,17085,0.7445417701660347,5862,17085,2976708,37198881
Slovakia,2021-07-06,40186557,40186557,10968,https://korona.gov.sk/,2987321,37199236,2889,8079,0.736597374179431,2889,8079,2979597,37206960
Slovakia,2021-07-07,40204368,40204368,17811,https://korona.gov.sk/,2992958,37211410,5637,12174,0.6835101903318174,5637,12174,2985234,37219134
Slovakia,2021-07-08,40226869,40226869,22501,https://korona.gov.sk/,2998203,37228666,5245,17256,0.7668992489222701,5245,17256,2990479,37236390
Slovakia,2021-07-09,40240845,40240845,13976,https://korona.gov.sk/,3003874,37236971,5671,8305,0.5942329708070979,5671,8305,2996150,37244695
Slovakia,2021-07-10,40264898,40264898,24053,https://korona.gov.sk/,3012777,37252121,8903,15150,0.6298590612397622,8903,15150,3005053,37259845
Slovakia,2021-07-11,40277200,40277200,12302,https://korona.gov.sk/,3017476,37259724,4699,7603,0.6180295886847667,4699,7603,3009752,37267448
Slovakia,2021-07-12,40283769,40283769,6569,https://korona.gov.sk/,3018508,37265261,1032,5537,0.8428984624752626,1032,5537,3010784,37272985
Slovakia,2021-07-13,40304576,40304576,20807,https://korona.gov.sk/,3025036,37279540,6528,14279,0.6862594319219494,6528,14279,3017312,37287264
Slovakia,2021-07-14,40335429,40335429,30853,https://korona.gov.sk/,3029733,37305696,4697,26156,0.8477619680420057,4697,26156,3022009,37313420
Slovakia,2021-07-15,40353798,40353798,18369,https://korona.gov.sk/,3035642,37318156,5909,12460,0.6783167292721433,5909,12460,3027918,37325880
Slovakia,2021-07-16,40381111,40381111,27313,https://korona.gov.sk/,3041797,37339314,6155,21158,0.7746494343352982,6155,21158,3034073,37347038
Slovakia,2021-07-17,40381111,40381111,0,https://korona.gov.sk/,3041797,37339314,0,0,0.7746494343352982,0,0,3034073,37347038
Slovakia,2021-07-18,40420801,40420801,39690,https://korona.gov.sk/,3057456,37363345,15659,24031,0.6054673721340388,15659,24031,3049732,37371069
Slovakia,2021-07-19,40428275,40428275,7474,https://korona.gov.sk/,3058624,37369651,1168,6306,0.8437249130318437,1168,6306,3050900,37377375
Slovakia,2021-07-20,40444845,40444845,16570,https://korona.gov.sk/,3066516,37378329,7892,8678,0.5237175618587809,7892,8678,3058792,37386053
Slovakia,2021-07-21,40464169,40464169,19324,https://korona.gov.sk/,3073119,37391050,6603,12721,0.6583005588904989,6603,12721,3065395,37398774
Slovakia,2021-07-22,40482194,40482194,18025,https://korona.gov.sk/,3079898,37402296,6779,11246,0.6239112343966713,6779,11246,3072174,37410020
Slovakia,2021-07-23,40497380,40497380,15186,https://korona.gov.sk/,3087364,37410016,7466,7720,0.5083629658896351,7466,7720,3079640,37417740
Slovakia,2021-07-24,40497380,40497380,0,https://korona.gov.sk/,3087364,37410016,0,0,0.5083629658896351,0,0,3079640,37417740
Slovakia,2021-07-25,40530199,40530199,32819,https://korona.gov.sk/,3103738,37426461,16374,16445,0.5010816904841707,16374,16445,3096014,37434185
Slovakia,2021-07-26,40537640,40537640,7441,https://korona.gov.sk/,3105170,37432470,1432,6009,0.8075527482865207,1432,6009,3097446,37440194
Slovakia,2021-07-27,40557527,40557527,19887,https://korona.gov.sk/,3113864,37443663,8694,11193,0.5628299894403379,8694,11193,3106140,37451387
Slovakia,2021-07-28,40574694,40574694,17167,https://korona.gov.sk/,3121263,37453431,7399,9768,0.5689986602201899,7399,9768,3113539,37461155
Slovakia,2021-07-29,40602085,40602085,27391,https://korona.gov.sk/,3128228,37473857,6965,20426,0.7457193968821876,6965,20426,3120504,37481581
Slovakia,2021-07-30,40617495,40617495,15410,https://korona.gov.sk/,3135516,37481979,7288,8122,0.527060350421804,7288,8122,3127792,37489703
Slovakia,2021-07-31,40645638,40645638,28143,https://korona.gov.sk/,3145755,37499883,10239,17904,0.636179511779128,10239,17904,3138031,37507607
Slovakia,2021-08-01,40657698,40657698,12060,https://korona.gov.sk/,3151619,37506079,5864,6196,0.5137645107794362,5864,6196,3143895,37513803
Slovakia,2021-08-02,40666899,40660666,2968,https://korona.gov.sk/,3152824,37514075,1205,7996,0.8690359743506141,389,2579,3144284,37516382
Slovakia,2021-08-03,40684229,40660666,0,https://korona.gov.sk/,3160527,37523702,7703,9627,0.5555106751298327,0,0,3144284,37516382
Slovakia,2021-08-04,40701037,40660666,0,https://korona.gov.sk/,3167445,37533592,6918,9890,0.5884102808186578,0,0,3144284,37516382
Slovakia,2021-08-05,40660666,40660666,0,https://korona.gov.sk/,3173282,37487384,5837,-46208,0.5884102808186578,0,0,3144284,37516382
Slovakia,2021-08-06,40660666,40660666,0,https://korona.gov.sk/,3173282,37487384,0,0,0.5884102808186578,0,0,3144284,37516382
Slovakia,2021-08-07,40694176,40694176,33510,https://korona.gov.sk/,3190859,37503317,17577,15933,0.4754700089525515,17577,15933,3161861,37532315
Slovakia,2021-08-08,40705258,40705258,11082,https://korona.gov.sk/,3195149,37510109,4290,6792,0.6128857606930157,4290,6792,3166151,37539107
Slovakia,2021-08-09,40714156,40714156,8898,https://korona.gov.sk/,3197030,37517126,1881,7017,0.7886041807147673,1881,7017,3168032,37546124
Slovakia,2021-08-10,40714156,40714156,0,https://korona.gov.sk/,3197030,37517126,0,0,0.7886041807147673,0,0,3168032,37546124
Slovakia,2021-08-11,40745303,40745303,31147,https://korona.gov.sk/,3210962,37534341,13932,17215,0.5527017048190837,13932,17215,3181964,37563339
Slovakia,2021-08-12,40760198,40760198,14895,https://korona.gov.sk/,3217620,37542578,6658,8237,0.5530043638804968,6658,8237,3188622,37571576
Slovakia,2021-08-13,40774223,40774223,14025,https://korona.gov.sk/,3223718,37550505,6098,7927,0.565204991087344,6098,7927,3194720,37579503
Slovakia,2021-08-14,40795137,40795137,20914,https://korona.gov.sk/,3232920,37562217,9202,11712,0.5600076503777374,9202,11712,3203922,37591215
Slovakia,2021-08-15,40807298,40807298,12161,https://korona.gov.sk/,3237612,37569686,4692,7469,0.6141764657511718,4692,7469,3208614,37598684
Slovakia,2021-08-16,40814685,40814685,7387,https://korona.gov.sk/,3238921,37575764,1309,6078,0.8227968051983213,1309,6078,3209923,37604762
Slovakia,2021-08-17,40836381,40836381,21696,https://korona.gov.sk/,3246178,37590203,7257,14439,0.6655143805309734,7257,14439,3217180,37619201
Slovakia,2021-08-18,40850847,40850847,14466,https://korona.gov.sk/,3252650,37598197,6472,7994,0.5526061108806858,6472,7994,3223652,37627195
Slovakia,2021-08-19,40867668,40867668,16821,https://korona.gov.sk/,3258782,37608886,6132,10689,0.6354556803995006,6132,10689,3229784,37637884
Slovakia,2021-08-20,40885691,40885691,18023,https://korona.gov.sk/,3264598,37621093,5816,12207,0.6773012262109527,5816,12207,3235600,37650091
Slovakia,2021-08-21,40907668,40907668,21977,https://korona.gov.sk/,3272082,37635586,7484,14493,0.6594621649906721,7484,14493,3243084,37664584
Slovakia,2021-08-22,40920284,40920284,12616,https://korona.gov.sk/,3276924,37643360,4842,7774,0.6162016487000634,4842,7774,3247926,37672358
Slovakia,2021-08-23,40932178,40932178,11894,https://korona.gov.sk/,3277867,37654311,943,10951,0.9207163275601143,943,10951,3248869,37683309
Slovakia,2021-08-24,40954512,40954512,22334,https://korona.gov.sk/,3285445,37669067,7578,14756,0.6606966956210263,7578,14756,3256447,37698065
Slovakia,2021-08-25,40971897,40971897,17385,https://korona.gov.sk/,3290825,37681072,5380,12005,0.6905378199597354,5380,12005,3261827,37710070
Slovakia,2021-08-26,40990718,40990718,18821,https://korona.gov.sk/,3296756,37693962,5931,12890,0.6848732798469794,5931,12890,3267758,37722960
Slovakia,2021-08-27,41008296,41008296,17578,https://korona.gov.sk/,3301773,37706523,5017,12561,0.7145864148367277,5017,12561,3272775,37735521
Slovakia,2021-08-28,41028838,41028838,20542,https://korona.gov.sk/,3308315,37720523,6542,14000,0.6815305228312725,6542,14000,3279317,37749521
Slovakia,2021-08-29,41040634,41040634,11796,https://korona.gov.sk/,3311147,37729487,2832,8964,0.7599186164801628,2832,8964,3282149,37758485
Slovakia,2021-08-30,41049134,41049134,8500,https://korona.gov.sk/,3312632,37736502,1485,7015,0.8252941176470588,1485,7015,3283634,37765500
Slovakia,2021-08-31,41071153,41071153,22019,https://korona.gov.sk/,3319411,37751742,6779,15240,0.6921295245015668,6779,15240,3290413,37780740
Slovakia,2021-09-01,41094226,41094226,23073,https://korona.gov.sk/,3325957,37768269,6546,16527,0.7162917696008322,6546,16527,3296959,37797267
Slovakia,2021-09-02,41103881,41103881,9655,https://korona.gov.sk/,3329425,37774456,3468,6187,0.6408078715691352,3468,6187,3300427,37803454
Slovakia,2021-09-03,41123343,41123343,19462,https://korona.gov.sk/,3336980,37786363,7555,11907,0.6118076251156099,7555,11907,3307982,37815361
Slovakia,2021-09-04,41150701,41150701,27358,https://korona.gov.sk/,3348585,37802116,11605,15753,0.575809635207252,11605,15753,3319587,37831114
Slovakia,2021-09-05,41180959,41180959,30258,https://korona.gov.sk/,3369619,37811340,21034,9224,0.3048449996695089,21034,9224,3340621,37840338
Slovakia,2021-09-06,41202098,41202098,21139,https://korona.gov.sk/,3383345,37818753,13726,7413,0.35067884005865935,13726,7413,3354347,37847751
Slovakia,2021-09-07,41229992,41229992,27894,https://korona.gov.sk/,3391458,37838534,8113,19781,0.7091489209148921,8113,19781,3362460,37867532
Slovakia,2021-09-08,41257139,41257139,27147,https://korona.gov.sk/,3400908,37856231,9450,17697,0.6518952370427672,9450,17697,3371910,37885229
Slovakia,2021-09-09,41305567,41305567,48428,https://korona.gov.sk/,3435134,37870433,34226,14202,0.2932600974642769,34226,14202,3406136,37899431
Slovakia,2021-09-10,41332507,41332507,26940,https://korona.gov.sk/,3441686,37890821,6552,20388,0.7567928730512249,6552,20388,3412688,37919819
Slovakia,2021-09-11,41360924,41360924,28417,https://korona.gov.sk/,3449759,37911165,8073,20344,0.7159094907977619,8073,20344,3420761,37940163
Slovakia,2021-09-12,41377317,41377317,16393,https://korona.gov.sk/,3454265,37923052,4506,11887,0.7251265784176173,4506,11887,3425267,37952050
Slovakia,2021-09-13,41388453,41388453,11136,https://korona.gov.sk/,3455704,37932749,1439,9697,0.8707794540229885,1439,9697,3426706,37961747
Slovakia,2021-09-14,41419897,41419897,31444,https://korona.gov.sk/,3463355,37956542,7651,23793,0.7566785396260017,7651,23793,3434357,37985540
Slovakia,2021-09-15,41453401,41453401,33504,https://korona.gov.sk/,3472283,37981118,8928,24576,0.7335243553008596,8928,24576,3443285,38010116
Slovakia,2021-09-16,41463871,41463871,10470,https://korona.gov.sk/,3476350,37987521,4067,6403,0.611556829035339,4067,6403,3447352,38016519
Slovakia,2021-09-17,41492980,41492980,29109,https://korona.gov.sk/,3485349,38007631,8999,20110,0.6908516266446804,8999,20110,3456351,38036629
Slovakia,2021-09-18,41529094,41529094,36114,https://korona.gov.sk/,3495433,38033661,10084,26030,0.7207731073821787,10084,26030,3466435,38062659
Slovakia,2021-09-19,41548409,41548409,19315,https://korona.gov.sk/,3502218,38046191,6785,12530,0.6487186124773492,6785,12530,3473220,38075189
Slovakia,2021-09-20,41565161,41565161,16752,https://korona.gov.sk/,3504199,38060962,1981,14771,0.8817454632282713,1981,14771,3475201,38089960
Slovakia,2021-09-21,41565161,41565161,0,https://korona.gov.sk/,3504199,38060962,0,0,0.8817454632282713,0,0,3475201,38089960
Slovakia,2021-09-22,41565161,41565161,0,https://korona.gov.sk/,3504199,38060962,0,0,0.8817454632282713,0,0,3475201,38089960
Slovakia,2021-09-23,41565161,41565161,0,https://korona.gov.sk/,3504199,38060962,0,0,0.8817454632282713,0,0,3475201,38089960
Slovakia,2021-09-24,41565161,41565161,0,https://korona.gov.sk/,3504199,38060962,0,0,0.8817454632282713,0,0,3475201,38089960
Slovakia,2021-09-25,41565161,41565161,0,https://korona.gov.sk/,3504199,38060962,0,0,0.8817454632282713,0,0,3475201,38089960
Slovakia,2021-09-26,41565161,41565161,0,https://korona.gov.sk/,3504199,38060962,0,0,0.8817454632282713,0,0,3475201,38089960
Slovakia,2021-09-27,41565161,41565161,0,https://korona.gov.sk/,3504199,38060962,0,0,0.8817454632282713,0,0,3475201,38089960
Slovakia,2021-09-28,41565161,41565161,0,https://korona.gov.sk/,3504199,38060962,0,0,0.8817454632282713,0,0,3475201,38089960
Slovakia,2021-09-29,41565161,41565161,0,https://korona.gov.sk/,3504199,38060962,0,0,0.8817454632282713,0,0,3475201,38089960
Slovakia,2021-09-30,41565161,41565161,0,https://korona.gov.sk/,3504199,38060962,0,0,0.8817454632282713,0,0,3475201,38089960
Slovakia,2021-10-01,41565161,41565161,0,https://korona.gov.sk/,3504199,38060962,0,0,0.8817454632282713,0,0,3475201,38089960
Slovakia,2021-10-02,41565161,41565161,0,https://korona.gov.sk/,3504199,38060962,0,0,0.8817454632282713,0,0,3475201,38089960
Slovakia,2021-10-03,41565161,41565161,0,https://korona.gov.sk/,3504199,38060962,0,0,0.8817454632282713,0,0,3475201,38089960
Slovakia,2021-10-04,41565161,41565161,0,https://korona.gov.sk/,3504199,38060962,0,0,0.8817454632282713,0,0,3475201,38089960
Slovakia,2021-10-05,41565161,41565161,0,https://korona.gov.sk/,3504199,38060962,0,0,0.8817454632282713,0,0,3475201,38089960
Slovakia,2021-10-06,41565161,41565161,0,https://korona.gov.sk/,3504199,38060962,0,0,0.8817454632282713,0,0,3475201,38089960
Slovakia,2021-10-07,41565161,41565161,0,https://korona.gov.sk/,3504199,38060962,0,0,0.8817454632282713,0,0,3475201,38089960
Slovakia,2021-10-08,41565161,41565161,0,https://korona.gov.sk/,3504199,38060962,0,0,0.8817454632282713,0,0,3475201,38089960
Slovakia,2021-10-09,41565161,41565161,0,https://korona.gov.sk/,3504199,38060962,0,0,0.8817454632282713,0,0,3475201,38089960
Slovakia,2021-10-10,41565161,41565161,0,https://korona.gov.sk/,3504199,38060962,0,0,0.8817454632282713,0,0,3475201,38089960
Slovakia,2021-10-11,41565161,41565161,0,https://korona.gov.sk/,3504199,38060962,0,0,0.8817454632282713,0,0,3475201,38089960
Slovakia,2021-10-12,41565161,41565161,0,https://korona.gov.sk/,3504199,38060962,0,0,0.8817454632282713,0,0,3475201,38089960
Slovakia,2021-10-13,41565161,41565161,0,https://korona.gov.sk/,3504199,38060962,0,0,0.8817454632282713,0,0,3475201,38089960
Slovakia,2021-10-14,41565161,41565161,0,https://korona.gov.sk/,3504199,38060962,0,0,0.8817454632282713,0,0,3475201,38089960
Slovakia,2021-10-15,41565161,41565161,0,https://korona.gov.sk/,3504199,38060962,0,0,0.8817454632282713,0,0,3475201,38089960
Slovakia,2021-10-16,41565161,41565161,0,https://korona.gov.sk/,3504199,38060962,0,0,0.8817454632282713,0,0,3475201,38089960
Slovakia,2021-10-17,41565161,41565161,0,https://korona.gov.sk/,3504199,38060962,0,0,0.8817454632282713,0,0,3475201,38089960
Slovakia,2021-10-18,41565161,41565161,0,https://korona.gov.sk/,3504199,38060962,0,0,0.8817454632282713,0,0,3475201,38089960
Slovakia,2021-10-19,41565161,41565161,0,https://korona.gov.sk/,3504199,38060962,0,0,0.8817454632282713,0,0,3475201,38089960
Slovakia,2021-10-20,41565161,41565161,0,https://korona.gov.sk/,3504199,38060962,0,0,0.8817454632282713,0,0,3475201,38089960
Slovakia,2021-10-21,41565161,41565161,0,https://korona.gov.sk/,3504199,38060962,0,0,0.8817454632282713,0,0,3475201,38089960
Slovakia,2021-10-22,41565161,41565161,0,https://korona.gov.sk/,3504199,38060962,0,0,0.8817454632282713,0,0,3475201,38089960
Slovakia,2021-10-23,41565161,41565161,0,https://korona.gov.sk/,3504199,38060962,0,0,0.8817454632282713,0,0,3475201,38089960
Slovakia,2021-10-24,41565161,41565161,0,https://korona.gov.sk/,3504199,38060962,0,0,0.8817454632282713,0,0,3475201,38089960
Slovakia,2021-10-25,41565161,41565161,0,https://korona.gov.sk/,3504199,38060962,0,0,0.8817454632282713,0,0,3475201,38089960
Slovakia,2021-10-26,41565161,41565161,0,https://korona.gov.sk/,3504199,38060962,0,0,0.8817454632282713,0,0,3475201,38089960
Slovakia,2021-10-27,41565161,41565161,0,https://korona.gov.sk/,3504199,38060962,0,0,0.8817454632282713,0,0,3475201,38089960
Slovakia,2021-10-28,41565161,41565161,0,https://korona.gov.sk/,3504199,38060962,0,0,0.8817454632282713,0,0,3475201,38089960
Slovakia,2021-10-29,41565161,41565161,0,https://korona.gov.sk/,3504199,38060962,0,0,0.8817454632282713,0,0,3475201,38089960
Slovakia,2021-10-30,41565161,41565161,0,https://korona.gov.sk/,3504199,38060962,0,0,0.8817454632282713,0,0,3475201,38089960
Slovakia,2021-10-31,41565161,41565161,0,https://korona.gov.sk/,3504199,38060962,0,0,0.8817454632282713,0,0,3475201,38089960
Slovakia,2021-11-01,41565161,41565161,0,https://korona.gov.sk/,3504199,38060962,0,0,0.8817454632282713,0,0,3475201,38089960
Slovakia,2021-11-02,41565161,41565161,0,https://korona.gov.sk/,3504199,38060962,0,0,0.8817454632282713,0,0,3475201,38089960
Slovakia,2021-11-03,41565161,41565161,0,https://korona.gov.sk/,3504199,38060962,0,0,0.8817454632282713,0,0,3475201,38089960
Slovakia,2021-11-04,41565161,41565161,0,https://korona.gov.sk/,3504199,38060962,0,0,0.8817454632282713,0,0,3475201,38089960
Slovakia,2021-11-05,41565161,41565161,0,https://korona.gov.sk/,3504199,38060962,0,0,0.8817454632282713,0,0,3475201,38089960
Slovakia,2021-11-06,41565161,41565161,0,https://korona.gov.sk/,3504199,38060962,0,0,0.8817454632282713,0,0,3475201,38089960
Slovakia,2021-11-07,41565161,41565161,0,https://korona.gov.sk/,3504199,38060962,0,0,0.8817454632282713,0,0,3475201,38089960
Slovakia,2021-11-08,41565161,41565161,0,https://korona.gov.sk/,3504199,38060962,0,0,0.8817454632282713,0,0,3475201,38089960
Slovakia,2021-11-09,41565161,41565161,0,https://korona.gov.sk/,3504199,38060962,0,0,0.8817454632282713,0,0,3475201,38089960
Slovakia,2021-11-10,41565161,41565161,0,https://korona.gov.sk/,3504199,38060962,0,0,0.8817454632282713,0,0,3475201,38089960
Slovakia,2021-11-11,41565161,41565161,0,https://korona.gov.sk/,3504199,38060962,0,0,0.8817454632282713,0,0,3475201,38089960
Slovakia,2021-11-12,41565161,41565161,0,https://korona.gov.sk/,3504199,38060962,0,0,0.8817454632282713,0,0,3475201,38089960
Slovakia,2021-11-13,41565161,41565161,0,https://korona.gov.sk/,3504199,38060962,0,0,0.8817454632282713,0,0,3475201,38089960
Slovakia,2021-11-14,41565161,41565161,0,https://korona.gov.sk/,3504199,38060962,0,0,0.8817454632282713,0,0,3475201,38089960
Slovakia,2021-11-15,41565161,41565161,0,https://korona.gov.sk/,3504199,38060962,0,0,0.8817454632282713,0,0,3475201,38089960
Slovakia,2021-11-16,41565161,41565161,0,https://korona.gov.sk/,3504199,38060962,0,0,0.8817454632282713,0,0,3475201,38089960
Slovakia,2021-11-17,41565161,41565161,0,https://korona.gov.sk/,3504199,38060962,0,0,0.8817454632282713,0,0,3475201,38089960
Slovakia,2021-11-18,41565161,41565161,0,https://korona.gov.sk/,3504199,38060962,0,0,0.8817454632282713,0,0,3475201,38089960
Slovakia,2021-11-19,41565161,41565161,0,https://korona.gov.sk/,3504199,38060962,0,0,0.8817454632282713,0,0,3475201,38089960
Slovakia,2021-11-20,41565161,41565161,0,https://korona.gov.sk/,3504199,38060962,0,0,0.8817454632282713,0,0,3475201,38089960
Slovakia,2021-11-21,41565161,41565161,0,https://korona.gov.sk/,3504199,38060962,0,0,0.8817454632282713,0,0,3475201,38089960
Slovakia,2021-11-22,41565161,41565161,0,https://korona.gov.sk/,3504199,38060962,0,0,0.8817454632282713,0,0,3475201,38089960
Slovakia,2021-11-23,41565161,41565161,0,https://korona.gov.sk/,3504199,38060962,0,0,0.8817454632282713,0,0,3475201,38089960
Slovakia,2021-11-24,41565161,41565161,0,https://korona.gov.sk/,3504199,38060962,0,0,0.8817454632282713,0,0,3475201,38089960
Slovakia,2021-11-25,41565161,41565161,0,https://korona.gov.sk/,3504199,38060962,0,0,0.8817454632282713,0,0,3475201,38089960
Slovakia,2021-11-26,41565161,41565161,0,https://korona.gov.sk/,3504199,38060962,0,0,0.8817454632282713,0,0,3475201,38089960
Slovakia,2021-11-27,41565161,41565161,0,https://korona.gov.sk/,3504199,38060962,0,0,0.8817454632282713,0,0,3475201,38089960
Slovakia,2021-11-28,41565161,41565161,0,https://korona.gov.sk/,3504199,38060962,0,0,0.8817454632282713,0,0,3475201,38089960
Slovakia,2021-11-29,41565161,41565161,0,https://korona.gov.sk/,3504199,38060962,0,0,0.8817454632282713,0,0,3475201,38089960
Slovakia,2021-11-30,41565161,41565161,0,https://korona.gov.sk/,3504199,38060962,0,0,0.8817454632282713,0,0,3475201,38089960
Slovakia,2021-12-01,41565161,41565161,0,https://korona.gov.sk/,3504199,38060962,0,0,0.8817454632282713,0,0,3475201,38089960
Slovakia,2021-12-02,41565161,41565161,0,https://korona.gov.sk/,3504199,38060962,0,0,0.8817454632282713,0,0,3475201,38089960
Slovakia,2021-12-03,41565161,41565161,0,https://korona.gov.sk/,3504199,38060962,0,0,0.8817454632282713,0,0,3475201,38089960
Slovakia,2021-12-04,41565161,41565161,0,https://korona.gov.sk/,3504199,38060962,0,0,0.8817454632282713,0,0,3475201,38089960
Slovakia,2021-12-05,41565161,41565161,0,https://korona.gov.sk/,3504199,38060962,0,0,0.8817454632282713,0,0,3475201,38089960
Slovakia,2021-12-06,41565161,41565161,0,https://korona.gov.sk/,3504199,38060962,0,0,0.8817454632282713,0,0,3475201,38089960
Slovakia,2021-12-07,41565161,41565161,0,https://korona.gov.sk/,3504199,38060962,0,0,0.8817454632282713,0,0,3475201,38089960
Slovakia,2021-12-08,41565161,41565161,0,https://korona.gov.sk/,3504199,38060962,0,0,0.8817454632282713,0,0,3475201,38089960
Slovakia,2021-12-09,41565161,41565161,0,https://korona.gov.sk/,3504199,38060962,0,0,0.8817454632282713,0,0,3475201,38089960
Slovakia,2021-12-10,41565161,41565161,0,https://korona.gov.sk/,3504199,38060962,0,0,0.8817454632282713,0,0,3475201,38089960
Slovakia,2021-12-11,41565161,41565161,0,https://korona.gov.sk/,3504199,38060962,0,0,0.8817454632282713,0,0,3475201,38089960
Slovakia,2021-12-12,41565161,41565161,0,https://korona.gov.sk/,3504199,38060962,0,0,0.8817454632282713,0,0,3475201,38089960
Slovakia,2021-12-13,41565161,41565161,0,https://korona.gov.sk/,3504199,38060962,0,0,0.8817454632282713,0,0,3475201,38089960
Slovakia,2021-12-14,41565161,41565161,0,https://korona.gov.sk/,3504199,38060962,0,0,0.8817454632282713,0,0,3475201,38089960
Slovakia,2021-12-15,41565161,41565161,0,https://korona.gov.sk/,3504199,38060962,0,0,0.8817454632282713,0,0,3475201,38089960
Slovakia,2021-12-16,41565161,41565161,0,https://korona.gov.sk/,3504199,38060962,0,0,0.8817454632282713,0,0,3475201,38089960
Slovakia,2021-12-17,41565161,41565161,0,https://korona.gov.sk/,3504199,38060962,0,0,0.8817454632282713,0,0,3475201,38089960
Slovakia,2021-12-18,41565161,41565161,0,https://korona.gov.sk/,3504199,38060962,0,0,0.8817454632282713,0,0,3475201,38089960
Slovakia,2021-12-19,41565161,41565161,0,https://korona.gov.sk/,3504199,38060962,0,0,0.8817454632282713,0,0,3475201,38089960
Slovakia,2021-12-20,41565161,41565161,0,https://korona.gov.sk/,3504199,38060962,0,0,0.8817454632282713,0,0,3475201,38089960
Slovakia,2021-12-21,41565161,41565161,0,https://korona.gov.sk/,3504199,38060962,0,0,0.8817454632282713,0,0,3475201,38089960
Slovakia,2021-12-22,41565161,41565161,0,https://korona.gov.sk/,3504199,38060962,0,0,0.8817454632282713,0,0,3475201,38089960
Slovakia,2021-12-23,41565161,41565161,0,https://korona.gov.sk/,3504199,38060962,0,0,0.8817454632282713,0,0,3475201,38089960
Slovakia,2021-12-24,41565161,41565161,0,https://korona.gov.sk/,3504199,38060962,0,0,0.8817454632282713,0,0,3475201,38089960
Slovakia,2021-12-25,41565161,41565161,0,https://korona.gov.sk/,3504199,38060962,0,0,0.8817454632282713,0,0,3475201,38089960
Slovakia,2021-12-26,41565161,41565161,0,https://korona.gov.sk/,3504199,38060962,0,0,0.8817454632282713,0,0,3475201,38089960
Slovakia,2021-12-27,41565161,41565161,0,https://korona.gov.sk/,3504199,38060962,0,0,0.8817454632282713,0,0,3475201,38089960
Slovakia,2021-12-28,41565161,41565161,0,https://korona.gov.sk/,3504199,38060962,0,0,0.8817454632282713,0,0,3475201,38089960
Slovakia,2021-12-29,41565161,41565161,0,https://korona.gov.sk/,3504199,38060962,0,0,0.8817454632282713,0,0,3475201,38089960
Slovakia,2021-12-30,41565161,41565161,0,https://korona.gov.sk/,3504199,38060962,0,0,0.8817454632282713,0,0,3475201,38089960
Slovakia,2021-12-31,41565161,41565161,0,https://korona.gov.sk/,3504199,38060962,0,0,0.8817454632282713,0,0,3475201,38089960
Slovakia,2022-01-01,41565161,41565161,0,https://korona.gov.sk/,3504199,38060962,0,0,0.8817454632282713,0,0,3475201,38089960
Slovakia,2022-01-02,41565161,41565161,0,https://korona.gov.sk/,3504199,38060962,0,0,0.8817454632282713,0,0,3475201,38089960
Slovakia,2022-01-03,41565161,41565161,0,https://korona.gov.sk/,3504199,38060962,0,0,0.8817454632282713,0,0,3475201,38089960
Slovakia,2022-01-04,41565161,41565161,0,https://korona.gov.sk/,3504199,38060962,0,0,0.8817454632282713,0,0,3475201,38089960
Slovakia,2022-01-05,41565161,41565161,0,https://korona.gov.sk/,3504199,38060962,0,0,0.8817454632282713,0,0,3475201,38089960
Slovakia,2022-01-06,41565161,41565161,0,https://korona.gov.sk/,3504199,38060962,0,0,0.8817454632282713,0,0,3475201,38089960
Slovakia,2022-01-07,41565161,41565161,0,https://korona.gov.sk/,3504199,38060962,0,0,0.8817454632282713,0,0,3475201,38089960
Slovakia,2022-01-08,41565161,41565161,0,https://korona.gov.sk/,3504199,38060962,0,0,0.8817454632282713,0,0,3475201,38089960
Slovakia,2022-01-09,41565161,41565161,0,https://korona.gov.sk/,3504199,38060962,0,0,0.8817454632282713,0,0,3475201,38089960
Slovakia,2022-01-10,41565161,41565161,0,https://korona.gov.sk/,3504199,38060962,0,0,0.8817454632282713,0,0,3475201,38089960
Slovakia,2022-01-11,41565161,41565161,0,https://korona.gov.sk/,3504199,38060962,0,0,0.8817454632282713,0,0,3475201,38089960
Slovakia,2022-01-12,41565161,41565161,0,https://korona.gov.sk/,3504199,38060962,0,0,0.8817454632282713,0,0,3475201,38089960
Slovakia,2022-01-13,41565161,41565161,0,https://korona.gov.sk/,3504199,38060962,0,0,0.8817454632282713,0,0,3475201,38089960
Slovakia,2022-01-14,41565161,41565161,0,https://korona.gov.sk/,3504199,38060962,0,0,0.8817454632282713,0,0,3475201,38089960
Slovakia,2022-01-15,41565161,41565161,0,https://korona.gov.sk/,3504199,38060962,0,0,0.8817454632282713,0,0,3475201,38089960
Slovakia,2022-01-16,41565161,41565161,0,https://korona.gov.sk/,3504199,38060962,0,0,0.8817454632282713,0,0,3475201,38089960
Slovakia,2022-01-17,41565161,41565161,0,https://korona.gov.sk/,3504199,38060962,0,0,0.8817454632282713,0,0,3475201,38089960
Slovakia,2022-01-18,41565161,41565161,0,https://korona.gov.sk/,3504199,38060962,0,0,0.8817454632282713,0,0,3475201,38089960
Slovakia,2022-01-19,41565161,41565161,0,https://korona.gov.sk/,3504199,38060962,0,0,0.8817454632282713,0,0,3475201,38089960
Slovakia,2022-01-20,41565161,41565161,0,https://korona.gov.sk/,3504199,38060962,0,0,0.8817454632282713,0,0,3475201,38089960
Slovakia,2022-01-21,41565161,41565161,0,https://korona.gov.sk/,3504199,38060962,0,0,0.8817454632282713,0,0,3475201,38089960
Slovakia,2022-01-22,41565161,41565161,0,https://korona.gov.sk/,3504199,38060962,0,0,0.8817454632282713,0,0,3475201,38089960
Slovakia,2022-01-23,41565161,41565161,0,https://korona.gov.sk/,3504199,38060962,0,0,0.8817454632282713,0,0,3475201,38089960
Slovakia,2022-01-24,41565161,41565161,0,https://korona.gov.sk/,3504199,38060962,0,0,0.8817454632282713,0,0,3475201,38089960
Slovakia,2022-01-25,41565161,41565161,0,https://korona.gov.sk/,3504199,38060962,0,0,0.8817454632282713,0,0,3475201,38089960
Slovakia,2022-01-26,41565161,41565161,0,https://korona.gov.sk/,3504199,38060962,0,0,0.8817454632282713,0,0,3475201,38089960
Slovakia,2022-01-27,41565161,41565161,0,https://korona.gov.sk/,3504199,38060962,0,0,0.8817454632282713,0,0,3475201,38089960
Slovakia,2022-01-28,41565161,41565161,0,https://korona.gov.sk/,3504199,38060962,0,0,0.8817454632282713,0,0,3475201,38089960
Slovakia,2022-01-29,41565161,41565161,0,https://korona.gov.sk/,3504199,38060962,0,0,0.8817454632282713,0,0,3475201,38089960
Slovakia,2022-01-30,41565161,41565161,0,https://korona.gov.sk/,3504199,38060962,0,0,0.8817454632282713,0,0,3475201,38089960
Slovakia,2022-01-31,41565161,41565161,0,https://korona.gov.sk/,3504199,38060962,0,0,0.8817454632282713,0,0,3475201,38089960
Slovakia,2022-02-01,41565161,41565161,0,https://korona.gov.sk/,3504199,38060962,0,0,0.8817454632282713,0,0,3475201,38089960
Slovakia,2022-02-02,41565161,41565161,0,https://korona.gov.sk/,3504199,38060962,0,0,0.8817454632282713,0,0,3475201,38089960
Slovakia,2022-02-03,41565161,41565161,0,https://korona.gov.sk/,3504199,38060962,0,0,0.8817454632282713,0,0,3475201,38089960
Slovakia,2022-02-04,41565161,41565161,0,https://korona.gov.sk/,3504199,38060962,0,0,0.8817454632282713,0,0,3475201,38089960
Slovakia,2022-02-05,41565161,41565161,0,https://korona.gov.sk/,3504199,38060962,0,0,0.8817454632282713,0,0,3475201,38089960
Slovakia,2022-02-06,41565161,41565161,0,https://korona.gov.sk/,3504199,38060962,0,0,0.8817454632282713,0,0,3475201,38089960
Slovakia,2022-02-07,41565161,41565161,0,https://korona.gov.sk/,3504199,38060962,0,0,0.8817454632282713,0,0,3475201,38089960
Slovenia,2021-03-23,2427812,2427812,53578,https://www.nijz.si/sl/dnevno-spremljanje-okuzb-s-sars-cov-2-covid-19,1014210,1413602,5022,48556,0.9062674978535966,5022,48556,1014210,1413602
Slovenia,2021-03-24,2462511,2462511,34699,https://www.nijz.si/sl/dnevno-spremljanje-okuzb-s-sars-cov-2-covid-19,1021189,1441322,6979,27720,0.7988702844462376,6979,27720,1021189,1441322
Slovenia,2021-03-25,2500287,2500287,37776,https://www.nijz.si/sl/dnevno-spremljanje-okuzb-s-sars-cov-2-covid-19,1027621,1472666,6432,31344,0.829733163913596,6432,31344,1027621,1472666
Slovenia,2021-03-26,2535274,2535274,34987,https://www.nijz.si/sl/dnevno-spremljanje-okuzb-s-sars-cov-2-covid-19,1034258,1501016,6637,28350,0.8103009689313173,6637,28350,1034258,1501016
Slovenia,2021-03-27,2575248,2575248,39974,https://www.nijz.si/sl/dnevno-spremljanje-okuzb-s-sars-cov-2-covid-19,1041034,1534214,6776,33198,0.8304898183819482,6776,33198,1041034,1534214
Slovenia,2021-03-28,2586119,2586119,10871,https://www.nijz.si/sl/dnevno-spremljanje-okuzb-s-sars-cov-2-covid-19,1044495,1541624,3461,7410,0.6816300248367215,3461,7410,1044495,1541624
Slovenia,2021-03-29,2594516,2594516,8397,https://www.nijz.si/sl/dnevno-spremljanje-okuzb-s-sars-cov-2-covid-19,1046269,1548247,1774,6623,0.788734071692271,1774,6623,1046269,1548247
Slovenia,2021-03-30,2648501,2648501,53985,https://www.nijz.si/sl/dnevno-spremljanje-okuzb-s-sars-cov-2-covid-19,1051664,1596837,5395,48590,0.9000648328239326,5395,48590,1051664,1596837
Slovenia,2021-03-31,2682080,2682080,33579,https://www.nijz.si/sl/dnevno-spremljanje-okuzb-s-sars-cov-2-covid-19,1058870,1623210,7206,26373,0.7854015902796391,7206,26373,1058870,1623210
Slovenia,2021-04-01,2710785,2710785,28705,https://www.nijz.si/sl/dnevno-spremljanje-okuzb-s-sars-cov-2-covid-19,1064492,1646293,5622,23083,0.8041456192300993,5622,23083,1064492,1646293
Slovenia,2021-04-02,2735587,2735587,24802,https://www.nijz.si/sl/dnevno-spremljanje-okuzb-s-sars-cov-2-covid-19,1069845,1665742,5353,19449,0.7841706314006935,5353,19449,1069845,1665742
Slovenia,2021-04-03,2760368,2760368,24781,https://www.nijz.si/sl/dnevno-spremljanje-okuzb-s-sars-cov-2-covid-19,1074848,1685520,5003,19778,0.7981114563576934,5003,19778,1074848,1685520
Slovenia,2021-04-04,2767404,2767404,7036,https://www.nijz.si/sl/dnevno-spremljanje-okuzb-s-sars-cov-2-covid-19,1077645,1689759,2797,4239,0.6024729960204662,2797,4239,1077645,1689759
Slovenia,2021-04-05,2770334,2770334,2930,https://www.nijz.si/sl/dnevno-spremljanje-okuzb-s-sars-cov-2-covid-19,1079181,1691153,1536,1394,0.4757679180887372,1536,1394,1079181,1691153
Slovenia,2021-04-06,2775896,2775896,5562,https://www.nijz.si/sl/dnevno-spremljanje-okuzb-s-sars-cov-2-covid-19,1081060,1694836,1879,3683,0.6621718806184825,1879,3683,1081060,1694836
Slovenia,2021-04-07,2811624,2811624,35728,https://www.nijz.si/sl/dnevno-spremljanje-okuzb-s-sars-cov-2-covid-19,1085872,1725752,4812,30916,0.8653157187639946,4812,30916,1085872,1725752
Slovenia,2021-04-08,2839758,2839758,28134,https://www.nijz.si/sl/dnevno-spremljanje-okuzb-s-sars-cov-2-covid-19,1091232,1748526,5360,22774,0.8094831876021895,5360,22774,1091232,1748526
Slovenia,2021-04-09,2867308,2867308,27550,https://www.nijz.si/sl/dnevno-spremljanje-okuzb-s-sars-cov-2-covid-19,1096430,1770878,5198,22352,0.8113248638838475,5198,22352,1096430,1770878
Slovenia,2021-04-10,2899648,2899648,32340,https://www.nijz.si/sl/dnevno-spremljanje-okuzb-s-sars-cov-2-covid-19,1101160,1798488,4730,27610,0.8537414965986394,4730,27610,1101160,1798488
Slovenia,2021-04-11,2910284,2910284,10636,https://www.nijz.si/sl/dnevno-spremljanje-okuzb-s-sars-cov-2-covid-19,1104024,1806260,2864,7772,0.7307258367807447,2864,7772,1104024,1806260
Slovenia,2021-04-12,2917836,2917836,7552,https://www.nijz.si/sl/dnevno-spremljanje-okuzb-s-sars-cov-2-covid-19,1105508,1812328,1484,6068,0.8034957627118644,1484,6068,1105508,1812328
Slovenia,2021-04-13,2967695,2967695,49859,https://www.nijz.si/sl/dnevno-spremljanje-okuzb-s-sars-cov-2-covid-19,1110096,1857599,4588,45271,0.9079805050241682,4588,45271,1110096,1857599
Slovenia,2021-04-14,2997904,2997904,30209,https://www.nijz.si/sl/dnevno-spremljanje-okuzb-s-sars-cov-2-covid-19,1115402,1882502,5306,24903,0.824356979708034,5306,24903,1115402,1882502
Slovenia,2021-04-15,3027200,3027200,29296,https://www.nijz.si/sl/dnevno-spremljanje-okuzb-s-sars-cov-2-covid-19,1119680,1907520,4278,25018,0.8539732386673948,4278,25018,1119680,1907520
Slovenia,2021-04-16,3056906,3056906,29706,https://www.nijz.si/sl/dnevno-spremljanje-okuzb-s-sars-cov-2-covid-19,1123933,1932973,4253,25453,0.8568302699791288,4253,25453,1123933,1932973
Slovenia,2021-04-17,3095660,3095660,38754,https://www.nijz.si/sl/dnevno-spremljanje-okuzb-s-sars-cov-2-covid-19,1127685,1967975,3752,35002,0.903184187438716,3752,35002,1127685,1967975
Slovenia,2021-04-18,3105803,3105803,10143,https://www.nijz.si/sl/dnevno-spremljanje-okuzb-s-sars-cov-2-covid-19,1130305,1975498,2620,7523,0.7416937789608598,2620,7523,1130305,1975498
Slovenia,2021-04-19,3114203,3114203,8400,https://www.nijz.si/sl/dnevno-spremljanje-okuzb-s-sars-cov-2-covid-19,1131910,1982293,1605,6795,0.8089285714285714,1605,6795,1131910,1982293
Slovenia,2021-04-20,3158313,3158313,44110,https://www.nijz.si/sl/dnevno-spremljanje-okuzb-s-sars-cov-2-covid-19,1135447,2022866,3537,40573,0.9198141011108593,3537,40573,1135447,2022866
Slovenia,2021-04-21,3190307,3190307,31994,https://www.nijz.si/sl/dnevno-spremljanje-okuzb-s-sars-cov-2-covid-19,1140285,2050022,4838,27156,0.8487841470275677,4838,27156,1140285,2050022
Slovenia,2021-04-22,3221939,3221939,31632,https://www.nijz.si/sl/dnevno-spremljanje-okuzb-s-sars-cov-2-covid-19,1144543,2077396,4258,27374,0.8653894790085989,4258,27374,1144543,2077396
Slovenia,2021-04-23,3259848,3259848,37909,https://www.nijz.si/sl/dnevno-spremljanje-okuzb-s-sars-cov-2-covid-19,1151493,2108355,6950,30959,0.8166662270173309,6950,30959,1151493,2108355
Slovenia,2021-04-24,3308350,3308350,48502,https://www.nijz.si/sl/dnevno-spremljanje-okuzb-s-sars-cov-2-covid-19,1156673,2151677,5180,43322,0.8932002804008082,5180,43322,1156673,2151677
Slovenia,2021-04-25,3320562,3320562,12212,https://www.nijz.si/sl/dnevno-spremljanje-okuzb-s-sars-cov-2-covid-19,1159363,2161199,2690,9522,0.7797248607926629,2690,9522,1159363,2161199
Slovenia,2021-04-26,3328568,3328568,8006,https://www.nijz.si/sl/dnevno-spremljanje-okuzb-s-sars-cov-2-covid-19,1160717,2167851,1354,6652,0.8308768423682238,1354,6652,1160717,2167851
Slovenia,2021-04-27,3364821,3364821,36253,https://www.nijz.si/sl/dnevno-spremljanje-okuzb-s-sars-cov-2-covid-19,1164370,2200451,3653,32600,0.8992359253027336,3653,32600,1164370,2200451
Slovenia,2021-04-28,3371271,3371271,6450,https://www.nijz.si/sl/dnevno-spremljanje-okuzb-s-sars-cov-2-covid-19,1166377,2204894,2007,4443,0.6888372093023256,2007,4443,1166377,2204894
Slovenia,2021-04-29,3410993,3410993,39722,https://www.nijz.si/sl/dnevno-spremljanje-okuzb-s-sars-cov-2-covid-19,1170314,2240679,3937,35785,0.9008861588036856,3937,35785,1170314,2240679
Slovenia,2021-04-30,3448776,3448776,37783,https://www.nijz.si/sl/dnevno-spremljanje-okuzb-s-sars-cov-2-covid-19,1174756,2274020,4442,33341,0.8824338988433952,4442,33341,1174756,2274020
Slovenia,2021-05-01,3488998,3488998,40222,https://www.nijz.si/sl/dnevno-spremljanje-okuzb-s-sars-cov-2-covid-19,1178953,2310045,4197,36025,0.89565411963602,4197,36025,1178953,2310045
Slovenia,2021-05-02,3496430,3496430,7432,https://www.nijz.si/sl/dnevno-spremljanje-okuzb-s-sars-cov-2-covid-19,1180780,2315650,1827,5605,0.7541711517761034,1827,5605,1180780,2315650
Slovenia,2021-05-03,3505109,3505109,8679,https://www.nijz.si/sl/dnevno-spremljanje-okuzb-s-sars-cov-2-covid-19,1182160,2322949,1380,7299,0.840995506394746,1380,7299,1182160,2322949
Slovenia,2021-05-04,3555342,3555342,50233,https://www.nijz.si/sl/dnevno-spremljanje-okuzb-s-sars-cov-2-covid-19,1186184,2369158,4024,46209,0.9198932972348854,4024,46209,1186184,2369158
Slovenia,2021-05-05,3587352,3587352,32010,https://www.nijz.si/sl/dnevno-spremljanje-okuzb-s-sars-cov-2-covid-19,1190939,2396413,4755,27255,0.8514526710402999,4755,27255,1190939,2396413
Slovenia,2021-05-06,3622285,3622285,34933,https://www.nijz.si/sl/dnevno-spremljanje-okuzb-s-sars-cov-2-covid-19,1195168,2427117,4229,30704,0.8789396845389746,4229,30704,1195168,2427117
Slovenia,2021-05-07,3658420,3658420,36135,https://www.nijz.si/sl/dnevno-spremljanje-okuzb-s-sars-cov-2-covid-19,1199197,2459223,4029,32106,0.8885014528850145,4029,32106,1199197,2459223
Slovenia,2021-05-08,3702602,3702602,44182,https://www.nijz.si/sl/dnevno-spremljanje-okuzb-s-sars-cov-2-covid-19,1203524,2499078,4327,39855,0.9020641890362591,4327,39855,1203524,2499078
Slovenia,2021-05-09,3713944,3713944,11342,https://www.nijz.si/sl/dnevno-spremljanje-okuzb-s-sars-cov-2-covid-19,1205930,2508014,2406,8936,0.7878681008640451,2406,8936,1205930,2508014
Slovenia,2021-05-10,3722637,3722637,8693,https://www.nijz.si/sl/dnevno-spremljanje-okuzb-s-sars-cov-2-covid-19,1207240,2515397,1310,7383,0.8493040377315081,1310,7383,1207240,2515397
Slovenia,2021-05-11,3771768,3771768,49131,https://www.nijz.si/sl/dnevno-spremljanje-okuzb-s-sars-cov-2-covid-19,1210882,2560886,3642,45489,0.9258716492642121,3642,45489,1210882,2560886
Slovenia,2021-05-12,3804887,3804887,33119,https://www.nijz.si/sl/dnevno-spremljanje-okuzb-s-sars-cov-2-covid-19,1215660,2589227,4778,28341,0.8557323590688125,4778,28341,1215660,2589227
Slovenia,2021-05-13,3839630,3839630,34743,https://www.nijz.si/sl/dnevno-spremljanje-okuzb-s-sars-cov-2-covid-19,1220298,2619332,4638,30105,0.8665054831189016,4638,30105,1220298,2619332
Slovenia,2021-05-14,3874926,3874926,35296,https://www.nijz.si/sl/dnevno-spremljanje-okuzb-s-sars-cov-2-covid-19,1224259,2650667,3961,31335,0.8877776518585675,3961,31335,1224259,2650667
Slovenia,2021-05-15,3921889,3921889,46963,https://www.nijz.si/sl/dnevno-spremljanje-okuzb-s-sars-cov-2-covid-19,1228436,2693453,4177,42786,0.9110576411217342,4177,42786,1228436,2693453
Slovenia,2021-05-16,3933930,3933930,12041,https://www.nijz.si/sl/dnevno-spremljanje-okuzb-s-sars-cov-2-covid-19,1230907,2703023,2471,9570,0.794784486338344,2471,9570,1230907,2703023
Slovenia,2021-05-17,3942990,3942990,9060,https://www.nijz.si/sl/dnevno-spremljanje-okuzb-s-sars-cov-2-covid-19,1232411,2710579,1504,7556,0.8339955849889624,1504,7556,1232411,2710579
Slovenia,2021-05-18,3992198,3992198,49208,https://www.nijz.si/sl/dnevno-spremljanje-okuzb-s-sars-cov-2-covid-19,1236643,2755555,4232,44976,0.9139977239473256,4232,44976,1236643,2755555
Slovenia,2021-05-19,4026829,4026829,34631,https://www.nijz.si/sl/dnevno-spremljanje-okuzb-s-sars-cov-2-covid-19,1241112,2785717,4469,30162,0.8709537697438711,4469,30162,1241112,2785717
Slovenia,2021-05-20,4060952,4060952,34123,https://www.nijz.si/sl/dnevno-spremljanje-okuzb-s-sars-cov-2-covid-19,1244964,2815988,3852,30271,0.8871142631069953,3852,30271,1244964,2815988
Slovenia,2021-05-21,4102985,4102985,42033,https://www.nijz.si/sl/dnevno-spremljanje-okuzb-s-sars-cov-2-covid-19,1249100,2853885,4136,37897,0.9016011229272238,4136,37897,1249100,2853885
Slovenia,2021-05-22,4151440,4151440,48455,https://www.nijz.si/sl/dnevno-spremljanje-okuzb-s-sars-cov-2-covid-19,1252905,2898535,3805,44650,0.9214735321432257,3805,44650,1252905,2898535
Slovenia,2021-05-23,4163636,4163636,12196,https://www.nijz.si/sl/dnevno-spremljanje-okuzb-s-sars-cov-2-covid-19,1255260,2908376,2355,9841,0.8069039029189898,2355,9841,1255260,2908376
Slovenia,2021-05-24,4172408,4172408,8772,https://www.nijz.si/sl/dnevno-spremljanje-okuzb-s-sars-cov-2-covid-19,1256665,2915743,1405,7367,0.8398312813497492,1405,7367,1256665,2915743
Slovenia,2021-05-25,4221468,4221468,49060,https://www.nijz.si/sl/dnevno-spremljanje-okuzb-s-sars-cov-2-covid-19,1260223,2961245,3558,45502,0.9274765593151243,3558,45502,1260223,2961245
Slovenia,2021-05-26,4255513,4255513,34045,https://www.nijz.si/sl/dnevno-spremljanje-okuzb-s-sars-cov-2-covid-19,1264460,2991053,4237,29808,0.8755470700543398,4237,29808,1264460,2991053
Slovenia,2021-05-27,4291136,4291136,35623,https://www.nijz.si/sl/dnevno-spremljanje-okuzb-s-sars-cov-2-covid-19,1268472,3022664,4012,31611,0.8873761333969626,4012,31611,1268472,3022664
Slovenia,2021-05-28,4329417,4329417,38281,https://www.nijz.si/sl/dnevno-spremljanje-okuzb-s-sars-cov-2-covid-19,1272058,3057359,3586,34695,0.9063242861994201,3586,34695,1272058,3057359
Slovenia,2021-05-29,4379393,4379393,49976,https://www.nijz.si/sl/dnevno-spremljanje-okuzb-s-sars-cov-2-covid-19,1275760,3103633,3702,46274,0.9259244437329919,3702,46274,1275760,3103633
Slovenia,2021-05-30,4389901,4389901,10508,https://www.nijz.si/sl/dnevno-spremljanje-okuzb-s-sars-cov-2-covid-19,1277612,3112289,1852,8656,0.8237533307955843,1852,8656,1277612,3112289
Slovenia,2021-05-31,4399594,4399594,9693,https://www.nijz.si/sl/dnevno-spremljanje-okuzb-s-sars-cov-2-covid-19,1279116,3120478,1504,8189,0.8448364799339729,1504,8189,1279116,3120478
Slovenia,2021-06-01,4447382,4447382,47788,https://www.nijz.si/sl/dnevno-spremljanje-okuzb-s-sars-cov-2-covid-19,1282498,3164884,3382,44406,0.9292290951703357,3382,44406,1282498,3164884
Slovenia,2021-06-02,4478682,4478682,31300,https://www.nijz.si/sl/dnevno-spremljanje-okuzb-s-sars-cov-2-covid-19,1286664,3192018,4166,27134,0.8669009584664537,4166,27134,1286664,3192018
Slovenia,2021-06-03,4510076,4510076,31394,https://www.nijz.si/sl/dnevno-spremljanje-okuzb-s-sars-cov-2-covid-19,1290501,3219575,3837,27557,0.8777791934764605,3837,27557,1290501,3219575
Slovenia,2021-06-04,4547029,4547029,36953,https://www.nijz.si/sl/dnevno-spremljanje-okuzb-s-sars-cov-2-covid-19,1294416,3252613,3915,33038,0.8940546099098855,3915,33038,1294416,3252613
Slovenia,2021-06-05,4594972,4594972,47943,https://www.nijz.si/sl/dnevno-spremljanje-okuzb-s-sars-cov-2-covid-19,1297880,3297092,3464,44479,0.9277475335293995,3464,44479,1297880,3297092
Slovenia,2021-06-06,4606258,4606258,11286,https://www.nijz.si/sl/dnevno-spremljanje-okuzb-s-sars-cov-2-covid-19,1300136,3306122,2256,9030,0.8001063264221159,2256,9030,1300136,3306122
Slovenia,2021-06-07,4616050,4616050,9792,https://www.nijz.si/sl/dnevno-spremljanje-okuzb-s-sars-cov-2-covid-19,1301465,3314585,1329,8463,0.8642769607843137,1329,8463,1301465,3314585
Slovenia,2021-06-08,4660062,4660062,44012,https://www.nijz.si/sl/dnevno-spremljanje-okuzb-s-sars-cov-2-covid-19,1304513,3355549,3048,40964,0.9307461601381442,3048,40964,1304513,3355549
Slovenia,2021-06-09,4689101,4689101,29039,https://www.nijz.si/sl/dnevno-spremljanje-okuzb-s-sars-cov-2-covid-19,1308019,3381082,3506,25533,0.879265814938531,3506,25533,1308019,3381082
Slovenia,2021-06-10,4689101,4689101,0,https://www.nijz.si/sl/dnevno-spremljanje-okuzb-s-sars-cov-2-covid-19,1308019,3381082,0,0,0.879265814938531,0,0,1308019,3381082
Slovenia,2021-06-11,4689101,4689101,0,https://www.nijz.si/sl/dnevno-spremljanje-okuzb-s-sars-cov-2-covid-19,1308019,3381082,0,0,0.879265814938531,0,0,1308019,3381082
Slovenia,2021-06-12,4689101,4689101,0,https://www.nijz.si/sl/dnevno-spremljanje-okuzb-s-sars-cov-2-covid-19,1308019,3381082,0,0,0.879265814938531,0,0,1308019,3381082
Slovenia,2021-06-13,4689101,4689101,0,https://www.nijz.si/sl/dnevno-spremljanje-okuzb-s-sars-cov-2-covid-19,1308019,3381082,0,0,0.879265814938531,0,0,1308019,3381082
Slovenia,2021-06-14,4689101,4689101,0,https://www.nijz.si/sl/dnevno-spremljanje-okuzb-s-sars-cov-2-covid-19,1308019,3381082,0,0,0.879265814938531,0,0,1308019,3381082
Slovenia,2021-06-15,4689101,4689101,0,https://www.nijz.si/sl/dnevno-spremljanje-okuzb-s-sars-cov-2-covid-19,1308019,3381082,0,0,0.879265814938531,0,0,1308019,3381082
Slovenia,2021-06-16,4689101,4689101,0,https://www.nijz.si/sl/dnevno-spremljanje-okuzb-s-sars-cov-2-covid-19,1308019,3381082,0,0,0.879265814938531,0,0,1308019,3381082
Slovenia,2021-06-17,4689101,4689101,0,https://www.nijz.si/sl/dnevno-spremljanje-okuzb-s-sars-cov-2-covid-19,1308019,3381082,0,0,0.879265814938531,0,0,1308019,3381082
Slovenia,2021-06-18,4689101,4689101,0,https://www.nijz.si/sl/dnevno-spremljanje-okuzb-s-sars-cov-2-covid-19,1308019,3381082,0,0,0.879265814938531,0,0,1308019,3381082
Slovenia,2021-06-19,4689101,4689101,0,https://www.nijz.si/sl/dnevno-spremljanje-okuzb-s-sars-cov-2-covid-19,1308019,3381082,0,0,0.879265814938531,0,0,1308019,3381082
Slovenia,2021-06-20,4689101,4689101,0,https://www.nijz.si/sl/dnevno-spremljanje-okuzb-s-sars-cov-2-covid-19,1308019,3381082,0,0,0.879265814938531,0,0,1308019,3381082
Slovenia,2021-06-21,4689101,4689101,0,https://www.nijz.si/sl/dnevno-spremljanje-okuzb-s-sars-cov-2-covid-19,1308019,3381082,0,0,0.879265814938531,0,0,1308019,3381082
Slovenia,2021-06-22,4689101,4689101,0,https://www.nijz.si/sl/dnevno-spremljanje-okuzb-s-sars-cov-2-covid-19,1308019,3381082,0,0,0.879265814938531,0,0,1308019,3381082
Slovenia,2021-06-23,4689101,4689101,0,https://www.nijz.si/sl/dnevno-spremljanje-okuzb-s-sars-cov-2-covid-19,1308019,3381082,0,0,0.879265814938531,0,0,1308019,3381082
Slovenia,2021-06-24,4689101,4689101,0,https://www.nijz.si/sl/dnevno-spremljanje-okuzb-s-sars-cov-2-covid-19,1308019,3381082,0,0,0.879265814938531,0,0,1308019,3381082
Slovenia,2021-06-25,4689101,4689101,0,https://www.nijz.si/sl/dnevno-spremljanje-okuzb-s-sars-cov-2-covid-19,1308019,3381082,0,0,0.879265814938531,0,0,1308019,3381082
Slovenia,2021-06-26,4689101,4689101,0,https://www.nijz.si/sl/dnevno-spremljanje-okuzb-s-sars-cov-2-covid-19,1308019,3381082,0,0,0.879265814938531,0,0,1308019,3381082
Slovenia,2021-06-27,4689101,4689101,0,https://www.nijz.si/sl/dnevno-spremljanje-okuzb-s-sars-cov-2-covid-19,1308019,3381082,0,0,0.879265814938531,0,0,1308019,3381082
Slovenia,2021-06-28,4689101,4689101,0,https://www.nijz.si/sl/dnevno-spremljanje-okuzb-s-sars-cov-2-covid-19,1308019,3381082,0,0,0.879265814938531,0,0,1308019,3381082
Slovenia,2021-06-29,4689101,4689101,0,https://www.nijz.si/sl/dnevno-spremljanje-okuzb-s-sars-cov-2-covid-19,1308019,3381082,0,0,0.879265814938531,0,0,1308019,3381082
Slovenia,2021-06-30,4689101,4689101,0,https://www.nijz.si/sl/dnevno-spremljanje-okuzb-s-sars-cov-2-covid-19,1308019,3381082,0,0,0.879265814938531,0,0,1308019,3381082
Slovenia,2021-07-01,4689101,4689101,0,https://www.nijz.si/sl/dnevno-spremljanje-okuzb-s-sars-cov-2-covid-19,1308019,3381082,0,0,0.879265814938531,0,0,1308019,3381082
Slovenia,2021-07-02,4689101,4689101,0,https://www.nijz.si/sl/dnevno-spremljanje-okuzb-s-sars-cov-2-covid-19,1308019,3381082,0,0,0.879265814938531,0,0,1308019,3381082
Slovenia,2021-07-03,4689101,4689101,0,https://www.nijz.si/sl/dnevno-spremljanje-okuzb-s-sars-cov-2-covid-19,1308019,3381082,0,0,0.879265814938531,0,0,1308019,3381082
Slovenia,2021-07-04,4689101,4689101,0,https://www.nijz.si/sl/dnevno-spremljanje-okuzb-s-sars-cov-2-covid-19,1308019,3381082,0,0,0.879265814938531,0,0,1308019,3381082
Slovenia,2021-07-05,5405692,5405692,716591,https://www.nijz.si/sl/dnevno-spremljanje-okuzb-s-sars-cov-2-covid-19,1308019,3381082,0,0,0.879265814938531,86517,630074,1394536,4011156
Slovenia,2021-07-06,5425786,5425786,20094,https://www.nijz.si/sl/dnevno-spremljanje-okuzb-s-sars-cov-2-covid-19,1308019,3381082,0,0,0.879265814938531,2426,17668,1396962,4028824
Slovenia,2021-07-07,5447476,5447476,21690,https://www.nijz.si/sl/dnevno-spremljanje-okuzb-s-sars-cov-2-covid-19,1308019,3381082,0,0,0.879265814938531,2619,19071,1399581,4047895
Slovenia,2021-07-08,5473907,5473907,26431,https://www.nijz.si/sl/dnevno-spremljanje-okuzb-s-sars-cov-2-covid-19,1308019,3381082,0,0,0.879265814938531,3191,23240,1402772,4071135
Slovenia,2021-07-09,5473907,5473907,0,https://www.nijz.si/sl/dnevno-spremljanje-okuzb-s-sars-cov-2-covid-19,1308019,3381082,0,0,0.879265814938531,0,0,1402772,4071135
Slovenia,2021-07-10,5525632,5525632,51725,https://www.nijz.si/sl/dnevno-spremljanje-okuzb-s-sars-cov-2-covid-19,1308019,3381082,0,0,0.879265814938531,6245,45480,1409017,4116615
Slovenia,2021-07-11,5532040,5532040,6408,https://www.nijz.si/sl/dnevno-spremljanje-okuzb-s-sars-cov-2-covid-19,1308019,3381082,0,0,0.879265814938531,774,5634,1409791,4122249
Slovenia,2021-07-12,5560196,5560196,28156,https://www.nijz.si/sl/dnevno-spremljanje-okuzb-s-sars-cov-2-covid-19,1308019,3381082,0,0,0.879265814938531,3399,24757,1413190,4147006
Slovenia,2021-07-13,5579222,5579222,19026,https://www.nijz.si/sl/dnevno-spremljanje-okuzb-s-sars-cov-2-covid-19,1308019,3381082,0,0,0.879265814938531,2297,16729,1415487,4163735
Slovenia,2021-07-14,5601360,5601360,22138,https://www.nijz.si/sl/dnevno-spremljanje-okuzb-s-sars-cov-2-covid-19,1308019,3381082,0,0,0.879265814938531,2673,19465,1418160,4183200
Slovenia,2021-07-15,5601360,5601360,0,https://www.nijz.si/sl/dnevno-spremljanje-okuzb-s-sars-cov-2-covid-19,1308019,3381082,0,0,0.879265814938531,0,0,1418160,4183200
Slovenia,2021-07-16,5668848,5668848,67488,https://www.nijz.si/sl/dnevno-spremljanje-okuzb-s-sars-cov-2-covid-19,1308019,3381082,0,0,0.879265814938531,8148,59340,1426308,4242540
Slovenia,2021-07-17,5684395,5684395,15547,https://www.nijz.si/sl/dnevno-spremljanje-okuzb-s-sars-cov-2-covid-19,1308019,3381082,0,0,0.879265814938531,1877,13670,1428185,4256210
Slovenia,2021-07-18,5692032,5692032,7637,https://www.nijz.si/sl/dnevno-spremljanje-okuzb-s-sars-cov-2-covid-19,1308019,3381082,0,0,0.879265814938531,922,6715,1429107,4262925
Slovenia,2021-07-19,5722104,5722104,30072,https://www.nijz.si/sl/dnevno-spremljanje-okuzb-s-sars-cov-2-covid-19,1308019,3381082,0,0,0.879265814938531,3631,26441,1432738,4289366
Slovenia,2021-07-20,5743525,5743525,21421,https://www.nijz.si/sl/dnevno-spremljanje-okuzb-s-sars-cov-2-covid-19,1308019,3381082,0,0,0.879265814938531,2586,18835,1435324,4308201
Slovenia,2021-07-21,5765930,5765930,22405,https://www.nijz.si/sl/dnevno-spremljanje-okuzb-s-sars-cov-2-covid-19,1308019,3381082,0,0,0.879265814938531,2705,19700,1438029,4327901
Slovenia,2021-07-22,5792673,5792673,26743,https://www.nijz.si/sl/dnevno-spremljanje-okuzb-s-sars-cov-2-covid-19,1308019,3381082,0,0,0.879265814938531,3229,23514,1441258,4351415
Slovenia,2021-07-23,5838758,5838758,46085,https://www.nijz.si/sl/dnevno-spremljanje-okuzb-s-sars-cov-2-covid-19,1308019,3381082,0,0,0.879265814938531,5564,40521,1446822,4391936
Slovenia,2021-07-24,5857409,5857409,18651,https://www.nijz.si/sl/dnevno-spremljanje-okuzb-s-sars-cov-2-covid-19,1308019,3381082,0,0,0.879265814938531,2252,16399,1449074,4408335
Slovenia,2021-07-25,5866347,5866347,8938,https://www.nijz.si/sl/dnevno-spremljanje-okuzb-s-sars-cov-2-covid-19,1308019,3381082,0,0,0.879265814938531,1079,7859,1450153,4416194
Slovenia,2021-07-26,5896252,5896252,29905,https://www.nijz.si/sl/dnevno-spremljanje-okuzb-s-sars-cov-2-covid-19,1308019,3381082,0,0,0.879265814938531,3611,26294,1453764,4442488
Slovenia,2021-07-27,5918361,5918361,22109,https://www.nijz.si/sl/dnevno-spremljanje-okuzb-s-sars-cov-2-covid-19,1308019,3381082,0,0,0.879265814938531,2669,19440,1456433,4461928
Slovenia,2021-07-28,5941170,5941170,22809,https://www.nijz.si/sl/dnevno-spremljanje-okuzb-s-sars-cov-2-covid-19,1308019,3381082,0,0,0.879265814938531,2754,20055,1459187,4481983
Slovenia,2021-07-29,5969700,5969700,28530,https://www.nijz.si/sl/dnevno-spremljanje-okuzb-s-sars-cov-2-covid-19,1308019,3381082,0,0,0.879265814938531,3445,25085,1462632,4507068
Slovenia,2021-07-30,6017863,6017863,48163,https://www.nijz.si/sl/dnevno-spremljanje-okuzb-s-sars-cov-2-covid-19,1308019,3381082,0,0,0.879265814938531,5815,42348,1468447,4549416
Slovenia,2021-07-31,6038084,6038084,20221,https://www.nijz.si/sl/dnevno-spremljanje-okuzb-s-sars-cov-2-covid-19,1308019,3381082,0,0,0.879265814938531,2441,17780,1470888,4567196
Slovenia,2021-08-01,6047492,6047492,9408,https://www.nijz.si/sl/dnevno-spremljanje-okuzb-s-sars-cov-2-covid-19,1308019,3381082,0,0,0.879265814938531,1136,8272,1472024,4575468
Slovenia,2021-08-02,6078924,6078924,31432,https://www.nijz.si/sl/dnevno-spremljanje-okuzb-s-sars-cov-2-covid-19,1308019,3381082,0,0,0.879265814938531,3795,27637,1475819,4603105
Slovenia,2021-08-03,6100176,6100176,21252,https://www.nijz.si/sl/dnevno-spremljanje-okuzb-s-sars-cov-2-covid-19,1308019,3381082,0,0,0.879265814938531,2566,18686,1478385,4621791
Slovenia,2021-08-04,6123201,6123201,23025,https://www.nijz.si/sl/dnevno-spremljanje-okuzb-s-sars-cov-2-covid-19,1308019,3381082,0,0,0.879265814938531,2780,20245,1481165,4642036
Slovenia,2021-08-05,6123201,6123201,0,https://www.nijz.si/sl/dnevno-spremljanje-okuzb-s-sars-cov-2-covid-19,1308019,3381082,0,0,0.879265814938531,0,0,1481165,4642036
Slovenia,2021-08-06,6194868,6194868,71667,https://www.nijz.si/sl/dnevno-spremljanje-okuzb-s-sars-cov-2-covid-19,1308019,3381082,0,0,0.879265814938531,8653,63014,1489818,4705050
Slovenia,2021-08-07,6215331,6215331,20463,https://www.nijz.si/sl/dnevno-spremljanje-okuzb-s-sars-cov-2-covid-19,1308019,3381082,0,0,0.879265814938531,2471,17992,1492289,4723042
Slovenia,2021-08-08,6223491,6223491,8160,https://www.nijz.si/sl/dnevno-spremljanje-okuzb-s-sars-cov-2-covid-19,1308019,3381082,0,0,0.879265814938531,985,7175,1493274,4730217
Slovenia,2021-08-09,6253259,6253259,29768,https://www.nijz.si/sl/dnevno-spremljanje-okuzb-s-sars-cov-2-covid-19,1308019,3381082,0,0,0.879265814938531,3594,26174,1496868,4756391
Slovenia,2021-08-10,6275053,6275053,21794,https://www.nijz.si/sl/dnevno-spremljanje-okuzb-s-sars-cov-2-covid-19,1308019,3381082,0,0,0.879265814938531,2631,19163,1499499,4775554
Slovenia,2021-08-11,6298032,6298032,22979,https://www.nijz.si/sl/dnevno-spremljanje-okuzb-s-sars-cov-2-covid-19,1308019,3381082,0,0,0.879265814938531,2774,20205,1502273,4795759
Slovenia,2021-08-12,6323383,6323383,25351,https://www.nijz.si/sl/dnevno-spremljanje-okuzb-s-sars-cov-2-covid-19,1308019,3381082,0,0,0.879265814938531,3061,22290,1505334,4818049
Slovenia,2021-08-13,6323383,6323383,0,https://www.nijz.si/sl/dnevno-spremljanje-okuzb-s-sars-cov-2-covid-19,1308019,3381082,0,0,0.879265814938531,0,0,1505334,4818049
Slovenia,2021-08-14,6392462,6392462,69079,https://www.nijz.si/sl/dnevno-spremljanje-okuzb-s-sars-cov-2-covid-19,1308019,3381082,0,0,0.879265814938531,8340,60739,1513674,4878788
Slovenia,2021-08-15,6401371,6401371,8909,https://www.nijz.si/sl/dnevno-spremljanje-okuzb-s-sars-cov-2-covid-19,1308019,3381082,0,0,0.879265814938531,1076,7833,1514750,4886621
Slovenia,2021-08-16,6432699,6432699,31328,https://www.nijz.si/sl/dnevno-spremljanje-okuzb-s-sars-cov-2-covid-19,1308019,3381082,0,0,0.879265814938531,3782,27546,1518532,4914167
Slovenia,2021-08-17,6455627,6455627,22928,https://www.nijz.si/sl/dnevno-spremljanje-okuzb-s-sars-cov-2-covid-19,1308019,3381082,0,0,0.879265814938531,2768,20160,1521300,4934327
Slovenia,2021-08-18,6479964,6479964,24337,https://www.nijz.si/sl/dnevno-spremljanje-okuzb-s-sars-cov-2-covid-19,1308019,3381082,0,0,0.879265814938531,2938,21399,1524238,4955726
Slovenia,2021-08-19,6508647,6508647,28683,https://www.nijz.si/sl/dnevno-spremljanje-okuzb-s-sars-cov-2-covid-19,1308019,3381082,0,0,0.879265814938531,3463,25220,1527701,4980946
Slovenia,2021-08-20,6508647,6508647,0,https://www.nijz.si/sl/dnevno-spremljanje-okuzb-s-sars-cov-2-covid-19,1308019,3381082,0,0,0.879265814938531,0,0,1527701,4980946
Slovenia,2021-08-21,6583592,6583592,74945,https://www.nijz.si/sl/dnevno-spremljanje-okuzb-s-sars-cov-2-covid-19,1308019,3381082,0,0,0.879265814938531,9048,65897,1536749,5046843
Slovenia,2021-08-22,6595592,6595592,12000,https://www.nijz.si/sl/dnevno-spremljanje-okuzb-s-sars-cov-2-covid-19,1308019,3381082,0,0,0.879265814938531,1449,10551,1538198,5057394
Slovenia,2021-08-23,6625815,6625815,30223,https://www.nijz.si/sl/dnevno-spremljanje-okuzb-s-sars-cov-2-covid-19,1308019,3381082,0,0,0.879265814938531,3649,26574,1541847,5083968
Slovenia,2021-08-24,6647240,6647240,21425,https://www.nijz.si/sl/dnevno-spremljanje-okuzb-s-sars-cov-2-covid-19,1308019,3381082,0,0,0.879265814938531,2587,18838,1544434,5102806
Slovenia,2021-08-25,6670328,6670328,23088,https://www.nijz.si/sl/dnevno-spremljanje-okuzb-s-sars-cov-2-covid-19,1308019,3381082,0,0,0.879265814938531,2788,20300,1547222,5123106
Slovenia,2021-08-26,6670328,6670328,0,https://www.nijz.si/sl/dnevno-spremljanje-okuzb-s-sars-cov-2-covid-19,1308019,3381082,0,0,0.879265814938531,0,0,1547222,5123106
Slovenia,2021-08-27,6730895,6730895,60567,https://www.nijz.si/sl/dnevno-spremljanje-okuzb-s-sars-cov-2-covid-19,1308019,3381082,0,0,0.879265814938531,7313,53254,1554535,5176360
Slovenia,2021-08-28,6748422,6748422,17527,https://www.nijz.si/sl/dnevno-spremljanje-okuzb-s-sars-cov-2-covid-19,1308019,3381082,0,0,0.879265814938531,2116,15411,1556651,5191771
Slovenia,2021-08-29,6748422,6748422,0,https://www.nijz.si/sl/dnevno-spremljanje-okuzb-s-sars-cov-2-covid-19,1308019,3381082,0,0,0.879265814938531,0,0,1556651,5191771
Slovenia,2021-08-30,6793788,6793788,45366,https://www.nijz.si/sl/dnevno-spremljanje-okuzb-s-sars-cov-2-covid-19,1308019,3381082,0,0,0.879265814938531,5477,39889,1562128,5231660
Slovenia,2021-08-31,6821869,6821869,28081,https://www.nijz.si/sl/dnevno-spremljanje-okuzb-s-sars-cov-2-covid-19,1308019,3381082,0,0,0.879265814938531,3390,24691,1565518,5256351
Slovenia,2021-09-01,6846162,6846162,24293,https://www.nijz.si/sl/dnevno-spremljanje-okuzb-s-sars-cov-2-covid-19,1308019,3381082,0,0,0.879265814938531,2933,21360,1568451,5277711
Slovenia,2021-09-02,6846162,6846162,0,https://www.nijz.si/sl/dnevno-spremljanje-okuzb-s-sars-cov-2-covid-19,1308019,3381082,0,0,0.879265814938531,0,0,1568451,5277711
Slovenia,2021-09-03,6846162,6846162,0,https://www.nijz.si/sl/dnevno-spremljanje-okuzb-s-sars-cov-2-covid-19,1308019,3381082,0,0,0.879265814938531,0,0,1568451,5277711
Slovenia,2021-09-04,6930283,6930283,84121,https://www.nijz.si/sl/dnevno-spremljanje-okuzb-s-sars-cov-2-covid-19,1308019,3381082,0,0,0.879265814938531,10156,73965,1578607,5351676
Slovenia,2021-09-05,6938470,6938470,8187,https://www.nijz.si/sl/dnevno-spremljanje-okuzb-s-sars-cov-2-covid-19,1308019,3381082,0,0,0.879265814938531,988,7199,1579595,5358875
Slovenia,2021-09-06,6980605,6980605,42135,https://www.nijz.si/sl/dnevno-spremljanje-okuzb-s-sars-cov-2-covid-19,1308019,3381082,0,0,0.879265814938531,5087,37048,1584682,5395923
Slovenia,2021-09-07,7009087,7009087,28482,https://www.nijz.si/sl/dnevno-spremljanje-okuzb-s-sars-cov-2-covid-19,1308019,3381082,0,0,0.879265814938531,3439,25043,1588121,5420966
Slovenia,2021-09-08,7009087,7009087,0,https://www.nijz.si/sl/dnevno-spremljanje-okuzb-s-sars-cov-2-covid-19,1308019,3381082,0,0,0.879265814938531,0,0,1588121,5420966
Slovenia,2021-09-09,7067406,7067406,58319,https://www.nijz.si/sl/dnevno-spremljanje-okuzb-s-sars-cov-2-covid-19,1308019,3381082,0,0,0.879265814938531,7041,51278,1595162,5472244
Slovenia,2021-09-10,7067406,7067406,0,https://www.nijz.si/sl/dnevno-spremljanje-okuzb-s-sars-cov-2-covid-19,1308019,3381082,0,0,0.879265814938531,0,0,1595162,5472244
Slovenia,2021-09-11,7067406,7067406,0,https://www.nijz.si/sl/dnevno-spremljanje-okuzb-s-sars-cov-2-covid-19,1308019,3381082,0,0,0.879265814938531,0,0,1595162,5472244
Slovenia,2021-09-12,7138638,7138638,71232,https://www.nijz.si/sl/dnevno-spremljanje-okuzb-s-sars-cov-2-covid-19,1308019,3381082,0,0,0.879265814938531,8600,62632,1603762,5534876
Slovenia,2021-09-13,7174037,7174037,35399,https://www.nijz.si/sl/dnevno-spremljanje-okuzb-s-sars-cov-2-covid-19,1308019,3381082,0,0,0.879265814938531,4274,31125,1608036,5566001
Slovenia,2021-09-14,7174037,7174037,0,https://www.nijz.si/sl/dnevno-spremljanje-okuzb-s-sars-cov-2-covid-19,1308019,3381082,0,0,0.879265814938531,0,0,1608036,5566001
Slovenia,2021-09-15,7254733,7254733,80696,https://www.nijz.si/sl/dnevno-spremljanje-okuzb-s-sars-cov-2-covid-19,1308019,3381082,0,0,0.879265814938531,9743,70953,1617779,5636954
Slovenia,2021-09-16,7254733,7254733,0,https://www.nijz.si/sl/dnevno-spremljanje-okuzb-s-sars-cov-2-covid-19,1308019,3381082,0,0,0.879265814938531,0,0,1617779,5636954
Slovenia,2021-09-17,7254733,7254733,0,https://www.nijz.si/sl/dnevno-spremljanje-okuzb-s-sars-cov-2-covid-19,1308019,3381082,0,0,0.879265814938531,0,0,1617779,5636954
Slovenia,2021-09-18,7363636,7363636,108903,https://www.nijz.si/sl/dnevno-spremljanje-okuzb-s-sars-cov-2-covid-19,1308019,3381082,0,0,0.879265814938531,13148,95755,1630927,5732709
Slovenia,2021-09-19,7363636,7363636,0,https://www.nijz.si/sl/dnevno-spremljanje-okuzb-s-sars-cov-2-covid-19,1308019,3381082,0,0,0.879265814938531,0,0,1630927,5732709
Slovenia,2021-09-20,7421462,7421462,57826,https://www.nijz.si/sl/dnevno-spremljanje-okuzb-s-sars-cov-2-covid-19,1308019,3381082,0,0,0.879265814938531,6982,50844,1637909,5783553
Slovenia,2021-09-21,7457010,7457010,35548,https://www.nijz.si/sl/dnevno-spremljanje-okuzb-s-sars-cov-2-covid-19,1308019,3381082,0,0,0.879265814938531,4292,31256,1642201,5814809
Slovenia,2021-09-22,7494342,7494342,37332,https://www.nijz.si/sl/dnevno-spremljanje-okuzb-s-sars-cov-2-covid-19,1308019,3381082,0,0,0.879265814938531,4507,32825,1646708,5847634
Slovenia,2021-09-23,7528025,7528025,33683,https://www.nijz.si/sl/dnevno-spremljanje-okuzb-s-sars-cov-2-covid-19,1308019,3381082,0,0,0.879265814938531,4067,29616,1650775,5877250
Slovenia,2021-09-24,7528025,7528025,0,https://www.nijz.si/sl/dnevno-spremljanje-okuzb-s-sars-cov-2-covid-19,1308019,3381082,0,0,0.879265814938531,0,0,1650775,5877250
Slovenia,2021-09-25,7528025,7528025,0,https://www.nijz.si/sl/dnevno-spremljanje-okuzb-s-sars-cov-2-covid-19,1308019,3381082,0,0,0.879265814938531,0,0,1650775,5877250
Slovenia,2021-09-26,7528025,7528025,0,https://www.nijz.si/sl/dnevno-spremljanje-okuzb-s-sars-cov-2-covid-19,1308019,3381082,0,0,0.879265814938531,0,0,1650775,5877250
Slovenia,2021-09-27,7528025,7528025,0,https://www.nijz.si/sl/dnevno-spremljanje-okuzb-s-sars-cov-2-covid-19,1308019,3381082,0,0,0.879265814938531,0,0,1650775,5877250
Slovenia,2021-09-28,7528025,7528025,0,https://www.nijz.si/sl/dnevno-spremljanje-okuzb-s-sars-cov-2-covid-19,1308019,3381082,0,0,0.879265814938531,0,0,1650775,5877250
Slovenia,2021-09-29,7528025,7528025,0,https://www.nijz.si/sl/dnevno-spremljanje-okuzb-s-sars-cov-2-covid-19,1308019,3381082,0,0,0.879265814938531,0,0,1650775,5877250
Slovenia,2021-09-30,7528025,7528025,0,https://www.nijz.si/sl/dnevno-spremljanje-okuzb-s-sars-cov-2-covid-19,1308019,3381082,0,0,0.879265814938531,0,0,1650775,5877250
Slovenia,2021-10-01,7528025,7528025,0,https://www.nijz.si/sl/dnevno-spremljanje-okuzb-s-sars-cov-2-covid-19,1308019,3381082,0,0,0.879265814938531,0,0,1650775,5877250
Slovenia,2021-10-02,7528025,7528025,0,https://www.nijz.si/sl/dnevno-spremljanje-okuzb-s-sars-cov-2-covid-19,1308019,3381082,0,0,0.879265814938531,0,0,1650775,5877250
Slovenia,2021-10-03,7528025,7528025,0,https://www.nijz.si/sl/dnevno-spremljanje-okuzb-s-sars-cov-2-covid-19,1308019,3381082,0,0,0.879265814938531,0,0,1650775,5877250
Slovenia,2021-10-04,7528025,7528025,0,https://www.nijz.si/sl/dnevno-spremljanje-okuzb-s-sars-cov-2-covid-19,1308019,3381082,0,0,0.879265814938531,0,0,1650775,5877250
Slovenia,2021-10-05,7528025,7528025,0,https://www.nijz.si/sl/dnevno-spremljanje-okuzb-s-sars-cov-2-covid-19,1308019,3381082,0,0,0.879265814938531,0,0,1650775,5877250
Slovenia,2021-10-06,7528025,7528025,0,https://www.nijz.si/sl/dnevno-spremljanje-okuzb-s-sars-cov-2-covid-19,1308019,3381082,0,0,0.879265814938531,0,0,1650775,5877250
Slovenia,2021-10-07,7528025,7528025,0,https://www.nijz.si/sl/dnevno-spremljanje-okuzb-s-sars-cov-2-covid-19,1308019,3381082,0,0,0.879265814938531,0,0,1650775,5877250
Slovenia,2021-10-08,7528025,7528025,0,https://www.nijz.si/sl/dnevno-spremljanje-okuzb-s-sars-cov-2-covid-19,1308019,3381082,0,0,0.879265814938531,0,0,1650775,5877250
Slovenia,2021-10-09,7528025,7528025,0,https://www.nijz.si/sl/dnevno-spremljanje-okuzb-s-sars-cov-2-covid-19,1308019,3381082,0,0,0.879265814938531,0,0,1650775,5877250
Slovenia,2021-10-10,7528025,7528025,0,https://www.nijz.si/sl/dnevno-spremljanje-okuzb-s-sars-cov-2-covid-19,1308019,3381082,0,0,0.879265814938531,0,0,1650775,5877250
Slovenia,2021-10-11,8025879,8025879,497854,https://www.nijz.si/sl/dnevno-spremljanje-okuzb-s-sars-cov-2-covid-19,1308019,3381082,0,0,0.879265814938531,60108,437746,1710883,6314996
Slovenia,2021-10-12,8052760,8052760,26881,https://www.nijz.si/sl/dnevno-spremljanje-okuzb-s-sars-cov-2-covid-19,1308019,3381082,0,0,0.879265814938531,3245,23636,1714128,6338632
Slovenia,2021-10-13,8082192,8082192,29432,https://www.nijz.si/sl/dnevno-spremljanje-okuzb-s-sars-cov-2-covid-19,1308019,3381082,0,0,0.879265814938531,3553,25879,1717681,6364511
Slovenia,2021-10-14,8108731,8108731,26539,https://www.nijz.si/sl/dnevno-spremljanje-okuzb-s-sars-cov-2-covid-19,1308019,3381082,0,0,0.879265814938531,3204,23335,1720885,6387846
Slovenia,2021-10-15,8108731,8108731,0,https://www.nijz.si/sl/dnevno-spremljanje-okuzb-s-sars-cov-2-covid-19,1308019,3381082,0,0,0.879265814938531,0,0,1720885,6387846
Slovenia,2021-10-16,8108731,8108731,0,https://www.nijz.si/sl/dnevno-spremljanje-okuzb-s-sars-cov-2-covid-19,1308019,3381082,0,0,0.879265814938531,0,0,1720885,6387846
Slovenia,2021-10-17,8169361,8169361,60630,https://www.nijz.si/sl/dnevno-spremljanje-okuzb-s-sars-cov-2-covid-19,1308019,3381082,0,0,0.879265814938531,7320,53310,1728205,6441156
Slovenia,2021-10-18,8205000,8205000,35639,https://www.nijz.si/sl/dnevno-spremljanje-okuzb-s-sars-cov-2-covid-19,1308019,3381082,0,0,0.879265814938531,4303,31336,1732508,6472492
Slovenia,2021-10-19,8205000,8205000,0,https://www.nijz.si/sl/dnevno-spremljanje-okuzb-s-sars-cov-2-covid-19,1308019,3381082,0,0,0.879265814938531,0,0,1732508,6472492
Slovenia,2021-10-20,8264879,8264879,59879,https://www.nijz.si/sl/dnevno-spremljanje-okuzb-s-sars-cov-2-covid-19,1308019,3381082,0,0,0.879265814938531,7229,52650,1739737,6525142
Slovenia,2021-10-21,8293799,8293799,28920,https://www.nijz.si/sl/dnevno-spremljanje-okuzb-s-sars-cov-2-covid-19,1308019,3381082,0,0,0.879265814938531,3492,25428,1743229,6550570
Slovenia,2021-10-22,8334754,8334754,40955,https://www.nijz.si/sl/dnevno-spremljanje-okuzb-s-sars-cov-2-covid-19,1308019,3381082,0,0,0.879265814938531,4945,36010,1748174,6586580
Slovenia,2021-10-23,8334754,8334754,0,https://www.nijz.si/sl/dnevno-spremljanje-okuzb-s-sars-cov-2-covid-19,1308019,3381082,0,0,0.879265814938531,0,0,1748174,6586580
Slovenia,2021-10-24,8366964,8366964,32210,https://www.nijz.si/sl/dnevno-spremljanje-okuzb-s-sars-cov-2-covid-19,1308019,3381082,0,0,0.879265814938531,3889,28321,1752063,6614901
Slovenia,2021-10-25,8404759,8404759,37795,https://www.nijz.si/sl/dnevno-spremljanje-okuzb-s-sars-cov-2-covid-19,1308019,3381082,0,0,0.879265814938531,4563,33232,1756626,6648133
Slovenia,2021-10-26,8436382,8436382,31623,https://www.nijz.si/sl/dnevno-spremljanje-okuzb-s-sars-cov-2-covid-19,1308019,3381082,0,0,0.879265814938531,3818,27805,1760444,6675938
Slovenia,2021-10-27,8470550,8470550,34168,https://www.nijz.si/sl/dnevno-spremljanje-okuzb-s-sars-cov-2-covid-19,1308019,3381082,0,0,0.879265814938531,4125,30043,1764569,6705981
Slovenia,2021-10-28,8502287,8502287,31737,https://www.nijz.si/sl/dnevno-spremljanje-okuzb-s-sars-cov-2-covid-19,1308019,3381082,0,0,0.879265814938531,3832,27905,1768401,6733886
Slovenia,2021-10-29,8543067,8543067,40780,https://www.nijz.si/sl/dnevno-spremljanje-okuzb-s-sars-cov-2-covid-19,1308019,3381082,0,0,0.879265814938531,4924,35856,1773325,6769742
Slovenia,2021-10-30,8543067,8543067,0,https://www.nijz.si/sl/dnevno-spremljanje-okuzb-s-sars-cov-2-covid-19,1308019,3381082,0,0,0.879265814938531,0,0,1773325,6769742
Slovenia,2021-10-31,8575143,8575143,32076,https://www.nijz.si/sl/dnevno-spremljanje-okuzb-s-sars-cov-2-covid-19,1308019,3381082,0,0,0.879265814938531,3873,28203,1777198,6797945
Slovenia,2021-11-01,8584809,8584809,9666,https://www.nijz.si/sl/dnevno-spremljanje-okuzb-s-sars-cov-2-covid-19,1308019,3381082,0,0,0.879265814938531,1167,8499,1778365,6806444
Slovenia,2021-11-02,8629014,8629014,44205,https://www.nijz.si/sl/dnevno-spremljanje-okuzb-s-sars-cov-2-covid-19,1308019,3381082,0,0,0.879265814938531,5337,38868,1783702,6845312
Slovenia,2021-11-03,8664991,8664991,35977,https://www.nijz.si/sl/dnevno-spremljanje-okuzb-s-sars-cov-2-covid-19,1308019,3381082,0,0,0.879265814938531,4344,31633,1788046,6876945
Slovenia,2021-11-04,8664991,8664991,0,https://www.nijz.si/sl/dnevno-spremljanje-okuzb-s-sars-cov-2-covid-19,1308019,3381082,0,0,0.879265814938531,0,0,1788046,6876945
Slovenia,2021-11-05,8664991,8664991,0,https://www.nijz.si/sl/dnevno-spremljanje-okuzb-s-sars-cov-2-covid-19,1308019,3381082,0,0,0.879265814938531,0,0,1788046,6876945
Slovenia,2021-11-06,8664991,8664991,0,https://www.nijz.si/sl/dnevno-spremljanje-okuzb-s-sars-cov-2-covid-19,1308019,3381082,0,0,0.879265814938531,0,0,1788046,6876945
Slovenia,2021-11-07,8777778,8777778,112787,https://www.nijz.si/sl/dnevno-spremljanje-okuzb-s-sars-cov-2-covid-19,1308019,3381082,0,0,0.879265814938531,13617,99170,1801663,6976115
Slovenia,2021-11-08,8841993,8841993,64215,https://www.nijz.si/sl/dnevno-spremljanje-okuzb-s-sars-cov-2-covid-19,1308019,3381082,0,0,0.879265814938531,7753,56462,1809416,7032577
Slovenia,2021-11-09,8894312,8894312,52319,https://www.nijz.si/sl/dnevno-spremljanje-okuzb-s-sars-cov-2-covid-19,1308019,3381082,0,0,0.879265814938531,6317,46002,1815733,7078579
Slovenia,2021-11-10,8961788,8961788,67476,https://www.nijz.si/sl/dnevno-spremljanje-okuzb-s-sars-cov-2-covid-19,1308019,3381082,0,0,0.879265814938531,8147,59329,1823880,7137908
Slovenia,2021-11-11,9020440,9020440,58652,https://www.nijz.si/sl/dnevno-spremljanje-okuzb-s-sars-cov-2-covid-19,1308019,3381082,0,0,0.879265814938531,7081,51571,1830961,7189479
Slovenia,2021-11-12,9020440,9020440,0,https://www.nijz.si/sl/dnevno-spremljanje-okuzb-s-sars-cov-2-covid-19,1308019,3381082,0,0,0.879265814938531,0,0,1830961,7189479
Slovenia,2021-11-13,9020440,9020440,0,https://www.nijz.si/sl/dnevno-spremljanje-okuzb-s-sars-cov-2-covid-19,1308019,3381082,0,0,0.879265814938531,0,0,1830961,7189479
Slovenia,2021-11-14,9163926,9163926,143486,https://www.nijz.si/sl/dnevno-spremljanje-okuzb-s-sars-cov-2-covid-19,1308019,3381082,0,0,0.879265814938531,17324,126162,1848285,7315641
Slovenia,2021-11-15,9254903,9254903,90977,https://www.nijz.si/sl/dnevno-spremljanje-okuzb-s-sars-cov-2-covid-19,1308019,3381082,0,0,0.879265814938531,10984,79993,1859269,7395634
Slovenia,2021-11-16,9320318,9320318,65415,https://www.nijz.si/sl/dnevno-spremljanje-okuzb-s-sars-cov-2-covid-19,1308019,3381082,0,0,0.879265814938531,7898,57517,1867167,7453151
Slovenia,2021-11-17,9400969,9400969,80651,https://www.nijz.si/sl/dnevno-spremljanje-okuzb-s-sars-cov-2-covid-19,1308019,3381082,0,0,0.879265814938531,9737,70914,1876904,7524065
Slovenia,2021-11-18,9470426,9470426,69457,https://www.nijz.si/sl/dnevno-spremljanje-okuzb-s-sars-cov-2-covid-19,1308019,3381082,0,0,0.879265814938531,8386,61071,1885290,7585136
Slovenia,2021-11-19,9470426,9470426,0,https://www.nijz.si/sl/dnevno-spremljanje-okuzb-s-sars-cov-2-covid-19,1308019,3381082,0,0,0.879265814938531,0,0,1885290,7585136
Slovenia,2021-11-20,9470426,9470426,0,https://www.nijz.si/sl/dnevno-spremljanje-okuzb-s-sars-cov-2-covid-19,1308019,3381082,0,0,0.879265814938531,0,0,1885290,7585136
Slovenia,2021-11-21,9638664,9638664,168238,https://www.nijz.si/sl/dnevno-spremljanje-okuzb-s-sars-cov-2-covid-19,1308019,3381082,0,0,0.879265814938531,20312,147926,1905602,7733062
Slovenia,2021-11-22,9736797,9736797,98133,https://www.nijz.si/sl/dnevno-spremljanje-okuzb-s-sars-cov-2-covid-19,1308019,3381082,0,0,0.879265814938531,11848,86285,1917450,7819347
Slovenia,2021-11-23,9804126,9804126,67329,https://www.nijz.si/sl/dnevno-spremljanje-okuzb-s-sars-cov-2-covid-19,1308019,3381082,0,0,0.879265814938531,8129,59200,1925579,7878547
Slovenia,2021-11-24,9889318,9889318,85192,https://www.nijz.si/sl/dnevno-spremljanje-okuzb-s-sars-cov-2-covid-19,1308019,3381082,0,0,0.879265814938531,10286,74906,1935865,7953453
Slovenia,2021-11-25,9960311,9960311,70993,https://www.nijz.si/sl/dnevno-spremljanje-okuzb-s-sars-cov-2-covid-19,1308019,3381082,0,0,0.879265814938531,8571,62422,1944436,8015875
Slovenia,2021-11-26,9960311,9960311,0,https://www.nijz.si/sl/dnevno-spremljanje-okuzb-s-sars-cov-2-covid-19,1308019,3381082,0,0,0.879265814938531,0,0,1944436,8015875
Slovenia,2021-11-27,9960311,9960311,0,https://www.nijz.si/sl/dnevno-spremljanje-okuzb-s-sars-cov-2-covid-19,1308019,3381082,0,0,0.879265814938531,0,0,1944436,8015875
Slovenia,2021-11-28,10127846,10127846,167535,https://www.nijz.si/sl/dnevno-spremljanje-okuzb-s-sars-cov-2-covid-19,1308019,3381082,0,0,0.879265814938531,20227,147308,1964663,8163183
Slovenia,2021-11-29,10228794,10228794,100948,https://www.nijz.si/sl/dnevno-spremljanje-okuzb-s-sars-cov-2-covid-19,1308019,3381082,0,0,0.879265814938531,12188,88760,1976851,8251943
Slovenia,2021-11-30,10296577,10296577,67783,https://www.nijz.si/sl/dnevno-spremljanje-okuzb-s-sars-cov-2-covid-19,1308019,3381082,0,0,0.879265814938531,8184,59599,1985035,8311542
Slovenia,2021-12-01,10383346,10383346,86769,https://www.nijz.si/sl/dnevno-spremljanje-okuzb-s-sars-cov-2-covid-19,1308019,3381082,0,0,0.879265814938531,10476,76293,1995511,8387835
Slovenia,2021-12-02,10451062,10451062,67716,https://www.nijz.si/sl/dnevno-spremljanje-okuzb-s-sars-cov-2-covid-19,1308019,3381082,0,0,0.879265814938531,8176,59540,2003687,8447375
Slovenia,2021-12-03,10451062,10451062,0,https://www.nijz.si/sl/dnevno-spremljanje-okuzb-s-sars-cov-2-covid-19,1308019,3381082,0,0,0.879265814938531,0,0,2003687,8447375
Slovenia,2021-12-04,10451062,10451062,0,https://www.nijz.si/sl/dnevno-spremljanje-okuzb-s-sars-cov-2-covid-19,1308019,3381082,0,0,0.879265814938531,0,0,2003687,8447375
Slovenia,2021-12-05,10629872,10629872,178810,https://www.nijz.si/sl/dnevno-spremljanje-okuzb-s-sars-cov-2-covid-19,1308019,3381082,0,0,0.879265814938531,21588,157222,2025275,8604597
Slovenia,2021-12-06,10731593,10731593,101721,https://www.nijz.si/sl/dnevno-spremljanje-okuzb-s-sars-cov-2-covid-19,1308019,3381082,0,0,0.879265814938531,12281,89440,2037556,8694037
Slovenia,2021-12-07,10797433,10797433,65840,https://www.nijz.si/sl/dnevno-spremljanje-okuzb-s-sars-cov-2-covid-19,1308019,3381082,0,0,0.879265814938531,7949,57891,2045505,8751928
Slovenia,2021-12-08,10885159,10885159,87726,https://www.nijz.si/sl/dnevno-spremljanje-okuzb-s-sars-cov-2-covid-19,1308019,3381082,0,0,0.879265814938531,10592,77134,2056097,8829062
Slovenia,2021-12-09,10949555,10949555,64396,https://www.nijz.si/sl/dnevno-spremljanje-okuzb-s-sars-cov-2-covid-19,1308019,3381082,0,0,0.879265814938531,7775,56621,2063872,8885683
Slovenia,2021-12-10,10949555,10949555,0,https://www.nijz.si/sl/dnevno-spremljanje-okuzb-s-sars-cov-2-covid-19,1308019,3381082,0,0,0.879265814938531,0,0,2063872,8885683
Slovenia,2021-12-11,10949555,10949555,0,https://www.nijz.si/sl/dnevno-spremljanje-okuzb-s-sars-cov-2-covid-19,1308019,3381082,0,0,0.879265814938531,0,0,2063872,8885683
Slovenia,2021-12-12,11136510,11136510,186955,https://www.nijz.si/sl/dnevno-spremljanje-okuzb-s-sars-cov-2-covid-19,1308019,3381082,0,0,0.879265814938531,22572,164383,2086444,9050066
Slovenia,2021-12-13,11239542,11239542,103032,https://www.nijz.si/sl/dnevno-spremljanje-okuzb-s-sars-cov-2-covid-19,1308019,3381082,0,0,0.879265814938531,12439,90593,2098883,9140659
Slovenia,2021-12-14,11311051,11311051,71509,https://www.nijz.si/sl/dnevno-spremljanje-okuzb-s-sars-cov-2-covid-19,1308019,3381082,0,0,0.879265814938531,8634,62875,2107517,9203534
Slovenia,2021-12-15,11406421,11406421,95370,https://www.nijz.si/sl/dnevno-spremljanje-okuzb-s-sars-cov-2-covid-19,1308019,3381082,0,0,0.879265814938531,11514,83856,2119031,9287390
Slovenia,2021-12-16,11489756,11489756,83335,https://www.nijz.si/sl/dnevno-spremljanje-okuzb-s-sars-cov-2-covid-19,1308019,3381082,0,0,0.879265814938531,10061,73274,2129092,9360664
Slovenia,2021-12-17,11600058,11600058,110302,https://www.nijz.si/sl/dnevno-spremljanje-okuzb-s-sars-cov-2-covid-19,1308019,3381082,0,0,0.879265814938531,13317,96985,2142409,9457649
Slovenia,2021-12-18,11600058,11600058,0,https://www.nijz.si/sl/dnevno-spremljanje-okuzb-s-sars-cov-2-covid-19,1308019,3381082,0,0,0.879265814938531,0,0,2142409,9457649
Slovenia,2021-12-19,11703391,11703391,103333,https://www.nijz.si/sl/dnevno-spremljanje-okuzb-s-sars-cov-2-covid-19,1308019,3381082,0,0,0.879265814938531,12476,90857,2154885,9548506
Slovenia,2021-12-20,11820316,11820316,116925,https://www.nijz.si/sl/dnevno-spremljanje-okuzb-s-sars-cov-2-covid-19,1308019,3381082,0,0,0.879265814938531,14117,102808,2169002,9651314
Slovenia,2021-12-21,11901550,11901550,81234,https://www.nijz.si/sl/dnevno-spremljanje-okuzb-s-sars-cov-2-covid-19,1308019,3381082,0,0,0.879265814938531,9808,71426,2178810,9722740
Slovenia,2021-12-22,11901550,11901550,0,https://www.nijz.si/sl/dnevno-spremljanje-okuzb-s-sars-cov-2-covid-19,1308019,3381082,0,0,0.879265814938531,0,0,2178810,9722740
Slovenia,2021-12-23,11901550,11901550,0,https://www.nijz.si/sl/dnevno-spremljanje-okuzb-s-sars-cov-2-covid-19,1308019,3381082,0,0,0.879265814938531,0,0,2178810,9722740
Slovenia,2021-12-24,11901550,11901550,0,https://www.nijz.si/sl/dnevno-spremljanje-okuzb-s-sars-cov-2-covid-19,1308019,3381082,0,0,0.879265814938531,0,0,2178810,9722740
Slovenia,2021-12-25,11901550,11901550,0,https://www.nijz.si/sl/dnevno-spremljanje-okuzb-s-sars-cov-2-covid-19,1308019,3381082,0,0,0.879265814938531,0,0,2178810,9722740
Slovenia,2021-12-26,11901550,11901550,0,https://www.nijz.si/sl/dnevno-spremljanje-okuzb-s-sars-cov-2-covid-19,1308019,3381082,0,0,0.879265814938531,0,0,2178810,9722740
Slovenia,2021-12-27,11991553,11991553,90003,https://www.nijz.si/sl/dnevno-spremljanje-okuzb-s-sars-cov-2-covid-19,1308019,3381082,0,0,0.879265814938531,10866,79137,2189676,9801877
Slovenia,2021-12-28,12091353,12091353,99800,https://www.nijz.si/sl/dnevno-spremljanje-okuzb-s-sars-cov-2-covid-19,1308019,3381082,0,0,0.879265814938531,12049,87751,2201725,9889628
Slovenia,2021-12-29,12204853,12204853,113500,https://www.nijz.si/sl/dnevno-spremljanje-okuzb-s-sars-cov-2-covid-19,1308019,3381082,0,0,0.879265814938531,13703,99797,2215428,9989425
Slovenia,2021-12-30,12309236,12309236,104383,https://www.nijz.si/sl/dnevno-spremljanje-okuzb-s-sars-cov-2-covid-19,1308019,3381082,0,0,0.879265814938531,12603,91780,2228031,10081205
Slovenia,2021-12-31,12394659,12394659,85423,https://www.nijz.si/sl/dnevno-spremljanje-okuzb-s-sars-cov-2-covid-19,1308019,3381082,0,0,0.879265814938531,10313,75110,2238344,10156315
Slovenia,2022-01-01,12407773,12407773,13114,https://www.nijz.si/sl/dnevno-spremljanje-okuzb-s-sars-cov-2-covid-19,1308019,3381082,0,0,0.879265814938531,1583,11531,2239927,10167846
Slovenia,2022-01-02,12450623,12450623,42850,https://www.nijz.si/sl/dnevno-spremljanje-okuzb-s-sars-cov-2-covid-19,1308019,3381082,0,0,0.879265814938531,5173,37677,2245100,10205523
Slovenia,2022-01-03,12557585,12557585,106962,https://www.nijz.si/sl/dnevno-spremljanje-okuzb-s-sars-cov-2-covid-19,1308019,3381082,0,0,0.879265814938531,12914,94048,2258014,10299571
Slovenia,2022-01-04,12650795,12650795,93210,https://www.nijz.si/sl/dnevno-spremljanje-okuzb-s-sars-cov-2-covid-19,1308019,3381082,0,0,0.879265814938531,11254,81956,2269268,10381527
Slovenia,2022-01-05,12751205,12751205,100410,https://www.nijz.si/sl/dnevno-spremljanje-okuzb-s-sars-cov-2-covid-19,1308019,3381082,0,0,0.879265814938531,12123,88287,2281391,10469814
Slovenia,2022-01-06,12848737,12848737,97532,https://www.nijz.si/sl/dnevno-spremljanje-okuzb-s-sars-cov-2-covid-19,1308019,3381082,0,0,0.879265814938531,11775,85757,2293166,10555571
Slovenia,2022-01-07,12959064,12959064,110327,https://www.nijz.si/sl/dnevno-spremljanje-okuzb-s-sars-cov-2-covid-19,1308019,3381082,0,0,0.879265814938531,13320,97007,2306486,10652578
Slovenia,2022-01-08,13035276,13035276,76212,https://www.nijz.si/sl/dnevno-spremljanje-okuzb-s-sars-cov-2-covid-19,1308019,3381082,0,0,0.879265814938531,9201,67011,2315687,10719589
Slovenia,2022-01-09,13078107,13078107,42831,https://www.nijz.si/sl/dnevno-spremljanje-okuzb-s-sars-cov-2-covid-19,1308019,3381082,0,0,0.879265814938531,5171,37660,2320858,10757249
Slovenia,2022-01-10,13197153,13197153,119046,https://www.nijz.si/sl/dnevno-spremljanje-okuzb-s-sars-cov-2-covid-19,1308019,3381082,0,0,0.879265814938531,14373,104673,2335231,10861922
Slovenia,2022-01-11,13296289,13296289,99136,https://www.nijz.si/sl/dnevno-spremljanje-okuzb-s-sars-cov-2-covid-19,1308019,3381082,0,0,0.879265814938531,11969,87167,2347200,10949089
Slovenia,2022-01-12,13408209,13408209,111920,https://www.nijz.si/sl/dnevno-spremljanje-okuzb-s-sars-cov-2-covid-19,1308019,3381082,0,0,0.879265814938531,13513,98407,2360713,11047496
Slovenia,2022-01-13,13509789,13509789,101580,https://www.nijz.si/sl/dnevno-spremljanje-okuzb-s-sars-cov-2-covid-19,1308019,3381082,0,0,0.879265814938531,12264,89316,2372977,11136812
Slovenia,2022-01-14,13633221,13633221,123432,https://www.nijz.si/sl/dnevno-spremljanje-okuzb-s-sars-cov-2-covid-19,1308019,3381082,0,0,0.879265814938531,14902,108530,2387879,11245342
Slovenia,2022-01-15,13719247,13719247,86026,https://www.nijz.si/sl/dnevno-spremljanje-okuzb-s-sars-cov-2-covid-19,1308019,3381082,0,0,0.879265814938531,10386,75640,2398265,11320982
Slovenia,2022-01-16,13768974,13768974,49727,https://www.nijz.si/sl/dnevno-spremljanje-okuzb-s-sars-cov-2-covid-19,1308019,3381082,0,0,0.879265814938531,6004,43723,2404269,11364705
Slovenia,2022-01-17,13894737,13894737,125763,https://www.nijz.si/sl/dnevno-spremljanje-okuzb-s-sars-cov-2-covid-19,1308019,3381082,0,0,0.879265814938531,15184,110579,2419453,11475284
Slovenia,2022-01-18,14002419,14002419,107682,https://www.nijz.si/sl/dnevno-spremljanje-okuzb-s-sars-cov-2-covid-19,1308019,3381082,0,0,0.879265814938531,13001,94681,2432454,11569965
Slovenia,2022-01-19,14002419,14002419,0,https://www.nijz.si/sl/dnevno-spremljanje-okuzb-s-sars-cov-2-covid-19,1308019,3381082,0,0,0.879265814938531,0,0,2432454,11569965
Slovenia,2022-01-20,14002419,14002419,0,https://www.nijz.si/sl/dnevno-spremljanje-okuzb-s-sars-cov-2-covid-19,1308019,3381082,0,0,0.879265814938531,0,0,2432454,11569965
Slovenia,2022-01-21,14002419,14002419,0,https://www.nijz.si/sl/dnevno-spremljanje-okuzb-s-sars-cov-2-covid-19,1308019,3381082,0,0,0.879265814938531,0,0,2432454,11569965
Slovenia,2022-01-22,14002419,14002419,0,https://www.nijz.si/sl/dnevno-spremljanje-okuzb-s-sars-cov-2-covid-19,1308019,3381082,0,0,0.879265814938531,0,0,2432454,11569965
Slovenia,2022-01-23,14002419,14002419,0,https://www.nijz.si/sl/dnevno-spremljanje-okuzb-s-sars-cov-2-covid-19,1308019,3381082,0,0,0.879265814938531,0,0,2432454,11569965
Slovenia,2022-01-24,14002419,14002419,0,https://www.nijz.si/sl/dnevno-spremljanje-okuzb-s-sars-cov-2-covid-19,1308019,3381082,0,0,0.879265814938531,0,0,2432454,11569965
Slovenia,2022-01-25,14002419,14002419,0,https://www.nijz.si/sl/dnevno-spremljanje-okuzb-s-sars-cov-2-covid-19,1308019,3381082,0,0,0.879265814938531,0,0,2432454,11569965
Slovenia,2022-01-26,15264096,15264096,1261677,https://www.nijz.si/sl/dnevno-spremljanje-okuzb-s-sars-cov-2-covid-19,1308019,3381082,0,0,0.879265814938531,152328,1109349,2584782,12679314
Slovenia,2022-01-27,15380740,15380740,116644,https://www.nijz.si/sl/dnevno-spremljanje-okuzb-s-sars-cov-2-covid-19,1308019,3381082,0,0,0.879265814938531,14083,102561,2598865,12781875
Slovenia,2022-01-28,15380740,15380740,0,https://www.nijz.si/sl/dnevno-spremljanje-okuzb-s-sars-cov-2-covid-19,1308019,3381082,0,0,0.879265814938531,0,0,2598865,12781875
Slovenia,2022-01-29,15603738,15603738,222998,https://www.nijz.si/sl/dnevno-spremljanje-okuzb-s-sars-cov-2-covid-19,1308019,3381082,0,0,0.879265814938531,26923,196075,2625788,12977950
Slovenia,2022-01-30,15667864,15667864,64126,https://www.nijz.si/sl/dnevno-spremljanje-okuzb-s-sars-cov-2-covid-19,1308019,3381082,0,0,0.879265814938531,7742,56384,2633530,13034334
Slovenia,2022-01-31,15807818,15807818,139954,https://www.nijz.si/sl/dnevno-spremljanje-okuzb-s-sars-cov-2-covid-19,1308019,3381082,0,0,0.879265814938531,16897,123057,2650427,13157391
Slovenia,2022-02-01,15925722,15925722,117904,https://www.nijz.si/sl/dnevno-spremljanje-okuzb-s-sars-cov-2-covid-19,1308019,3381082,0,0,0.879265814938531,14235,103669,2664662,13261060
Slovenia,2022-02-02,16058367,16058367,132645,https://www.nijz.si/sl/dnevno-spremljanje-okuzb-s-sars-cov-2-covid-19,1308019,3381082,0,0,0.879265814938531,16015,116630,2680677,13377690
Slovenia,2022-02-03,16168208,16168208,109841,https://www.nijz.si/sl/dnevno-spremljanje-okuzb-s-sars-cov-2-covid-19,1308019,3381082,0,0,0.879265814938531,13262,96579,2693939,13474269
Slovenia,2022-02-04,16168208,16168208,0,https://www.nijz.si/sl/dnevno-spremljanje-okuzb-s-sars-cov-2-covid-19,1308019,3381082,0,0,0.879265814938531,0,0,2693939,13474269
Slovenia,2022-02-05,16369743,16369743,201535,https://www.nijz.si/sl/dnevno-spremljanje-okuzb-s-sars-cov-2-covid-19,1308019,3381082,0,0,0.879265814938531,24332,177203,2718271,13651472
Slovenia,2022-02-06,16418645,16418645,48902,https://www.nijz.si/sl/dnevno-spremljanje-okuzb-s-sars-cov-2-covid-19,1308019,3381082,0,0,0.879265814938531,5904,42998,2724175,13694470
Slovenia,2022-02-07,16418645,16418645,0,https://www.nijz.si/sl/dnevno-spremljanje-okuzb-s-sars-cov-2-covid-19,1308019,3381082,0,0,0.879265814938531,0,0,2724175,13694470
Spain,2021-03-29,36300583,36300583,777080,https://www.mscbs.gob.es/gabinete/notasPrensa.do,27573864,8726719,526186,250894,0.32286765841354814,526186,250894,27573864,8726719
Spain,2021-03-30,36300583,36300583,0,https://www.mscbs.gob.es/gabinete/notasPrensa.do,27573864,8726719,0,0,0.32286765841354814,0,0,27573864,8726719
Spain,2021-03-31,36300583,36300583,0,https://www.mscbs.gob.es/gabinete/notasPrensa.do,27573864,8726719,0,0,0.32286765841354814,0,0,27573864,8726719
Spain,2021-04-01,36300583,36300583,0,https://www.mscbs.gob.es/gabinete/notasPrensa.do,27573864,8726719,0,0,0.32286765841354814,0,0,27573864,8726719
Spain,2021-04-02,36300583,36300583,0,https://www.mscbs.gob.es/gabinete/notasPrensa.do,27573864,8726719,0,0,0.32286765841354814,0,0,27573864,8726719
Spain,2021-04-03,36300583,36300583,0,https://www.mscbs.gob.es/gabinete/notasPrensa.do,27573864,8726719,0,0,0.32286765841354814,0,0,27573864,8726719
Spain,2021-04-04,36300583,36300583,0,https://www.mscbs.gob.es/gabinete/notasPrensa.do,27573864,8726719,0,0,0.32286765841354814,0,0,27573864,8726719
Spain,2021-04-05,37012618,37012618,712035,https://www.mscbs.gob.es/gabinete/notasPrensa.do,28028393,8984225,454529,257506,0.3616479526989544,454529,257506,28028393,8984225
Spain,2021-04-06,37012618,37012618,0,https://www.mscbs.gob.es/gabinete/notasPrensa.do,28028393,8984225,0,0,0.3616479526989544,0,0,28028393,8984225
Spain,2021-04-07,37012618,37012618,0,https://www.mscbs.gob.es/gabinete/notasPrensa.do,28028393,8984225,0,0,0.3616479526989544,0,0,28028393,8984225
Spain,2021-04-08,37012618,37012618,0,https://www.mscbs.gob.es/gabinete/notasPrensa.do,28028393,8984225,0,0,0.3616479526989544,0,0,28028393,8984225
Spain,2021-04-09,37012618,37012618,0,https://www.mscbs.gob.es/gabinete/notasPrensa.do,28028393,8984225,0,0,0.3616479526989544,0,0,28028393,8984225
Spain,2021-04-10,37012618,37012618,0,https://www.mscbs.gob.es/gabinete/notasPrensa.do,28028393,8984225,0,0,0.3616479526989544,0,0,28028393,8984225
Spain,2021-04-11,37012618,37012618,0,https://www.mscbs.gob.es/gabinete/notasPrensa.do,28028393,8984225,0,0,0.3616479526989544,0,0,28028393,8984225
Spain,2021-04-12,37755947,37755947,743329,https://www.mscbs.gob.es/gabinete/notasPrensa.do,28506257,9249690,477864,265465,0.3571298846136771,477864,265465,28506257,9249690
Spain,2021-04-13,37755947,37755947,0,https://www.mscbs.gob.es/gabinete/notasPrensa.do,28506257,9249690,0,0,0.3571298846136771,0,0,28506257,9249690
Spain,2021-04-14,37755947,37755947,0,https://www.mscbs.gob.es/gabinete/notasPrensa.do,28506257,9249690,0,0,0.3571298846136771,0,0,28506257,9249690
Spain,2021-04-15,37755947,37755947,0,https://www.mscbs.gob.es/gabinete/notasPrensa.do,28506257,9249690,0,0,0.3571298846136771,0,0,28506257,9249690
Spain,2021-04-16,37755947,37755947,0,https://www.mscbs.gob.es/gabinete/notasPrensa.do,28506257,9249690,0,0,0.3571298846136771,0,0,28506257,9249690
Spain,2021-04-17,37755947,37755947,0,https://www.mscbs.gob.es/gabinete/notasPrensa.do,28506257,9249690,0,0,0.3571298846136771,0,0,28506257,9249690
Spain,2021-04-18,37755947,37755947,0,https://www.mscbs.gob.es/gabinete/notasPrensa.do,28506257,9249690,0,0,0.3571298846136771,0,0,28506257,9249690
Spain,2021-04-19,38644733,38644733,888786,https://www.mscbs.gob.es/gabinete/notasPrensa.do,29087554,9557179,581297,307489,0.34596517046848174,581297,307489,29087554,9557179
Spain,2021-04-20,38644733,38644733,0,https://www.mscbs.gob.es/gabinete/notasPrensa.do,29087554,9557179,0,0,0.34596517046848174,0,0,29087554,9557179
Spain,2021-04-21,38644733,38644733,0,https://www.mscbs.gob.es/gabinete/notasPrensa.do,29087554,9557179,0,0,0.34596517046848174,0,0,29087554,9557179
Spain,2021-04-22,38644733,38644733,0,https://www.mscbs.gob.es/gabinete/notasPrensa.do,29087554,9557179,0,0,0.34596517046848174,0,0,29087554,9557179
Spain,2021-04-23,38644733,38644733,0,https://www.mscbs.gob.es/gabinete/notasPrensa.do,29087554,9557179,0,0,0.34596517046848174,0,0,29087554,9557179
Spain,2021-04-24,38644733,38644733,0,https://www.mscbs.gob.es/gabinete/notasPrensa.do,29087554,9557179,0,0,0.34596517046848174,0,0,29087554,9557179
Spain,2021-04-25,38644733,38644733,0,https://www.mscbs.gob.es/gabinete/notasPrensa.do,29087554,9557179,0,0,0.34596517046848174,0,0,29087554,9557179
Spain,2021-04-26,39533769,39533769,889036,https://www.mscbs.gob.es/gabinete/notasPrensa.do,29675676,9858093,588122,300914,0.33847223284546407,588122,300914,29675676,9858093
Spain,2021-04-27,39533769,39533769,0,https://www.mscbs.gob.es/gabinete/notasPrensa.do,29675676,9858093,0,0,0.33847223284546407,0,0,29675676,9858093
Spain,2021-04-28,39533769,39533769,0,https://www.mscbs.gob.es/gabinete/notasPrensa.do,29675676,9858093,0,0,0.33847223284546407,0,0,29675676,9858093
Spain,2021-04-29,39533769,39533769,0,https://www.mscbs.gob.es/gabinete/notasPrensa.do,29675676,9858093,0,0,0.33847223284546407,0,0,29675676,9858093
Spain,2021-04-30,39533769,39533769,0,https://www.mscbs.gob.es/gabinete/notasPrensa.do,29675676,9858093,0,0,0.33847223284546407,0,0,29675676,9858093
Spain,2021-05-01,39533769,39533769,0,https://www.mscbs.gob.es/gabinete/notasPrensa.do,29675676,9858093,0,0,0.33847223284546407,0,0,29675676,9858093
Spain,2021-05-02,39533769,39533769,0,https://www.mscbs.gob.es/gabinete/notasPrensa.do,29675676,9858093,0,0,0.33847223284546407,0,0,29675676,9858093
Spain,2021-05-03,39533769,39533769,0,https://www.mscbs.gob.es/gabinete/notasPrensa.do,29675676,9858093,0,0,0.33847223284546407,0,0,29675676,9858093
Spain,2021-05-04,39533769,39533769,0,https://www.mscbs.gob.es/gabinete/notasPrensa.do,30277072,10185335,601396,327242,0.35238919794365514,0,0,29675676,9858093
Spain,2021-05-05,40462407,40462407,928638,https://www.mscbs.gob.es/gabinete/notasPrensa.do,30277072,10185335,0,0,0.35238919794365514,601396,327242,30277072,10185335
Spain,2021-05-06,40462407,40462407,0,https://www.mscbs.gob.es/gabinete/notasPrensa.do,30277072,10185335,0,0,0.35238919794365514,0,0,30277072,10185335
Spain,2021-05-07,40462407,40462407,0,https://www.mscbs.gob.es/gabinete/notasPrensa.do,30277072,10185335,0,0,0.35238919794365514,0,0,30277072,10185335
Spain,2021-05-08,40462407,40462407,0,https://www.mscbs.gob.es/gabinete/notasPrensa.do,30277072,10185335,0,0,0.35238919794365514,0,0,30277072,10185335
Spain,2021-05-09,40462407,40462407,0,https://www.mscbs.gob.es/gabinete/notasPrensa.do,30277072,10185335,0,0,0.35238919794365514,0,0,30277072,10185335
Spain,2021-05-10,41297269,41297269,834862,https://www.mscbs.gob.es/gabinete/notasPrensa.do,30836976,10460293,559904,274958,0.32934544870888843,559904,274958,30836976,10460293
Spain,2021-05-11,41297269,41297269,0,https://www.mscbs.gob.es/gabinete/notasPrensa.do,30836976,10460293,0,0,0.32934544870888843,0,0,30836976,10460293
Spain,2021-05-12,41297269,41297269,0,https://www.mscbs.gob.es/gabinete/notasPrensa.do,30836976,10460293,0,0,0.32934544870888843,0,0,30836976,10460293
Spain,2021-05-13,41297269,41297269,0,https://www.mscbs.gob.es/gabinete/notasPrensa.do,30836976,10460293,0,0,0.32934544870888843,0,0,30836976,10460293
Spain,2021-05-14,41297269,41297269,0,https://www.mscbs.gob.es/gabinete/notasPrensa.do,30836976,10460293,0,0,0.32934544870888843,0,0,30836976,10460293
Spain,2021-05-15,41297269,41297269,0,https://www.mscbs.gob.es/gabinete/notasPrensa.do,30836976,10460293,0,0,0.32934544870888843,0,0,30836976,10460293
Spain,2021-05-16,41297269,41297269,0,https://www.mscbs.gob.es/gabinete/notasPrensa.do,30836976,10460293,0,0,0.32934544870888843,0,0,30836976,10460293
Spain,2021-05-17,42089670,42089670,792401,https://www.mscbs.gob.es/gabinete/notasPrensa.do,31361349,10728321,524373,268028,0.3382479325493027,524373,268028,31361349,10728321
Spain,2021-05-18,42089670,42089670,0,https://www.mscbs.gob.es/gabinete/notasPrensa.do,31361349,10728321,0,0,0.3382479325493027,0,0,31361349,10728321
Spain,2021-05-19,42089670,42089670,0,https://www.mscbs.gob.es/gabinete/notasPrensa.do,31361349,10728321,0,0,0.3382479325493027,0,0,31361349,10728321
Spain,2021-05-20,42089670,42089670,0,https://www.mscbs.gob.es/gabinete/notasPrensa.do,31361349,10728321,0,0,0.3382479325493027,0,0,31361349,10728321
Spain,2021-05-21,42089670,42089670,0,https://www.mscbs.gob.es/gabinete/notasPrensa.do,31361349,10728321,0,0,0.3382479325493027,0,0,31361349,10728321
Spain,2021-05-22,42089670,42089670,0,https://www.mscbs.gob.es/gabinete/notasPrensa.do,31361349,10728321,0,0,0.3382479325493027,0,0,31361349,10728321
Spain,2021-05-23,42089670,42089670,0,https://www.mscbs.gob.es/gabinete/notasPrensa.do,31361349,10728321,0,0,0.3382479325493027,0,0,31361349,10728321
Spain,2021-05-24,42846660,42846660,756990,https://www.mscbs.gob.es/gabinete/notasPrensa.do,31853049,10993611,491700,265290,0.35045377085562557,491700,265290,31853049,10993611
Spain,2021-05-25,42846660,42846660,0,https://www.mscbs.gob.es/gabinete/notasPrensa.do,31853049,10993611,0,0,0.35045377085562557,0,0,31853049,10993611
Spain,2021-05-26,42846660,42846660,0,https://www.mscbs.gob.es/gabinete/notasPrensa.do,31853049,10993611,0,0,0.35045377085562557,0,0,31853049,10993611
Spain,2021-05-27,42846660,42846660,0,https://www.mscbs.gob.es/gabinete/notasPrensa.do,31853049,10993611,0,0,0.35045377085562557,0,0,31853049,10993611
Spain,2021-05-28,42846660,42846660,0,https://www.mscbs.gob.es/gabinete/notasPrensa.do,31853049,10993611,0,0,0.35045377085562557,0,0,31853049,10993611
Spain,2021-05-29,42846660,42846660,0,https://www.mscbs.gob.es/gabinete/notasPrensa.do,31853049,10993611,0,0,0.35045377085562557,0,0,31853049,10993611
Spain,2021-05-30,42846660,42846660,0,https://www.mscbs.gob.es/gabinete/notasPrensa.do,31853049,10993611,0,0,0.35045377085562557,0,0,31853049,10993611
Spain,2021-05-31,43557867,43557867,711207,https://www.mscbs.gob.es/gabinete/notasPrensa.do,32307229,11250638,454180,257027,0.36139548682732314,454180,257027,32307229,11250638
Spain,2021-06-01,43557867,43557867,0,https://www.mscbs.gob.es/gabinete/notasPrensa.do,32307229,11250638,0,0,0.36139548682732314,0,0,32307229,11250638
Spain,2021-06-02,43557867,43557867,0,https://www.mscbs.gob.es/gabinete/notasPrensa.do,32307229,11250638,0,0,0.36139548682732314,0,0,32307229,11250638
Spain,2021-06-03,43557867,43557867,0,https://www.mscbs.gob.es/gabinete/notasPrensa.do,32307229,11250638,0,0,0.36139548682732314,0,0,32307229,11250638
Spain,2021-06-04,43557867,43557867,0,https://www.mscbs.gob.es/gabinete/notasPrensa.do,32307229,11250638,0,0,0.36139548682732314,0,0,32307229,11250638
Spain,2021-06-05,43557867,43557867,0,https://www.mscbs.gob.es/gabinete/notasPrensa.do,32307229,11250638,0,0,0.36139548682732314,0,0,32307229,11250638
Spain,2021-06-06,43557867,43557867,0,https://www.mscbs.gob.es/gabinete/notasPrensa.do,32307229,11250638,0,0,0.36139548682732314,0,0,32307229,11250638
Spain,2021-06-07,44294542,44294542,736675,https://www.mscbs.gob.es/gabinete/notasPrensa.do,32784136,11510406,476907,259768,0.3526222554043506,476907,259768,32784136,11510406
Spain,2021-06-08,44294542,44294542,0,https://www.mscbs.gob.es/gabinete/notasPrensa.do,32784136,11510406,0,0,0.3526222554043506,0,0,32784136,11510406
Spain,2021-06-09,44294542,44294542,0,https://www.mscbs.gob.es/gabinete/notasPrensa.do,32784136,11510406,0,0,0.3526222554043506,0,0,32784136,11510406
Spain,2021-06-10,44294542,44294542,0,https://www.mscbs.gob.es/gabinete/notasPrensa.do,32784136,11510406,0,0,0.3526222554043506,0,0,32784136,11510406
Spain,2021-06-11,44294542,44294542,0,https://www.mscbs.gob.es/gabinete/notasPrensa.do,32784136,11510406,0,0,0.3526222554043506,0,0,32784136,11510406
Spain,2021-06-12,44294542,44294542,0,https://www.mscbs.gob.es/gabinete/notasPrensa.do,32784136,11510406,0,0,0.3526222554043506,0,0,32784136,11510406
Spain,2021-06-13,44294542,44294542,0,https://www.mscbs.gob.es/gabinete/notasPrensa.do,32784136,11510406,0,0,0.3526222554043506,0,0,32784136,11510406
Spain,2021-06-14,44966212,44966212,671670,https://www.mscbs.gob.es/gabinete/notasPrensa.do,33221873,11744339,437737,233933,0.3482856164485536,437737,233933,33221873,11744339
Spain,2021-06-15,44966212,44966212,0,https://www.mscbs.gob.es/gabinete/notasPrensa.do,33221873,11744339,0,0,0.3482856164485536,0,0,33221873,11744339
Spain,2021-06-16,44966212,44966212,0,https://www.mscbs.gob.es/gabinete/notasPrensa.do,33221873,11744339,0,0,0.3482856164485536,0,0,33221873,11744339
Spain,2021-06-17,44966212,44966212,0,https://www.mscbs.gob.es/gabinete/notasPrensa.do,33221873,11744339,0,0,0.3482856164485536,0,0,33221873,11744339
Spain,2021-06-18,44966212,44966212,0,https://www.mscbs.gob.es/gabinete/notasPrensa.do,33221873,11744339,0,0,0.3482856164485536,0,0,33221873,11744339
Spain,2021-06-19,44966212,44966212,0,https://www.mscbs.gob.es/gabinete/notasPrensa.do,33221873,11744339,0,0,0.3482856164485536,0,0,33221873,11744339
Spain,2021-06-20,44966212,44966212,0,https://www.mscbs.gob.es/gabinete/notasPrensa.do,33221873,11744339,0,0,0.3482856164485536,0,0,33221873,11744339
Spain,2021-06-21,44966212,44966212,0,https://www.mscbs.gob.es/gabinete/notasPrensa.do,33221873,11744339,0,0,0.3482856164485536,0,0,33221873,11744339
Spain,2021-06-22,44966212,44966212,0,https://www.mscbs.gob.es/gabinete/notasPrensa.do,33221873,11744339,0,0,0.3482856164485536,0,0,33221873,11744339
Spain,2021-06-23,44966212,44966212,0,https://www.mscbs.gob.es/gabinete/notasPrensa.do,33221873,11744339,0,0,0.3482856164485536,0,0,33221873,11744339
Spain,2021-06-24,44966212,44966212,0,https://www.mscbs.gob.es/gabinete/notasPrensa.do,33221873,11744339,0,0,0.3482856164485536,0,0,33221873,11744339
Spain,2021-06-25,44966212,44966212,0,https://www.mscbs.gob.es/gabinete/notasPrensa.do,33221873,11744339,0,0,0.3482856164485536,0,0,33221873,11744339
Spain,2021-06-26,44966212,44966212,0,https://www.mscbs.gob.es/gabinete/notasPrensa.do,33221873,11744339,0,0,0.3482856164485536,0,0,33221873,11744339
Spain,2021-06-27,44966212,44966212,0,https://www.mscbs.gob.es/gabinete/notasPrensa.do,33221873,11744339,0,0,0.3482856164485536,0,0,33221873,11744339
Spain,2021-06-28,46257190,46257190,1290978,https://www.mscbs.gob.es/gabinete/notasPrensa.do,34044503,12212687,822630,468348,0.36278542314431383,822630,468348,34044503,12212687
Spain,2021-06-29,46257190,46257190,0,https://www.mscbs.gob.es/gabinete/notasPrensa.do,34044503,12212687,0,0,0.36278542314431383,0,0,34044503,12212687
Spain,2021-06-30,46257190,46257190,0,https://www.mscbs.gob.es/gabinete/notasPrensa.do,34044503,12212687,0,0,0.36278542314431383,0,0,34044503,12212687
Spain,2021-07-01,46257190,46257190,0,https://www.mscbs.gob.es/gabinete/notasPrensa.do,34044503,12212687,0,0,0.36278542314431383,0,0,34044503,12212687
Spain,2021-07-02,46257190,46257190,0,https://www.mscbs.gob.es/gabinete/notasPrensa.do,34044503,12212687,0,0,0.36278542314431383,0,0,34044503,12212687
Spain,2021-07-03,46257190,46257190,0,https://www.mscbs.gob.es/gabinete/notasPrensa.do,34044503,12212687,0,0,0.36278542314431383,0,0,34044503,12212687
Spain,2021-07-04,46257190,46257190,0,https://www.mscbs.gob.es/gabinete/notasPrensa.do,34044503,12212687,0,0,0.36278542314431383,0,0,34044503,12212687
Spain,2021-07-05,47038074,47038074,780884,https://www.mscbs.gob.es/gabinete/notasPrensa.do,34520531,12520531,476028,307844,0.3927222811887655,474213,306671,34518716,12519358
Spain,2021-07-06,47038074,47038074,0,https://www.mscbs.gob.es/gabinete/notasPrensa.do,34520531,12520531,0,0,0.3927222811887655,0,0,34518716,12519358
Spain,2021-07-07,47038074,47038074,0,https://www.mscbs.gob.es/gabinete/notasPrensa.do,34520531,12520531,0,0,0.3927222811887655,0,0,34518716,12519358
Spain,2021-07-08,47038074,47038074,0,https://www.mscbs.gob.es/gabinete/notasPrensa.do,34520531,12520531,0,0,0.3927222811887655,0,0,34518716,12519358
Spain,2021-07-09,47038074,47038074,0,https://www.mscbs.gob.es/gabinete/notasPrensa.do,34520531,12520531,0,0,0.3927222811887655,0,0,34518716,12519358
Spain,2021-07-10,47038074,47038074,0,https://www.mscbs.gob.es/gabinete/notasPrensa.do,34520531,12520531,0,0,0.3927222811887655,0,0,34518716,12519358
Spain,2021-07-11,47038074,47038074,0,https://www.mscbs.gob.es/gabinete/notasPrensa.do,34520531,12520531,0,0,0.3927222811887655,0,0,34518716,12519358
Spain,2021-07-12,48029113,48029113,991039,https://www.mscbs.gob.es/gabinete/notasPrensa.do,35140294,12888819,619763,368288,0.3727418928779992,621637,369402,35140353,12888760
Spain,2021-07-13,48029113,48029113,0,https://www.mscbs.gob.es/gabinete/notasPrensa.do,35140294,12888819,0,0,0.3727418928779992,0,0,35140353,12888760
Spain,2021-07-14,48029113,48029113,0,https://www.mscbs.gob.es/gabinete/notasPrensa.do,35140294,12888819,0,0,0.3727418928779992,0,0,35140353,12888760
Spain,2021-07-15,48029113,48029113,0,https://www.mscbs.gob.es/gabinete/notasPrensa.do,35140294,12888819,0,0,0.3727418928779992,0,0,35140353,12888760
Spain,2021-07-16,48029113,48029113,0,https://www.mscbs.gob.es/gabinete/notasPrensa.do,35140294,12888819,0,0,0.3727418928779992,0,0,35140353,12888760
Spain,2021-07-17,48029113,48029113,0,https://www.mscbs.gob.es/gabinete/notasPrensa.do,35140294,12888819,0,0,0.3727418928779992,0,0,35140353,12888760
Spain,2021-07-18,48029113,48029113,0,https://www.mscbs.gob.es/gabinete/notasPrensa.do,35140294,12888819,0,0,0.3727418928779992,0,0,35140353,12888760
Spain,2021-07-19,49193277,49193277,1164164,https://www.mscbs.gob.es/gabinete/notasPrensa.do,35844382,13348985,704088,460166,0.3952453674198242,704034,460130,35844387,13348890
Spain,2021-07-20,49193277,49193277,0,https://www.mscbs.gob.es/gabinete/notasPrensa.do,35844382,13348985,0,0,0.3952453674198242,0,0,35844387,13348890
Spain,2021-07-21,49193277,49193277,0,https://www.mscbs.gob.es/gabinete/notasPrensa.do,35844382,13348985,0,0,0.3952453674198242,0,0,35844387,13348890
Spain,2021-07-22,49193277,49193277,0,https://www.mscbs.gob.es/gabinete/notasPrensa.do,35844382,13348985,0,0,0.3952453674198242,0,0,35844387,13348890
Spain,2021-07-23,49193277,49193277,0,https://www.mscbs.gob.es/gabinete/notasPrensa.do,35844382,13348985,0,0,0.3952453674198242,0,0,35844387,13348890
Spain,2021-07-24,49193277,49193277,0,https://www.mscbs.gob.es/gabinete/notasPrensa.do,35844382,13348985,0,0,0.3952453674198242,0,0,35844387,13348890
Spain,2021-07-25,49193277,49193277,0,https://www.mscbs.gob.es/gabinete/notasPrensa.do,35844382,13348985,0,0,0.3952453674198242,0,0,35844387,13348890
Spain,2021-07-26,50474223,50474223,1280946,https://www.mscbs.gob.es/gabinete/notasPrensa.do,36635856,13838367,791474,489382,0.38207417539520444,791530,489416,36635917,13838306
Spain,2021-07-27,50474223,50474223,0,https://www.mscbs.gob.es/gabinete/notasPrensa.do,36635856,13838367,0,0,0.38207417539520444,0,0,36635917,13838306
Spain,2021-07-28,50474223,50474223,0,https://www.mscbs.gob.es/gabinete/notasPrensa.do,36635856,13838367,0,0,0.38207417539520444,0,0,36635917,13838306
Spain,2021-07-29,50474223,50474223,0,https://www.mscbs.gob.es/gabinete/notasPrensa.do,36635856,13838367,0,0,0.38207417539520444,0,0,36635917,13838306
Spain,2021-07-30,50474223,50474223,0,https://www.mscbs.gob.es/gabinete/notasPrensa.do,36635856,13838367,0,0,0.38207417539520444,0,0,36635917,13838306
Spain,2021-07-31,50474223,50474223,0,https://www.mscbs.gob.es/gabinete/notasPrensa.do,36635856,13838367,0,0,0.38207417539520444,0,0,36635917,13838306
Spain,2021-08-01,50474223,50474223,0,https://www.mscbs.gob.es/gabinete/notasPrensa.do,36635856,13838367,0,0,0.38207417539520444,0,0,36635917,13838306
Spain,2021-08-02,51739721,51739721,1265498,https://www.mscbs.gob.es/gabinete/notasPrensa.do,37436536,14303185,800680,464818,0.3673004619525278,800680,464818,37436597,14303124
Spain,2021-08-03,51739721,51739721,0,https://www.mscbs.gob.es/gabinete/notasPrensa.do,37436536,14303185,0,0,0.3673004619525278,0,0,37436597,14303124
Spain,2021-08-04,51739721,51739721,0,https://www.mscbs.gob.es/gabinete/notasPrensa.do,37436536,14303185,0,0,0.3673004619525278,0,0,37436597,14303124
Spain,2021-08-05,51739721,51739721,0,https://www.mscbs.gob.es/gabinete/notasPrensa.do,37436536,14303185,0,0,0.3673004619525278,0,0,37436597,14303124
Spain,2021-08-06,51739721,51739721,0,https://www.mscbs.gob.es/gabinete/notasPrensa.do,37436536,14303185,0,0,0.3673004619525278,0,0,37436597,14303124
Spain,2021-08-07,51739721,51739721,0,https://www.mscbs.gob.es/gabinete/notasPrensa.do,37436536,14303185,0,0,0.3673004619525278,0,0,37436597,14303124
Spain,2021-08-08,51739721,51739721,0,https://www.mscbs.gob.es/gabinete/notasPrensa.do,37436536,14303185,0,0,0.3673004619525278,0,0,37436597,14303124
Spain,2021-08-09,52887516,52887516,1147795,https://www.mscbs.gob.es/gabinete/notasPrensa.do,38172268,14715248,735732,412063,0.35900400332812044,735732,412063,38172329,14715187
Spain,2021-08-10,52887516,52887516,0,https://www.mscbs.gob.es/gabinete/notasPrensa.do,38172268,14715248,0,0,0.35900400332812044,0,0,38172329,14715187
Spain,2021-08-11,52887516,52887516,0,https://www.mscbs.gob.es/gabinete/notasPrensa.do,38172268,14715248,0,0,0.35900400332812044,0,0,38172329,14715187
Spain,2021-08-12,52887516,52887516,0,https://www.mscbs.gob.es/gabinete/notasPrensa.do,38172268,14715248,0,0,0.35900400332812044,0,0,38172329,14715187
Spain,2021-08-13,52887516,52887516,0,https://www.mscbs.gob.es/gabinete/notasPrensa.do,38172268,14715248,0,0,0.35900400332812044,0,0,38172329,14715187
Spain,2021-08-14,52887516,52887516,0,https://www.mscbs.gob.es/gabinete/notasPrensa.do,38172268,14715248,0,0,0.35900400332812044,0,0,38172329,14715187
Spain,2021-08-15,52887516,52887516,0,https://www.mscbs.gob.es/gabinete/notasPrensa.do,38172268,14715248,0,0,0.35900400332812044,0,0,38172329,14715187
Spain,2021-08-16,53892999,53892999,1005483,https://www.mscbs.gob.es/gabinete/notasPrensa.do,38828914,15064085,656646,348837,0.3469347567288557,656646,348837,38828975,15064024
Spain,2021-08-17,53892999,53892999,0,https://www.mscbs.gob.es/gabinete/notasPrensa.do,38828914,15064085,0,0,0.3469347567288557,0,0,38828975,15064024
Spain,2021-08-18,53892999,53892999,0,https://www.mscbs.gob.es/gabinete/notasPrensa.do,38828914,15064085,0,0,0.3469347567288557,0,0,38828975,15064024
Spain,2021-08-19,53892999,53892999,0,https://www.mscbs.gob.es/gabinete/notasPrensa.do,38828914,15064085,0,0,0.3469347567288557,0,0,38828975,15064024
Spain,2021-08-20,53892999,53892999,0,https://www.mscbs.gob.es/gabinete/notasPrensa.do,38828914,15064085,0,0,0.3469347567288557,0,0,38828975,15064024
Spain,2021-08-21,53892999,53892999,0,https://www.mscbs.gob.es/gabinete/notasPrensa.do,38828914,15064085,0,0,0.3469347567288557,0,0,38828975,15064024
Spain,2021-08-22,53892999,53892999,0,https://www.mscbs.gob.es/gabinete/notasPrensa.do,38828914,15064085,0,0,0.3469347567288557,0,0,38828975,15064024
Spain,2021-08-23,54719110,54719110,826111,https://www.mscbs.gob.es/gabinete/notasPrensa.do,39358008,15361102,529094,297017,0.3595364303344224,529094,297017,39358069,15361041
Spain,2021-08-24,54719110,54719110,0,https://www.mscbs.gob.es/gabinete/notasPrensa.do,39358008,15361102,0,0,0.3595364303344224,0,0,39358069,15361041
Spain,2021-08-25,54719110,54719110,0,https://www.mscbs.gob.es/gabinete/notasPrensa.do,39358008,15361102,0,0,0.3595364303344224,0,0,39358069,15361041
Spain,2021-08-26,54719110,54719110,0,https://www.mscbs.gob.es/gabinete/notasPrensa.do,39358008,15361102,0,0,0.3595364303344224,0,0,39358069,15361041
Spain,2021-08-27,54719110,54719110,0,https://www.mscbs.gob.es/gabinete/notasPrensa.do,39358008,15361102,0,0,0.3595364303344224,0,0,39358069,15361041
Spain,2021-08-28,54719110,54719110,0,https://www.mscbs.gob.es/gabinete/notasPrensa.do,39358008,15361102,0,0,0.3595364303344224,0,0,39358069,15361041
Spain,2021-08-29,54719110,54719110,0,https://www.mscbs.gob.es/gabinete/notasPrensa.do,39358008,15361102,0,0,0.3595364303344224,0,0,39358069,15361041
Spain,2021-08-30,55478210,55478210,759100,https://www.mscbs.gob.es/gabinete/notasPrensa.do,39840576,15637634,482568,276532,0.36428928994862336,482568,276532,39840637,15637573
Spain,2021-08-31,55478210,55478210,0,https://www.mscbs.gob.es/gabinete/notasPrensa.do,39840576,15637634,0,0,0.36428928994862336,0,0,39840637,15637573
Spain,2021-09-01,55478210,55478210,0,https://www.mscbs.gob.es/gabinete/notasPrensa.do,39840576,15637634,0,0,0.36428928994862336,0,0,39840637,15637573
Spain,2021-09-02,55478210,55478210,0,https://www.mscbs.gob.es/gabinete/notasPrensa.do,39840576,15637634,0,0,0.36428928994862336,0,0,39840637,15637573
Spain,2021-09-03,55478210,55478210,0,https://www.mscbs.gob.es/gabinete/notasPrensa.do,39840576,15637634,0,0,0.36428928994862336,0,0,39840637,15637573
Spain,2021-09-04,55478210,55478210,0,https://www.mscbs.gob.es/gabinete/notasPrensa.do,39840576,15637634,0,0,0.36428928994862336,0,0,39840637,15637573
Spain,2021-09-05,55478210,55478210,0,https://www.mscbs.gob.es/gabinete/notasPrensa.do,39840576,15637634,0,0,0.36428928994862336,0,0,39840637,15637573
Spain,2021-09-06,55478210,55478210,0,https://www.mscbs.gob.es/gabinete/notasPrensa.do,40347879,15906952,507303,269318,0.34678176356292195,0,0,39840637,15637573
Spain,2021-09-07,56254831,56254831,776621,https://www.mscbs.gob.es/gabinete/notasPrensa.do,40347879,15906952,0,0,0.34678176356292195,507303,269318,40347940,15906891
Spain,2021-09-08,56254831,56254831,0,https://www.mscbs.gob.es/gabinete/notasPrensa.do,40347879,15906952,0,0,0.34678176356292195,0,0,40347940,15906891
Spain,2021-09-09,56254831,56254831,0,https://www.mscbs.gob.es/gabinete/notasPrensa.do,40347879,15906952,0,0,0.34678176356292195,0,0,40347940,15906891
Spain,2021-09-10,56254831,56254831,0,https://www.mscbs.gob.es/gabinete/notasPrensa.do,40347879,15906952,0,0,0.34678176356292195,0,0,40347940,15906891
Spain,2021-09-11,56254831,56254831,0,https://www.mscbs.gob.es/gabinete/notasPrensa.do,40347879,15906952,0,0,0.34678176356292195,0,0,40347940,15906891
Spain,2021-09-12,56254831,56254831,0,https://www.mscbs.gob.es/gabinete/notasPrensa.do,40347879,15906952,0,0,0.34678176356292195,0,0,40347940,15906891
Spain,2021-09-13,56889626,56889626,634795,https://www.mscbs.gob.es/gabinete/notasPrensa.do,40772029,16117597,424150,210645,0.3318315361652187,424150,210645,40772090,16117536
Spain,2021-09-14,56889626,56889626,0,https://www.mscbs.gob.es/gabinete/notasPrensa.do,40772029,16117597,0,0,0.3318315361652187,0,0,40772090,16117536
Spain,2021-09-15,56889626,56889626,0,https://www.mscbs.gob.es/gabinete/notasPrensa.do,40772029,16117597,0,0,0.3318315361652187,0,0,40772090,16117536
Spain,2021-09-16,56889626,56889626,0,https://www.mscbs.gob.es/gabinete/notasPrensa.do,40772029,16117597,0,0,0.3318315361652187,0,0,40772090,16117536
Spain,2021-09-17,56889626,56889626,0,https://www.mscbs.gob.es/gabinete/notasPrensa.do,40772029,16117597,0,0,0.3318315361652187,0,0,40772090,16117536
Spain,2021-09-18,56889626,56889626,0,https://www.mscbs.gob.es/gabinete/notasPrensa.do,40772029,16117597,0,0,0.3318315361652187,0,0,40772090,16117536
Spain,2021-09-19,56889626,56889626,0,https://www.mscbs.gob.es/gabinete/notasPrensa.do,40772029,16117597,0,0,0.3318315361652187,0,0,40772090,16117536
Spain,2021-09-20,57549938,57549938,660312,https://www.mscbs.gob.es/gabinete/notasPrensa.do,41220650,16329288,448621,211691,0.32059238662935097,448621,211691,41220711,16329227
Spain,2021-09-21,57549938,57549938,0,https://www.mscbs.gob.es/gabinete/notasPrensa.do,41220650,16329288,0,0,0.32059238662935097,0,0,41220711,16329227
Spain,2021-09-22,57549938,57549938,0,https://www.mscbs.gob.es/gabinete/notasPrensa.do,41220650,16329288,0,0,0.32059238662935097,0,0,41220711,16329227
Spain,2021-09-23,57549938,57549938,0,https://www.mscbs.gob.es/gabinete/notasPrensa.do,41220650,16329288,0,0,0.32059238662935097,0,0,41220711,16329227
Spain,2021-09-24,57549938,57549938,0,https://www.mscbs.gob.es/gabinete/notasPrensa.do,41220650,16329288,0,0,0.32059238662935097,0,0,41220711,16329227
Spain,2021-09-25,57549938,57549938,0,https://www.mscbs.gob.es/gabinete/notasPrensa.do,41220650,16329288,0,0,0.32059238662935097,0,0,41220711,16329227
Spain,2021-09-26,57549938,57549938,0,https://www.mscbs.gob.es/gabinete/notasPrensa.do,41220650,16329288,0,0,0.32059238662935097,0,0,41220711,16329227
Spain,2021-09-27,58381365,58381365,831427,https://www.mscbs.gob.es/gabinete/notasPrensa.do,41702534,16678831,481884,349543,0.42041333755098165,481884,349543,41702595,16678770
Spain,2021-09-28,58381365,58381365,0,https://www.mscbs.gob.es/gabinete/notasPrensa.do,41702534,16678831,0,0,0.42041333755098165,0,0,41702595,16678770
Spain,2021-09-29,58381365,58381365,0,https://www.mscbs.gob.es/gabinete/notasPrensa.do,41702534,16678831,0,0,0.42041333755098165,0,0,41702595,16678770
Spain,2021-09-30,58381365,58381365,0,https://www.mscbs.gob.es/gabinete/notasPrensa.do,41702534,16678831,0,0,0.42041333755098165,0,0,41702595,16678770
Spain,2021-10-01,58381365,58381365,0,https://www.mscbs.gob.es/gabinete/notasPrensa.do,41702534,16678831,0,0,0.42041333755098165,0,0,41702595,16678770
Spain,2021-10-02,58381365,58381365,0,https://www.mscbs.gob.es/gabinete/notasPrensa.do,41702534,16678831,0,0,0.42041333755098165,0,0,41702595,16678770
Spain,2021-10-03,58381365,58381365,0,https://www.mscbs.gob.es/gabinete/notasPrensa.do,41702534,16678831,0,0,0.42041333755098165,0,0,41702595,16678770
Spain,2021-10-04,58381365,58381365,0,https://www.mscbs.gob.es/gabinete/notasPrensa.do,42247856,17066487,545322,387656,0.41550390255718783,0,0,41702595,16678770
Spain,2021-10-05,59314343,59314343,932978,https://www.mscbs.gob.es/gabinete/notasPrensa.do,42247856,17066487,0,0,0.41550390255718783,545322,387656,42247917,17066426
Spain,2021-10-06,59314343,59314343,0,https://www.mscbs.gob.es/gabinete/notasPrensa.do,42247856,17066487,0,0,0.41550390255718783,0,0,42247917,17066426
Spain,2021-10-07,59314343,59314343,0,https://www.mscbs.gob.es/gabinete/notasPrensa.do,42247856,17066487,0,0,0.41550390255718783,0,0,42247917,17066426
Spain,2021-10-08,59314343,59314343,0,https://www.mscbs.gob.es/gabinete/notasPrensa.do,42247856,17066487,0,0,0.41550390255718783,0,0,42247917,17066426
Spain,2021-10-09,59314343,59314343,0,https://www.mscbs.gob.es/gabinete/notasPrensa.do,42247856,17066487,0,0,0.41550390255718783,0,0,42247917,17066426
Spain,2021-10-10,59314343,59314343,0,https://www.mscbs.gob.es/gabinete/notasPrensa.do,42247856,17066487,0,0,0.41550390255718783,0,0,42247917,17066426
Spain,2021-10-11,60002572,60002572,688229,https://www.mscbs.gob.es/gabinete/notasPrensa.do,42676882,17325690,429026,259203,0.3766231879214622,429026,259203,42676943,17325629
Spain,2021-10-12,60002572,60002572,0,https://www.mscbs.gob.es/gabinete/notasPrensa.do,42676882,17325690,0,0,0.3766231879214622,0,0,42676943,17325629
Spain,2021-10-13,60002572,60002572,0,https://www.mscbs.gob.es/gabinete/notasPrensa.do,42676882,17325690,0,0,0.3766231879214622,0,0,42676943,17325629
Spain,2021-10-14,60002572,60002572,0,https://www.mscbs.gob.es/gabinete/notasPrensa.do,42676882,17325690,0,0,0.3766231879214622,0,0,42676943,17325629
Spain,2021-10-15,60002572,60002572,0,https://www.mscbs.gob.es/gabinete/notasPrensa.do,42676882,17325690,0,0,0.3766231879214622,0,0,42676943,17325629
Spain,2021-10-16,60002572,60002572,0,https://www.mscbs.gob.es/gabinete/notasPrensa.do,42676882,17325690,0,0,0.3766231879214622,0,0,42676943,17325629
Spain,2021-10-17,60002572,60002572,0,https://www.mscbs.gob.es/gabinete/notasPrensa.do,42676882,17325690,0,0,0.3766231879214622,0,0,42676943,17325629
Spain,2021-10-18,60530642,60530642,528070,https://www.mscbs.gob.es/gabinete/notasPrensa.do,42987382,17543260,310500,217570,0.4120097714318178,310500,217570,42987443,17543199
Spain,2021-10-19,60530642,60530642,0,https://www.mscbs.gob.es/gabinete/notasPrensa.do,42987382,17543260,0,0,0.4120097714318178,0,0,42987443,17543199
Spain,2021-10-20,60530642,60530642,0,https://www.mscbs.gob.es/gabinete/notasPrensa.do,42987382,17543260,0,0,0.4120097714318178,0,0,42987443,17543199
Spain,2021-10-21,60530642,60530642,0,https://www.mscbs.gob.es/gabinete/notasPrensa.do,42987382,17543260,0,0,0.4120097714318178,0,0,42987443,17543199
Spain,2021-10-22,60530642,60530642,0,https://www.mscbs.gob.es/gabinete/notasPrensa.do,42987382,17543260,0,0,0.4120097714318178,0,0,42987443,17543199
Spain,2021-10-23,60530642,60530642,0,https://www.mscbs.gob.es/gabinete/notasPrensa.do,42987382,17543260,0,0,0.4120097714318178,0,0,42987443,17543199
Spain,2021-10-24,60530642,60530642,0,https://www.mscbs.gob.es/gabinete/notasPrensa.do,42987382,17543260,0,0,0.4120097714318178,0,0,42987443,17543199
Spain,2021-10-25,61113853,61113853,583211,https://www.mscbs.gob.es/gabinete/notasPrensa.do,43333416,17780437,346034,237177,0.4066744282943909,346034,237177,43333477,17780376
Spain,2021-10-26,61113853,61113853,0,https://www.mscbs.gob.es/gabinete/notasPrensa.do,43333416,17780437,0,0,0.4066744282943909,0,0,43333477,17780376
Spain,2021-10-27,61113853,61113853,0,https://www.mscbs.gob.es/gabinete/notasPrensa.do,43333416,17780437,0,0,0.4066744282943909,0,0,43333477,17780376
Spain,2021-10-28,61113853,61113853,0,https://www.mscbs.gob.es/gabinete/notasPrensa.do,43333416,17780437,0,0,0.4066744282943909,0,0,43333477,17780376
Spain,2021-10-29,61113853,61113853,0,https://www.mscbs.gob.es/gabinete/notasPrensa.do,43333416,17780437,0,0,0.4066744282943909,0,0,43333477,17780376
Spain,2021-10-30,61113853,61113853,0,https://www.mscbs.gob.es/gabinete/notasPrensa.do,43333416,17780437,0,0,0.4066744282943909,0,0,43333477,17780376
Spain,2021-10-31,61113853,61113853,0,https://www.mscbs.gob.es/gabinete/notasPrensa.do,43333416,17780437,0,0,0.4066744282943909,0,0,43333477,17780376
Spain,2021-11-01,61113853,61113853,0,https://www.mscbs.gob.es/gabinete/notasPrensa.do,43333416,17780437,0,0,0.4066744282943909,0,0,43333477,17780376
Spain,2021-11-02,61727174,61727174,613321,https://www.mscbs.gob.es/gabinete/notasPrensa.do,43698032,18029142,364616,248705,0.40550543679410944,364616,248705,43698093,18029081
Spain,2021-11-03,61727174,61727174,0,https://www.mscbs.gob.es/gabinete/notasPrensa.do,43698032,18029142,0,0,0.40550543679410944,0,0,43698093,18029081
Spain,2021-11-04,61727174,61727174,0,https://www.mscbs.gob.es/gabinete/notasPrensa.do,43698032,18029142,0,0,0.40550543679410944,0,0,43698093,18029081
Spain,2021-11-05,61727174,61727174,0,https://www.mscbs.gob.es/gabinete/notasPrensa.do,43698032,18029142,0,0,0.40550543679410944,0,0,43698093,18029081
Spain,2021-11-06,61727174,61727174,0,https://www.mscbs.gob.es/gabinete/notasPrensa.do,43698032,18029142,0,0,0.40550543679410944,0,0,43698093,18029081
Spain,2021-11-07,61727174,61727174,0,https://www.mscbs.gob.es/gabinete/notasPrensa.do,43698032,18029142,0,0,0.40550543679410944,0,0,43698093,18029081
Spain,2021-11-08,61727174,61727174,0,https://www.mscbs.gob.es/gabinete/notasPrensa.do,43698032,18029142,0,0,0.40550543679410944,0,0,43698093,18029081
Spain,2021-11-09,61727174,61727174,0,https://www.mscbs.gob.es/gabinete/notasPrensa.do,43698032,18029142,0,0,0.40550543679410944,0,0,43698093,18029081
Spain,2021-11-10,62267790,62267790,540616,https://www.mscbs.gob.es/gabinete/notasPrensa.do,44031458,18236332,333426,207190,0.38324799857939834,333426,207190,44031519,18236271
Spain,2021-11-11,62267790,62267790,0,https://www.mscbs.gob.es/gabinete/notasPrensa.do,44031458,18236332,0,0,0.38324799857939834,0,0,44031519,18236271
Spain,2021-11-12,62267790,62267790,0,https://www.mscbs.gob.es/gabinete/notasPrensa.do,44031458,18236332,0,0,0.38324799857939834,0,0,44031519,18236271
Spain,2021-11-13,62267790,62267790,0,https://www.mscbs.gob.es/gabinete/notasPrensa.do,44031458,18236332,0,0,0.38324799857939834,0,0,44031519,18236271
Spain,2021-11-14,62267790,62267790,0,https://www.mscbs.gob.es/gabinete/notasPrensa.do,44031458,18236332,0,0,0.38324799857939834,0,0,44031519,18236271
Spain,2021-11-15,62986857,62986857,719067,https://www.mscbs.gob.es/gabinete/notasPrensa.do,44427888,18558969,396430,322637,0.4486883697902977,396430,322637,44427949,18558908
Spain,2021-11-16,62986857,62986857,0,https://www.mscbs.gob.es/gabinete/notasPrensa.do,44427888,18558969,0,0,0.4486883697902977,0,0,44427949,18558908
Spain,2021-11-17,62986857,62986857,0,https://www.mscbs.gob.es/gabinete/notasPrensa.do,44427888,18558969,0,0,0.4486883697902977,0,0,44427949,18558908
Spain,2021-11-18,62986857,62986857,0,https://www.mscbs.gob.es/gabinete/notasPrensa.do,44427888,18558969,0,0,0.4486883697902977,0,0,44427949,18558908
Spain,2021-11-19,62986857,62986857,0,https://www.mscbs.gob.es/gabinete/notasPrensa.do,44427888,18558969,0,0,0.4486883697902977,0,0,44427949,18558908
Spain,2021-11-20,62986857,62986857,0,https://www.mscbs.gob.es/gabinete/notasPrensa.do,44427888,18558969,0,0,0.4486883697902977,0,0,44427949,18558908
Spain,2021-11-21,62986857,62986857,0,https://www.mscbs.gob.es/gabinete/notasPrensa.do,44427888,18558969,0,0,0.4486883697902977,0,0,44427949,18558908
Spain,2021-11-22,62986857,62986857,0,https://www.mscbs.gob.es/gabinete/notasPrensa.do,44427888,18558969,0,0,0.4486883697902977,0,0,44427949,18558908
Spain,2021-11-23,62986857,62986857,0,https://www.mscbs.gob.es/gabinete/notasPrensa.do,44427888,18558969,0,0,0.4486883697902977,0,0,44427949,18558908
Spain,2021-11-24,62986857,62986857,0,https://www.mscbs.gob.es/gabinete/notasPrensa.do,44427888,18558969,0,0,0.4486883697902977,0,0,44427949,18558908
Spain,2021-11-25,62986857,62986857,0,https://www.mscbs.gob.es/gabinete/notasPrensa.do,44427888,18558969,0,0,0.4486883697902977,0,0,44427949,18558908
Spain,2021-11-26,62986857,62986857,0,https://www.mscbs.gob.es/gabinete/notasPrensa.do,44427888,18558969,0,0,0.4486883697902977,0,0,44427949,18558908
Spain,2021-11-27,62986857,62986857,0,https://www.mscbs.gob.es/gabinete/notasPrensa.do,44427888,18558969,0,0,0.4486883697902977,0,0,44427949,18558908
Spain,2021-11-28,62986857,62986857,0,https://www.mscbs.gob.es/gabinete/notasPrensa.do,44427888,18558969,0,0,0.4486883697902977,0,0,44427949,18558908
Spain,2021-11-29,62986857,62986857,0,https://www.mscbs.gob.es/gabinete/notasPrensa.do,44427888,18558969,0,0,0.4486883697902977,0,0,44427949,18558908
Spain,2021-11-30,62986857,62986857,0,https://www.mscbs.gob.es/gabinete/notasPrensa.do,44427888,18558969,0,0,0.4486883697902977,0,0,44427949,18558908
Spain,2021-12-01,62986857,62986857,0,https://www.mscbs.gob.es/gabinete/notasPrensa.do,44427888,18558969,0,0,0.4486883697902977,0,0,44427949,18558908
Spain,2021-12-02,62986857,62986857,0,https://www.mscbs.gob.es/gabinete/notasPrensa.do,44427888,18558969,0,0,0.4486883697902977,0,0,44427949,18558908
Spain,2021-12-03,62986857,62986857,0,https://www.mscbs.gob.es/gabinete/notasPrensa.do,44427888,18558969,0,0,0.4486883697902977,0,0,44427949,18558908
Spain,2021-12-04,62986857,62986857,0,https://www.mscbs.gob.es/gabinete/notasPrensa.do,44427888,18558969,0,0,0.4486883697902977,0,0,44427949,18558908
Spain,2021-12-05,62986857,62986857,0,https://www.mscbs.gob.es/gabinete/notasPrensa.do,44427888,18558969,0,0,0.4486883697902977,0,0,44427949,18558908
Spain,2021-12-06,62986857,62986857,0,https://www.mscbs.gob.es/gabinete/notasPrensa.do,44427888,18558969,0,0,0.4486883697902977,0,0,44427949,18558908
Spain,2021-12-07,62986857,62986857,0,https://www.mscbs.gob.es/gabinete/notasPrensa.do,44427888,18558969,0,0,0.4486883697902977,0,0,44427949,18558908
Spain,2021-12-08,62986857,62986857,0,https://www.mscbs.gob.es/gabinete/notasPrensa.do,44427888,18558969,0,0,0.4486883697902977,0,0,44427949,18558908
Spain,2021-12-09,62986857,62986857,0,https://www.mscbs.gob.es/gabinete/notasPrensa.do,44427888,18558969,0,0,0.4486883697902977,0,0,44427949,18558908
Spain,2021-12-10,62986857,62986857,0,https://www.mscbs.gob.es/gabinete/notasPrensa.do,44427888,18558969,0,0,0.4486883697902977,0,0,44427949,18558908
Spain,2021-12-11,62986857,62986857,0,https://www.mscbs.gob.es/gabinete/notasPrensa.do,44427888,18558969,0,0,0.4486883697902977,0,0,44427949,18558908
Spain,2021-12-12,62986857,62986857,0,https://www.mscbs.gob.es/gabinete/notasPrensa.do,44427888,18558969,0,0,0.4486883697902977,0,0,44427949,18558908
Spain,2021-12-13,62986857,62986857,0,https://www.mscbs.gob.es/gabinete/notasPrensa.do,44427888,18558969,0,0,0.4486883697902977,0,0,44427949,18558908
Spain,2021-12-14,62986857,62986857,0,https://www.mscbs.gob.es/gabinete/notasPrensa.do,44427888,18558969,0,0,0.4486883697902977,0,0,44427949,18558908
Spain,2021-12-15,62986857,62986857,0,https://www.mscbs.gob.es/gabinete/notasPrensa.do,44427888,18558969,0,0,0.4486883697902977,0,0,44427949,18558908
Spain,2021-12-16,62986857,62986857,0,https://www.mscbs.gob.es/gabinete/notasPrensa.do,44427888,18558969,0,0,0.4486883697902977,0,0,44427949,18558908
Spain,2021-12-17,62986857,62986857,0,https://www.mscbs.gob.es/gabinete/notasPrensa.do,44427888,18558969,0,0,0.4486883697902977,0,0,44427949,18558908
Spain,2021-12-18,62986857,62986857,0,https://www.mscbs.gob.es/gabinete/notasPrensa.do,44427888,18558969,0,0,0.4486883697902977,0,0,44427949,18558908
Spain,2021-12-19,62986857,62986857,0,https://www.mscbs.gob.es/gabinete/notasPrensa.do,44427888,18558969,0,0,0.4486883697902977,0,0,44427949,18558908
Spain,2021-12-20,62986857,62986857,0,https://www.mscbs.gob.es/gabinete/notasPrensa.do,44427888,18558969,0,0,0.4486883697902977,0,0,44427949,18558908
Spain,2021-12-21,62986857,62986857,0,https://www.mscbs.gob.es/gabinete/notasPrensa.do,44427888,18558969,0,0,0.4486883697902977,0,0,44427949,18558908
Spain,2021-12-22,62986857,62986857,0,https://www.mscbs.gob.es/gabinete/notasPrensa.do,44427888,18558969,0,0,0.4486883697902977,0,0,44427949,18558908
Spain,2021-12-23,62986857,62986857,0,https://www.mscbs.gob.es/gabinete/notasPrensa.do,44427888,18558969,0,0,0.4486883697902977,0,0,44427949,18558908
Spain,2021-12-24,62986857,62986857,0,https://www.mscbs.gob.es/gabinete/notasPrensa.do,44427888,18558969,0,0,0.4486883697902977,0,0,44427949,18558908
Spain,2021-12-25,62986857,62986857,0,https://www.mscbs.gob.es/gabinete/notasPrensa.do,44427888,18558969,0,0,0.4486883697902977,0,0,44427949,18558908
Spain,2021-12-26,62986857,62986857,0,https://www.mscbs.gob.es/gabinete/notasPrensa.do,44427888,18558969,0,0,0.4486883697902977,0,0,44427949,18558908
Spain,2021-12-27,62986857,62986857,0,https://www.mscbs.gob.es/gabinete/notasPrensa.do,44427888,18558969,0,0,0.4486883697902977,0,0,44427949,18558908
Spain,2021-12-28,62986857,62986857,0,https://www.mscbs.gob.es/gabinete/notasPrensa.do,44427888,18558969,0,0,0.4486883697902977,0,0,44427949,18558908
Spain,2021-12-29,62986857,62986857,0,https://www.mscbs.gob.es/gabinete/notasPrensa.do,44427888,18558969,0,0,0.4486883697902977,0,0,44427949,18558908
Spain,2021-12-30,62986857,62986857,0,https://www.mscbs.gob.es/gabinete/notasPrensa.do,44427888,18558969,0,0,0.4486883697902977,0,0,44427949,18558908
Spain,2021-12-31,62986857,62986857,0,https://www.mscbs.gob.es/gabinete/notasPrensa.do,44427888,18558969,0,0,0.4486883697902977,0,0,44427949,18558908
Spain,2022-01-01,62986857,62986857,0,https://www.mscbs.gob.es/gabinete/notasPrensa.do,44427888,18558969,0,0,0.4486883697902977,0,0,44427949,18558908
Spain,2022-01-02,62986857,62986857,0,https://www.mscbs.gob.es/gabinete/notasPrensa.do,44427888,18558969,0,0,0.4486883697902977,0,0,44427949,18558908
Spain,2022-01-03,62986857,62986857,0,https://www.mscbs.gob.es/gabinete/notasPrensa.do,44427888,18558969,0,0,0.4486883697902977,0,0,44427949,18558908
Spain,2022-01-04,62986857,62986857,0,https://www.mscbs.gob.es/gabinete/notasPrensa.do,44427888,18558969,0,0,0.4486883697902977,0,0,44427949,18558908
Spain,2022-01-05,62986857,62986857,0,https://www.mscbs.gob.es/gabinete/notasPrensa.do,44427888,18558969,0,0,0.4486883697902977,0,0,44427949,18558908
Spain,2022-01-06,62986857,62986857,0,https://www.mscbs.gob.es/gabinete/notasPrensa.do,44427888,18558969,0,0,0.4486883697902977,0,0,44427949,18558908
Spain,2022-01-07,62986857,62986857,0,https://www.mscbs.gob.es/gabinete/notasPrensa.do,44427888,18558969,0,0,0.4486883697902977,0,0,44427949,18558908
Spain,2022-01-08,62986857,62986857,0,https://www.mscbs.gob.es/gabinete/notasPrensa.do,44427888,18558969,0,0,0.4486883697902977,0,0,44427949,18558908
Spain,2022-01-09,62986857,62986857,0,https://www.mscbs.gob.es/gabinete/notasPrensa.do,44427888,18558969,0,0,0.4486883697902977,0,0,44427949,18558908
Spain,2022-01-10,62986857,62986857,0,https://www.mscbs.gob.es/gabinete/notasPrensa.do,44427888,18558969,0,0,0.4486883697902977,0,0,44427949,18558908
Spain,2022-01-11,62986857,62986857,0,https://www.mscbs.gob.es/gabinete/notasPrensa.do,44427888,18558969,0,0,0.4486883697902977,0,0,44427949,18558908
Spain,2022-01-12,62986857,62986857,0,https://www.mscbs.gob.es/gabinete/notasPrensa.do,44427888,18558969,0,0,0.4486883697902977,0,0,44427949,18558908
Spain,2022-01-13,62986857,62986857,0,https://www.mscbs.gob.es/gabinete/notasPrensa.do,44427888,18558969,0,0,0.4486883697902977,0,0,44427949,18558908
Spain,2022-01-14,62986857,62986857,0,https://www.mscbs.gob.es/gabinete/notasPrensa.do,44427888,18558969,0,0,0.4486883697902977,0,0,44427949,18558908
Spain,2022-01-15,62986857,62986857,0,https://www.mscbs.gob.es/gabinete/notasPrensa.do,44427888,18558969,0,0,0.4486883697902977,0,0,44427949,18558908
Spain,2022-01-16,62986857,62986857,0,https://www.mscbs.gob.es/gabinete/notasPrensa.do,44427888,18558969,0,0,0.4486883697902977,0,0,44427949,18558908
Spain,2022-01-17,62986857,62986857,0,https://www.mscbs.gob.es/gabinete/notasPrensa.do,44427888,18558969,0,0,0.4486883697902977,0,0,44427949,18558908
Spain,2022-01-18,62986857,62986857,0,https://www.mscbs.gob.es/gabinete/notasPrensa.do,44427888,18558969,0,0,0.4486883697902977,0,0,44427949,18558908
Spain,2022-01-19,62986857,62986857,0,https://www.mscbs.gob.es/gabinete/notasPrensa.do,44427888,18558969,0,0,0.4486883697902977,0,0,44427949,18558908
Spain,2022-01-20,62986857,62986857,0,https://www.mscbs.gob.es/gabinete/notasPrensa.do,44427888,18558969,0,0,0.4486883697902977,0,0,44427949,18558908
Spain,2022-01-21,62986857,62986857,0,https://www.mscbs.gob.es/gabinete/notasPrensa.do,44427888,18558969,0,0,0.4486883697902977,0,0,44427949,18558908
Spain,2022-01-22,62986857,62986857,0,https://www.mscbs.gob.es/gabinete/notasPrensa.do,44427888,18558969,0,0,0.4486883697902977,0,0,44427949,18558908
Spain,2022-01-23,62986857,62986857,0,https://www.mscbs.gob.es/gabinete/notasPrensa.do,44427888,18558969,0,0,0.4486883697902977,0,0,44427949,18558908
Spain,2022-01-24,62986857,62986857,0,https://www.mscbs.gob.es/gabinete/notasPrensa.do,44427888,18558969,0,0,0.4486883697902977,0,0,44427949,18558908
Spain,2022-01-25,62986857,62986857,0,https://www.mscbs.gob.es/gabinete/notasPrensa.do,44427888,18558969,0,0,0.4486883697902977,0,0,44427949,18558908
Spain,2022-01-26,62986857,62986857,0,https://www.mscbs.gob.es/gabinete/notasPrensa.do,44427888,18558969,0,0,0.4486883697902977,0,0,44427949,18558908
Spain,2022-01-27,62986857,62986857,0,https://www.mscbs.gob.es/gabinete/notasPrensa.do,44427888,18558969,0,0,0.4486883697902977,0,0,44427949,18558908
Spain,2022-01-28,62986857,62986857,0,https://www.mscbs.gob.es/gabinete/notasPrensa.do,44427888,18558969,0,0,0.4486883697902977,0,0,44427949,18558908
Spain,2022-01-29,62986857,62986857,0,https://www.mscbs.gob.es/gabinete/notasPrensa.do,44427888,18558969,0,0,0.4486883697902977,0,0,44427949,18558908
Spain,2022-01-30,62986857,62986857,0,https://www.mscbs.gob.es/gabinete/notasPrensa.do,44427888,18558969,0,0,0.4486883697902977,0,0,44427949,18558908
Spain,2022-01-31,62986857,62986857,0,https://www.mscbs.gob.es/gabinete/notasPrensa.do,44427888,18558969,0,0,0.4486883697902977,0,0,44427949,18558908
Spain,2022-02-01,62986857,62986857,0,https://www.mscbs.gob.es/gabinete/notasPrensa.do,44427888,18558969,0,0,0.4486883697902977,0,0,44427949,18558908
Spain,2022-02-02,62986857,62986857,0,https://www.mscbs.gob.es/gabinete/notasPrensa.do,44427888,18558969,0,0,0.4486883697902977,0,0,44427949,18558908
Spain,2022-02-03,62986857,62986857,0,https://www.mscbs.gob.es/gabinete/notasPrensa.do,44427888,18558969,0,0,0.4486883697902977,0,0,44427949,18558908
Spain,2022-02-04,62986857,62986857,0,https://www.mscbs.gob.es/gabinete/notasPrensa.do,44427888,18558969,0,0,0.4486883697902977,0,0,44427949,18558908
Spain,2022-02-05,62986857,62986857,0,https://www.mscbs.gob.es/gabinete/notasPrensa.do,44427888,18558969,0,0,0.4486883697902977,0,0,44427949,18558908
Spain,2022-02-06,62986857,62986857,0,https://www.mscbs.gob.es/gabinete/notasPrensa.do,44427888,18558969,0,0,0.4486883697902977,0,0,44427949,18558908
Spain,2022-02-07,62986857,62986857,0,https://www.mscbs.gob.es/gabinete/notasPrensa.do,44427888,18558969,0,0,0.4486883697902977,0,0,44427949,18558908
Switzerland,2021-03-23,5720475,5720475,31691,https://www.covid19.admin.ch/en/overview?ovTime=total,4808900,911575,17302,14389,0.4540405793442933,17302,14389,4808900,911575
Switzerland,2021-03-24,5765946,5765946,45471,https://www.covid19.admin.ch/en/overview?ovTime=total,4840971,924975,32071,13400,0.29469332101779155,32071,13400,4840971,924975
Switzerland,2021-03-25,5808823,5808823,42877,https://www.covid19.admin.ch/en/overview?ovTime=total,4870430,938393,29459,13418,0.3129416703594001,29459,13418,4870430,938393
Switzerland,2021-03-26,5851917,5851917,43094,https://www.covid19.admin.ch/en/overview?ovTime=total,4899229,952688,28799,14295,0.3317167123033369,28799,14295,4899229,952688
Switzerland,2021-03-27,5851917,5851917,0,https://www.covid19.admin.ch/en/overview?ovTime=total,4899229,952688,0,0,0.3317167123033369,0,0,4899229,952688
Switzerland,2021-03-28,5851917,5851917,0,https://www.covid19.admin.ch/en/overview?ovTime=total,4899229,952688,0,0,0.3317167123033369,0,0,4899229,952688
Switzerland,2021-03-29,5942810,5942810,90893,https://www.covid19.admin.ch/en/overview?ovTime=total,4958765,984045,59536,31357,0.344988062887131,59536,31357,4958765,984045
Switzerland,2021-03-30,5968525,5968525,25715,https://www.covid19.admin.ch/en/overview?ovTime=total,4970013,998512,11248,14467,0.5625899280575539,11248,14467,4970013,998512
Switzerland,2021-03-31,6012966,6012966,44441,https://www.covid19.admin.ch/en/overview?ovTime=total,5001104,1011862,31091,13350,0.3003982808667672,31091,13350,5001104,1011862
Switzerland,2021-04-01,6069595,6069595,56629,https://www.covid19.admin.ch/en/overview?ovTime=total,5040722,1028873,39618,17011,0.3003937911670699,39618,17011,5040722,1028873
Switzerland,2021-04-02,6126488,6126488,56893,https://www.covid19.admin.ch/en/overview?ovTime=total,5077299,1049189,36577,20316,0.3570913820680927,36577,20316,5077299,1049189
Switzerland,2021-04-03,6126488,6126488,0,https://www.covid19.admin.ch/en/overview?ovTime=total,5077299,1049189,0,0,0.3570913820680927,0,0,5077299,1049189
Switzerland,2021-04-04,6126488,6126488,0,https://www.covid19.admin.ch/en/overview?ovTime=total,5077299,1049189,0,0,0.3570913820680927,0,0,5077299,1049189
Switzerland,2021-04-05,6126488,6126488,0,https://www.covid19.admin.ch/en/overview?ovTime=total,5077299,1049189,0,0,0.3570913820680927,0,0,5077299,1049189
Switzerland,2021-04-06,6226564,6226564,100076,https://www.covid19.admin.ch/en/overview?ovTime=total,5139424,1087140,62125,37951,0.37922179143850676,62125,37951,5139424,1087140
Switzerland,2021-04-07,6260306,6260306,33742,https://www.covid19.admin.ch/en/overview?ovTime=total,5158523,1101783,19099,14643,0.43396953351905637,19099,14643,5158523,1101783
Switzerland,2021-04-08,6300365,6300365,40059,https://www.covid19.admin.ch/en/overview?ovTime=total,5186035,1114330,27512,12547,0.31321301080905667,27512,12547,5186035,1114330
Switzerland,2021-04-09,6339396,6339396,39031,https://www.covid19.admin.ch/en/overview?ovTime=total,5212732,1126664,26697,12334,0.3160052266147421,26697,12334,5212732,1126664
Switzerland,2021-04-10,6339396,6339396,0,https://www.covid19.admin.ch/en/overview?ovTime=total,5212732,1126664,0,0,0.3160052266147421,0,0,5212732,1126664
Switzerland,2021-04-11,6339396,6339396,0,https://www.covid19.admin.ch/en/overview?ovTime=total,5212732,1126664,0,0,0.3160052266147421,0,0,5212732,1126664
Switzerland,2021-04-12,6412371,6412371,72975,https://www.covid19.admin.ch/en/overview?ovTime=total,5264697,1147674,51965,21010,0.28790681740322027,51965,21010,5264697,1147674
Switzerland,2021-04-13,6437818,6437818,25447,https://www.covid19.admin.ch/en/overview?ovTime=total,5279756,1158062,15059,10388,0.40822100837033837,15059,10388,5279756,1158062
Switzerland,2021-04-14,6474822,6474822,37004,https://www.covid19.admin.ch/en/overview?ovTime=total,5307510,1167312,27754,9250,0.24997297589449788,27754,9250,5307510,1167312
Switzerland,2021-04-15,6505841,6505841,31019,https://www.covid19.admin.ch/en/overview?ovTime=total,5329794,1176047,22284,8735,0.2816015990199555,22284,8735,5329794,1176047
Switzerland,2021-04-16,6538153,6538153,32312,https://www.covid19.admin.ch/en/overview?ovTime=total,5353602,1184551,23808,8504,0.26318395642485765,23808,8504,5353602,1184551
Switzerland,2021-04-17,6538153,6538153,0,https://www.covid19.admin.ch/en/overview?ovTime=total,5353602,1184551,0,0,0.26318395642485765,0,0,5353602,1184551
Switzerland,2021-04-18,6538153,6538153,0,https://www.covid19.admin.ch/en/overview?ovTime=total,5353602,1184551,0,0,0.26318395642485765,0,0,5353602,1184551
Switzerland,2021-04-19,6609958,6609958,71805,https://www.covid19.admin.ch/en/overview?ovTime=total,5406498,1203460,52896,18909,0.26333820764570715,52896,18909,5406498,1203460
Switzerland,2021-04-20,6633770,6633770,23812,https://www.covid19.admin.ch/en/overview?ovTime=total,5420952,1212818,14454,9358,0.3929951285066353,14454,9358,5420952,1212818
Switzerland,2021-04-21,6663629,6663629,29859,https://www.covid19.admin.ch/en/overview?ovTime=total,5443440,1220189,22488,7371,0.24686024314277102,22488,7371,5443440,1220189
Switzerland,2021-04-22,6692508,6692508,28879,https://www.covid19.admin.ch/en/overview?ovTime=total,5464887,1227621,21447,7432,0.2573496312199176,21447,7432,5464887,1227621
Switzerland,2021-04-23,6723694,6723694,31186,https://www.covid19.admin.ch/en/overview?ovTime=total,5487857,1235837,22970,8216,0.2634515487718848,22970,8216,5487857,1235837
Switzerland,2021-04-24,6723694,6723694,0,https://www.covid19.admin.ch/en/overview?ovTime=total,5487857,1235837,0,0,0.2634515487718848,0,0,5487857,1235837
Switzerland,2021-04-25,6723694,6723694,0,https://www.covid19.admin.ch/en/overview?ovTime=total,5487857,1235837,0,0,0.2634515487718848,0,0,5487857,1235837
Switzerland,2021-04-26,6794311,6794311,70617,https://www.covid19.admin.ch/en/overview?ovTime=total,5540717,1253594,52860,17757,0.25145503207442965,52860,17757,5540717,1253594
Switzerland,2021-04-27,6818583,6818583,24272,https://www.covid19.admin.ch/en/overview?ovTime=total,5555757,1262826,15040,9232,0.3803559657218194,15040,9232,5555757,1262826
Switzerland,2021-04-28,6848517,6848517,29934,https://www.covid19.admin.ch/en/overview?ovTime=total,5578032,1270485,22275,7659,0.2558628983764281,22275,7659,5578032,1270485
Switzerland,2021-04-29,6878392,6878392,29875,https://www.covid19.admin.ch/en/overview?ovTime=total,5600472,1277920,22440,7435,0.24887029288702928,22440,7435,5600472,1277920
Switzerland,2021-04-30,6911371,6911371,32979,https://www.covid19.admin.ch/en/overview?ovTime=total,5625232,1286139,24760,8219,0.24921920009703144,24760,8219,5625232,1286139
Switzerland,2021-05-01,6911371,6911371,0,https://www.covid19.admin.ch/en/overview?ovTime=total,5625232,1286139,0,0,0.24921920009703144,0,0,5625232,1286139
Switzerland,2021-05-02,6911371,6911371,0,https://www.covid19.admin.ch/en/overview?ovTime=total,5625232,1286139,0,0,0.24921920009703144,0,0,5625232,1286139
Switzerland,2021-05-03,6978583,6978583,67212,https://www.covid19.admin.ch/en/overview?ovTime=total,5674650,1303933,49418,17794,0.2647443908825805,49418,17794,5674650,1303933
Switzerland,2021-05-04,7001299,7001299,22716,https://www.covid19.admin.ch/en/overview?ovTime=total,5688687,1312612,14037,8679,0.38206550449022714,14037,8679,5688687,1312612
Switzerland,2021-05-05,7029684,7029684,28385,https://www.covid19.admin.ch/en/overview?ovTime=total,5710443,1319241,21756,6629,0.23353884093711466,21756,6629,5710443,1319241
Switzerland,2021-05-06,7057364,7057364,27680,https://www.covid19.admin.ch/en/overview?ovTime=total,5731298,1326066,20855,6825,0.2465679190751445,20855,6825,5731298,1326066
Switzerland,2021-05-07,7088449,7088449,31085,https://www.covid19.admin.ch/en/overview?ovTime=total,5754515,1333934,23217,7868,0.25311243364967023,23217,7868,5754515,1333934
Switzerland,2021-05-08,7088449,7088449,0,https://www.covid19.admin.ch/en/overview?ovTime=total,5754515,1333934,0,0,0.25311243364967023,0,0,5754515,1333934
Switzerland,2021-05-09,7088449,7088449,0,https://www.covid19.admin.ch/en/overview?ovTime=total,5754515,1333934,0,0,0.25311243364967023,0,0,5754515,1333934
Switzerland,2021-05-10,7154659,7154659,66210,https://www.covid19.admin.ch/en/overview?ovTime=total,5803532,1351127,49017,17193,0.25967376529225195,49017,17193,5803532,1351127
Switzerland,2021-05-11,7179360,7179360,24701,https://www.covid19.admin.ch/en/overview?ovTime=total,5820019,1359341,16487,8214,0.3325371442451723,16487,8214,5820019,1359341
Switzerland,2021-05-12,7216520,7216520,37160,https://www.covid19.admin.ch/en/overview?ovTime=total,5848311,1368209,28292,8868,0.23864370290635092,28292,8868,5848311,1368209
Switzerland,2021-05-13,7216520,7216520,0,https://www.covid19.admin.ch/en/overview?ovTime=total,5848311,1368209,0,0,0.23864370290635092,0,0,5848311,1368209
Switzerland,2021-05-14,7273942,7273942,57422,https://www.covid19.admin.ch/en/overview?ovTime=total,5891014,1382928,42703,14719,0.25633032635575215,42703,14719,5891014,1382928
Switzerland,2021-05-15,7273942,7273942,0,https://www.covid19.admin.ch/en/overview?ovTime=total,5891014,1382928,0,0,0.25633032635575215,0,0,5891014,1382928
Switzerland,2021-05-16,7273942,7273942,0,https://www.covid19.admin.ch/en/overview?ovTime=total,5891014,1382928,0,0,0.25633032635575215,0,0,5891014,1382928
Switzerland,2021-05-17,7338506,7338506,64564,https://www.covid19.admin.ch/en/overview?ovTime=total,5936767,1401739,45753,18811,0.29135431509819715,45753,18811,5936767,1401739
Switzerland,2021-05-18,7360542,7360542,22036,https://www.covid19.admin.ch/en/overview?ovTime=total,5950290,1410252,13523,8513,0.38632238155745147,13523,8513,5950290,1410252
Switzerland,2021-05-19,7390415,7390415,29873,https://www.covid19.admin.ch/en/overview?ovTime=total,5972923,1417492,22633,7240,0.24235932112610048,22633,7240,5972923,1417492
Switzerland,2021-05-20,7421613,7421613,31198,https://www.covid19.admin.ch/en/overview?ovTime=total,5995772,1425841,22849,8349,0.2676133085454196,22849,8349,5995772,1425841
Switzerland,2021-05-21,7460843,7460843,39230,https://www.covid19.admin.ch/en/overview?ovTime=total,6022549,1438294,26777,12453,0.3174356359928626,26777,12453,6022549,1438294
Switzerland,2021-05-22,7460843,7460843,0,https://www.covid19.admin.ch/en/overview?ovTime=total,6022549,1438294,0,0,0.3174356359928626,0,0,6022549,1438294
Switzerland,2021-05-23,7460843,7460843,0,https://www.covid19.admin.ch/en/overview?ovTime=total,6022549,1438294,0,0,0.3174356359928626,0,0,6022549,1438294
Switzerland,2021-05-24,7460843,7460843,0,https://www.covid19.admin.ch/en/overview?ovTime=total,6022549,1438294,0,0,0.3174356359928626,0,0,6022549,1438294
Switzerland,2021-05-25,7549270,7549270,88427,https://www.covid19.admin.ch/en/overview?ovTime=total,6080470,1468800,57921,30506,0.34498512897644384,57921,30506,6080470,1468800
Switzerland,2021-05-26,7571745,7571745,22475,https://www.covid19.admin.ch/en/overview?ovTime=total,6095013,1476732,14543,7932,0.3529254727474972,14543,7932,6095013,1476732
Switzerland,2021-05-27,7600865,7600865,29120,https://www.covid19.admin.ch/en/overview?ovTime=total,6117070,1483795,22057,7063,0.24254807692307692,22057,7063,6117070,1483795
Switzerland,2021-05-28,7630534,7630534,29669,https://www.covid19.admin.ch/en/overview?ovTime=total,6138289,1492245,21219,8450,0.28480905996157607,21219,8450,6138289,1492245
Switzerland,2021-05-29,7630534,7630534,0,https://www.covid19.admin.ch/en/overview?ovTime=total,6138289,1492245,0,0,0.28480905996157607,0,0,6138289,1492245
Switzerland,2021-05-30,7630534,7630534,0,https://www.covid19.admin.ch/en/overview?ovTime=total,6138289,1492245,0,0,0.28480905996157607,0,0,6138289,1492245
Switzerland,2021-05-31,7692747,7692747,62213,https://www.covid19.admin.ch/en/overview?ovTime=total,6182011,1510736,43722,18491,0.2972208380885024,43722,18491,6182011,1510736
Switzerland,2021-06-01,7713814,7713814,21067,https://www.covid19.admin.ch/en/overview?ovTime=total,6195414,1518400,13403,7664,0.36379171215645323,13403,7664,6195414,1518400
Switzerland,2021-06-02,7741923,7741923,28109,https://www.covid19.admin.ch/en/overview?ovTime=total,6215287,1526636,19873,8236,0.2930022412750365,19873,8236,6215287,1526636
Switzerland,2021-06-03,7773369,7773369,31446,https://www.covid19.admin.ch/en/overview?ovTime=total,6236224,1537145,20937,10509,0.3341919481015073,20937,10509,6236224,1537145
Switzerland,2021-06-04,7799402,7799402,26033,https://www.covid19.admin.ch/en/overview?ovTime=total,6255357,1544045,19133,6900,0.26504820804363693,19133,6900,6255357,1544045
Switzerland,2021-06-05,7799402,7799402,0,https://www.covid19.admin.ch/en/overview?ovTime=total,6255357,1544045,0,0,0.26504820804363693,0,0,6255357,1544045
Switzerland,2021-06-06,7799402,7799402,0,https://www.covid19.admin.ch/en/overview?ovTime=total,6255357,1544045,0,0,0.26504820804363693,0,0,6255357,1544045
Switzerland,2021-06-07,7857449,7857449,58047,https://www.covid19.admin.ch/en/overview?ovTime=total,6294516,1562933,39159,18888,0.32539149310041865,39159,18888,6294516,1562933
Switzerland,2021-06-08,7875323,7875323,17874,https://www.covid19.admin.ch/en/overview?ovTime=total,6305261,1570062,10745,7129,0.39884748797135505,10745,7129,6305261,1570062
Switzerland,2021-06-09,7897523,7897523,22200,https://www.covid19.admin.ch/en/overview?ovTime=total,6321621,1575902,16360,5840,0.26306306306306304,16360,5840,6321621,1575902
Switzerland,2021-06-10,7919475,7919475,21952,https://www.covid19.admin.ch/en/overview?ovTime=total,6336863,1582612,15242,6710,0.30566690962099125,15242,6710,6336863,1582612
Switzerland,2021-06-11,7945174,7945174,25699,https://www.covid19.admin.ch/en/overview?ovTime=total,6353571,1591603,16708,8991,0.34985797112728123,16708,8991,6353571,1591603
Switzerland,2021-06-12,7945174,7945174,0,https://www.covid19.admin.ch/en/overview?ovTime=total,6353571,1591603,0,0,0.34985797112728123,0,0,6353571,1591603
Switzerland,2021-06-13,7945174,7945174,0,https://www.covid19.admin.ch/en/overview?ovTime=total,6353571,1591603,0,0,0.34985797112728123,0,0,6353571,1591603
Switzerland,2021-06-14,7999355,7999355,54181,https://www.covid19.admin.ch/en/overview?ovTime=total,6386579,1612776,33008,21173,0.39078274671932967,33008,21173,6386579,1612776
Switzerland,2021-06-15,8017244,8017244,17889,https://www.covid19.admin.ch/en/overview?ovTime=total,6396700,1620544,10121,7768,0.4342333277433059,10121,7768,6396700,1620544
Switzerland,2021-06-16,8037136,8037136,19892,https://www.covid19.admin.ch/en/overview?ovTime=total,6409590,1627546,12890,7002,0.35200080434345465,12890,7002,6409590,1627546
Switzerland,2021-06-17,8058247,8058247,21111,https://www.covid19.admin.ch/en/overview?ovTime=total,6423228,1635019,13638,7473,0.3539860736109137,13638,7473,6423228,1635019
Switzerland,2021-06-18,8084820,8084820,26573,https://www.covid19.admin.ch/en/overview?ovTime=total,6439056,1645764,15828,10745,0.40435780679637223,15828,10745,6439056,1645764
Switzerland,2021-06-19,8084820,8084820,0,https://www.covid19.admin.ch/en/overview?ovTime=total,6439056,1645764,0,0,0.40435780679637223,0,0,6439056,1645764
Switzerland,2021-06-20,8084820,8084820,0,https://www.covid19.admin.ch/en/overview?ovTime=total,6439056,1645764,0,0,0.40435780679637223,0,0,6439056,1645764
Switzerland,2021-06-21,8140729,8140729,55909,https://www.covid19.admin.ch/en/overview?ovTime=total,6468935,1671794,29879,26030,0.4655779928097444,29879,26030,6468935,1671794
Switzerland,2021-06-22,8157861,8157861,17132,https://www.covid19.admin.ch/en/overview?ovTime=total,6477420,1680441,8485,8647,0.5047279943964511,8485,8647,6477420,1680441
Switzerland,2021-06-23,8176521,8176521,18660,https://www.covid19.admin.ch/en/overview?ovTime=total,6488832,1687689,11412,7248,0.38842443729903536,11412,7248,6488832,1687689
Switzerland,2021-06-24,8196899,8196899,20378,https://www.covid19.admin.ch/en/overview?ovTime=total,6501185,1695714,12353,8025,0.39380704681519285,12353,8025,6501185,1695714
Switzerland,2021-06-25,8221551,8221551,24652,https://www.covid19.admin.ch/en/overview?ovTime=total,6514700,1706851,13515,11137,0.45176861917897126,13515,11137,6514700,1706851
Switzerland,2021-06-26,8221551,8221551,0,https://www.covid19.admin.ch/en/overview?ovTime=total,6514700,1706851,0,0,0.45176861917897126,0,0,6514700,1706851
Switzerland,2021-06-27,8221551,8221551,0,https://www.covid19.admin.ch/en/overview?ovTime=total,6514700,1706851,0,0,0.45176861917897126,0,0,6514700,1706851
Switzerland,2021-06-28,8273152,8273152,51601,https://www.covid19.admin.ch/en/overview?ovTime=total,6540466,1732686,25766,25835,0.5006685916939594,25766,25835,6540466,1732686
Switzerland,2021-06-29,8289363,8289363,16211,https://www.covid19.admin.ch/en/overview?ovTime=total,6548042,1741321,7576,8635,0.5326630066004565,7576,8635,6548042,1741321
Switzerland,2021-06-30,8306968,8306968,17605,https://www.covid19.admin.ch/en/overview?ovTime=total,6559180,1747788,11138,6467,0.3673388241976711,11138,6467,6559180,1747788
Switzerland,2021-07-01,8329750,8329750,22782,https://www.covid19.admin.ch/en/overview?ovTime=total,6571764,1757986,12584,10198,0.44763409709419716,12584,10198,6571764,1757986
Switzerland,2021-07-02,8359875,8359875,30125,https://www.covid19.admin.ch/en/overview?ovTime=total,6586554,1773321,14790,15335,0.509045643153527,14790,15335,6586554,1773321
Switzerland,2021-07-03,8359875,8359875,0,https://www.covid19.admin.ch/en/overview?ovTime=total,6586554,1773321,0,0,0.509045643153527,0,0,6586554,1773321
Switzerland,2021-07-04,8359875,8359875,0,https://www.covid19.admin.ch/en/overview?ovTime=total,6586554,1773321,0,0,0.509045643153527,0,0,6586554,1773321
Switzerland,2021-07-05,8437613,8437613,77738,https://www.covid19.admin.ch/en/overview?ovTime=total,6618543,1819070,31989,45749,0.5885024055159639,31989,45749,6618543,1819070
Switzerland,2021-07-06,8459588,8459588,21975,https://www.covid19.admin.ch/en/overview?ovTime=total,6628833,1830755,10290,11685,0.531740614334471,10290,11685,6628833,1830755
Switzerland,2021-07-07,8482848,8482848,23260,https://www.covid19.admin.ch/en/overview?ovTime=total,6640263,1842585,11430,11830,0.5085984522785899,11430,11830,6640263,1842585
Switzerland,2021-07-08,8506560,8506560,23712,https://www.covid19.admin.ch/en/overview?ovTime=total,6652049,1854511,11786,11926,0.5029520917678812,11786,11926,6652049,1854511
Switzerland,2021-07-09,8540340,8540340,33780,https://www.covid19.admin.ch/en/overview?ovTime=total,6667474,1872866,15425,18355,0.5433688573120189,15425,18355,6667474,1872866
Switzerland,2021-07-10,8540340,8540340,0,https://www.covid19.admin.ch/en/overview?ovTime=total,6667474,1872866,0,0,0.5433688573120189,0,0,6667474,1872866
Switzerland,2021-07-11,8540340,8540340,0,https://www.covid19.admin.ch/en/overview?ovTime=total,6667474,1872866,0,0,0.5433688573120189,0,0,6667474,1872866
Switzerland,2021-07-12,8627251,8627251,86911,https://www.covid19.admin.ch/en/overview?ovTime=total,6699223,1928028,31749,55162,0.6346952629701649,31749,55162,6699223,1928028
Switzerland,2021-07-13,8649527,8649527,22276,https://www.covid19.admin.ch/en/overview?ovTime=total,6708106,1941421,8883,13393,0.6012300233435087,8883,13393,6708106,1941421
Switzerland,2021-07-14,8671394,8671394,21867,https://www.covid19.admin.ch/en/overview?ovTime=total,6719483,1951911,11377,10490,0.4797182969771802,11377,10490,6719483,1951911
Switzerland,2021-07-15,8698651,8698651,27257,https://www.covid19.admin.ch/en/overview?ovTime=total,6732723,1965928,13240,14017,0.5142532193564956,13240,14017,6732723,1965928
Switzerland,2021-07-16,8698651,8698651,0,https://www.covid19.admin.ch/en/overview?ovTime=total,6732723,1965928,0,0,0.5142532193564956,0,0,6732723,1965928
Switzerland,2021-07-17,8698651,8698651,0,https://www.covid19.admin.ch/en/overview?ovTime=total,6732723,1965928,0,0,0.5142532193564956,0,0,6732723,1965928
Switzerland,2021-07-18,8698651,8698651,0,https://www.covid19.admin.ch/en/overview?ovTime=total,6732723,1965928,0,0,0.5142532193564956,0,0,6732723,1965928
Switzerland,2021-07-19,8815269,8815269,116618,https://www.covid19.admin.ch/en/overview?ovTime=total,6782469,2032800,49746,66872,0.5734277727280522,49746,66872,6782469,2032800
Switzerland,2021-07-20,8834114,8834114,18845,https://www.covid19.admin.ch/en/overview?ovTime=total,6791295,2042819,8826,10019,0.5316529583443884,8826,10019,6791295,2042819
Switzerland,2021-07-21,8853812,8853812,19698,https://www.covid19.admin.ch/en/overview?ovTime=total,6803193,2050619,11898,7800,0.395979287237283,11898,7800,6803193,2050619
Switzerland,2021-07-22,8853812,8853812,0,https://www.covid19.admin.ch/en/overview?ovTime=total,6803193,2050619,0,0,0.395979287237283,0,0,6803193,2050619
Switzerland,2021-07-23,8853812,8853812,0,https://www.covid19.admin.ch/en/overview?ovTime=total,6803193,2050619,0,0,0.395979287237283,0,0,6803193,2050619
Switzerland,2021-07-24,8853812,8853812,0,https://www.covid19.admin.ch/en/overview?ovTime=total,6803193,2050619,0,0,0.395979287237283,0,0,6803193,2050619
Switzerland,2021-07-25,8853812,8853812,0,https://www.covid19.admin.ch/en/overview?ovTime=total,6803193,2050619,0,0,0.395979287237283,0,0,6803193,2050619
Switzerland,2021-07-26,8974547,8974547,120735,https://www.covid19.admin.ch/en/overview?ovTime=total,6860137,2114410,56944,63791,0.5283554892947364,56944,63791,6860137,2114410
Switzerland,2021-07-27,8974547,8974547,0,https://www.covid19.admin.ch/en/overview?ovTime=total,6860137,2114410,0,0,0.5283554892947364,0,0,6860137,2114410
Switzerland,2021-07-28,8974547,8974547,0,https://www.covid19.admin.ch/en/overview?ovTime=total,6880420,2131782,20283,17372,0.4613464347364228,0,0,6860137,2114410
Switzerland,2021-07-29,8974547,8974547,0,https://www.covid19.admin.ch/en/overview?ovTime=total,6880420,2131782,0,0,0.4613464347364228,0,0,6860137,2114410
Switzerland,2021-07-30,8974547,8974547,0,https://www.covid19.admin.ch/en/overview?ovTime=total,6880420,2131782,0,0,0.4613464347364228,0,0,6860137,2114410
Switzerland,2021-07-31,8974547,8974547,0,https://www.covid19.admin.ch/en/overview?ovTime=total,6880420,2131782,0,0,0.4613464347364228,0,0,6860137,2114410
Switzerland,2021-08-01,9053135,9053135,78588,https://www.covid19.admin.ch/en/overview?ovTime=total,6903729,2149406,23309,17624,0.43055725209488677,44751,33837,6904888,2148247
Switzerland,2021-08-02,9116277,9116277,63142,https://www.covid19.admin.ch/en/overview?ovTime=total,6930454,2185823,26725,36417,0.5767476481581197,26725,36417,6931613,2184664
Switzerland,2021-08-03,9133234,9133234,16957,https://www.covid19.admin.ch/en/overview?ovTime=total,6939172,2194062,8718,8239,0.4858760393937607,8718,8239,6940331,2192903
Switzerland,2021-08-04,9154658,9154658,21424,https://www.covid19.admin.ch/en/overview?ovTime=total,6951296,2203362,12124,9300,0.43409260642270353,12124,9300,6952455,2202203
Switzerland,2021-08-05,9154658,9154658,0,https://www.covid19.admin.ch/en/overview?ovTime=total,6951296,2203362,0,0,0.43409260642270353,0,0,6952455,2202203
Switzerland,2021-08-06,9154658,9154658,0,https://www.covid19.admin.ch/en/overview?ovTime=total,6951296,2203362,0,0,0.43409260642270353,0,0,6952455,2202203
Switzerland,2021-08-07,9154658,9154658,0,https://www.covid19.admin.ch/en/overview?ovTime=total,6951296,2203362,0,0,0.43409260642270353,0,0,6952455,2202203
Switzerland,2021-08-08,9154658,9154658,0,https://www.covid19.admin.ch/en/overview?ovTime=total,6951296,2203362,0,0,0.43409260642270353,0,0,6952455,2202203
Switzerland,2021-08-09,9250039,9250039,95381,https://www.covid19.admin.ch/en/overview?ovTime=total,6999177,2250862,47881,47500,0.4980027468783091,47881,47500,7000336,2249703
Switzerland,2021-08-10,9250039,9250039,0,https://www.covid19.admin.ch/en/overview?ovTime=total,6999177,2250862,0,0,0.4980027468783091,0,0,7000336,2249703
Switzerland,2021-08-11,9250039,9250039,0,https://www.covid19.admin.ch/en/overview?ovTime=total,6999177,2250862,0,0,0.4980027468783091,0,0,7000336,2249703
Switzerland,2021-08-12,9250039,9250039,0,https://www.covid19.admin.ch/en/overview?ovTime=total,6999177,2250862,0,0,0.4980027468783091,0,0,7000336,2249703
Switzerland,2021-08-13,9250039,9250039,0,https://www.covid19.admin.ch/en/overview?ovTime=total,6999177,2250862,0,0,0.4980027468783091,0,0,7000336,2249703
Switzerland,2021-08-14,9250039,9250039,0,https://www.covid19.admin.ch/en/overview?ovTime=total,6999177,2250862,0,0,0.4980027468783091,0,0,7000336,2249703
Switzerland,2021-08-15,9250039,9250039,0,https://www.covid19.admin.ch/en/overview?ovTime=total,6999177,2250862,0,0,0.4980027468783091,0,0,7000336,2249703
Switzerland,2021-08-16,9389616,9389616,139577,https://www.covid19.admin.ch/en/overview?ovTime=total,7074877,2314739,75700,63877,0.45764703353704406,75700,63877,7076036,2313580
Switzerland,2021-08-17,9389616,9389616,0,https://www.covid19.admin.ch/en/overview?ovTime=total,7074877,2314739,0,0,0.45764703353704406,0,0,7076036,2313580
Switzerland,2021-08-18,9389616,9389616,0,https://www.covid19.admin.ch/en/overview?ovTime=total,7074877,2314739,0,0,0.45764703353704406,0,0,7076036,2313580
Switzerland,2021-08-19,9389616,9389616,0,https://www.covid19.admin.ch/en/overview?ovTime=total,7074877,2314739,0,0,0.45764703353704406,0,0,7076036,2313580
Switzerland,2021-08-20,9481152,9481152,91536,https://www.covid19.admin.ch/en/overview?ovTime=total,7134387,2346765,59510,32026,0.3498732739031638,59510,32026,7135546,2345606
Switzerland,2021-08-21,9481152,9481152,0,https://www.covid19.admin.ch/en/overview?ovTime=total,7134387,2346765,0,0,0.3498732739031638,0,0,7135546,2345606
Switzerland,2021-08-22,9481152,9481152,0,https://www.covid19.admin.ch/en/overview?ovTime=total,7134387,2346765,0,0,0.3498732739031638,0,0,7135546,2345606
Switzerland,2021-08-23,9550767,9550767,69615,https://www.covid19.admin.ch/en/overview?ovTime=total,7170813,2379954,36426,33189,0.47675070028011207,36426,33189,7171972,2378795
Switzerland,2021-08-24,9573683,9573683,22916,https://www.covid19.admin.ch/en/overview?ovTime=total,7183636,2390047,12823,10093,0.440434630825624,12823,10093,7184795,2388888
Switzerland,2021-08-25,9600327,9600327,26644,https://www.covid19.admin.ch/en/overview?ovTime=total,7202817,2397510,19181,7463,0.280100585497673,19181,7463,7203976,2396351
Switzerland,2021-08-26,9627169,9627169,26842,https://www.covid19.admin.ch/en/overview?ovTime=total,7221517,2405652,18700,8142,0.30333060129647565,18700,8142,7222676,2404493
Switzerland,2021-08-27,9658850,9658850,31681,https://www.covid19.admin.ch/en/overview?ovTime=total,7242779,2416071,21262,10419,0.3288721946908241,21262,10419,7243938,2414912
Switzerland,2021-08-28,9658850,9658850,0,https://www.covid19.admin.ch/en/overview?ovTime=total,7242779,2416071,0,0,0.3288721946908241,0,0,7243938,2414912
Switzerland,2021-08-29,9658850,9658850,0,https://www.covid19.admin.ch/en/overview?ovTime=total,7242779,2416071,0,0,0.3288721946908241,0,0,7243938,2414912
Switzerland,2021-08-30,9741146,9741146,82296,https://www.covid19.admin.ch/en/overview?ovTime=total,7287117,2454029,44338,37958,0.46123748420336347,44338,37958,7288276,2452870
Switzerland,2021-08-31,9741146,9741146,0,https://www.covid19.admin.ch/en/overview?ovTime=total,7287117,2454029,0,0,0.46123748420336347,0,0,7288276,2452870
Switzerland,2021-09-01,9799734,9799734,58588,https://www.covid19.admin.ch/en/overview?ovTime=total,7325814,2473920,38697,19891,0.3395063835597733,38697,19891,7326973,2472761
Switzerland,2021-09-02,9830067,9830067,30333,https://www.covid19.admin.ch/en/overview?ovTime=total,7347142,2482925,21328,9005,0.29687139419114494,21328,9005,7348301,2481766
Switzerland,2021-09-03,9865479,9865479,35412,https://www.covid19.admin.ch/en/overview?ovTime=total,7371053,2494426,23911,11501,0.32477691178131707,23911,11501,7372212,2493267
Switzerland,2021-09-04,9865479,9865479,0,https://www.covid19.admin.ch/en/overview?ovTime=total,7371053,2494426,0,0,0.32477691178131707,0,0,7372212,2493267
Switzerland,2021-09-05,9865479,9865479,0,https://www.covid19.admin.ch/en/overview?ovTime=total,7371053,2494426,0,0,0.32477691178131707,0,0,7372212,2493267
Switzerland,2021-09-06,9965331,9965331,99852,https://www.covid19.admin.ch/en/overview?ovTime=total,7422355,2542976,51302,48550,0.48621960501542283,51302,48550,7423514,2541817
Switzerland,2021-09-07,9994716,9994716,29385,https://www.covid19.admin.ch/en/overview?ovTime=total,7439144,2555572,16789,12596,0.4286540752084397,16789,12596,7440303,2554413
Switzerland,2021-09-08,9994716,9994716,0,https://www.covid19.admin.ch/en/overview?ovTime=total,7439144,2555572,0,0,0.4286540752084397,0,0,7440303,2554413
Switzerland,2021-09-09,9994716,9994716,0,https://www.covid19.admin.ch/en/overview?ovTime=total,7439144,2555572,0,0,0.4286540752084397,0,0,7440303,2554413
Switzerland,2021-09-10,10029506,10029506,34790,https://www.covid19.admin.ch/en/overview?ovTime=total,7464590,2564916,25446,9344,0.2685829261281978,25446,9344,7465749,2563757
Switzerland,2021-09-11,10103448,10103448,73942,https://www.covid19.admin.ch/en/overview?ovTime=total,7515707,2587741,51117,22825,0.30868789050877715,51117,22825,7516866,2586582
Switzerland,2021-09-12,10103448,10103448,0,https://www.covid19.admin.ch/en/overview?ovTime=total,7515707,2587741,0,0,0.30868789050877715,0,0,7516866,2586582
Switzerland,2021-09-13,10200523,10200523,97075,https://www.covid19.admin.ch/en/overview?ovTime=total,7439144,2555572,-76563,-32169,0.295855865798477,68355,28720,7585221,2615302
Switzerland,2021-09-14,10234565,10234565,34042,https://www.covid19.admin.ch/en/overview?ovTime=total,7585215,2649350,146071,93778,0.3909876630713491,20732,13310,7605953,2628612
Switzerland,2021-09-15,10275943,10275943,41378,https://www.covid19.admin.ch/en/overview?ovTime=total,7610950,2664993,25735,15643,0.37805113828604575,25735,15643,7631688,2644255
Switzerland,2021-09-16,10315436,10315436,39493,https://www.covid19.admin.ch/en/overview?ovTime=total,7635127,2680309,24177,15316,0.38781556225153824,24177,15316,7655865,2659571
Switzerland,2021-09-17,10360119,10360119,44683,https://www.covid19.admin.ch/en/overview?ovTime=total,7659861,2700258,24734,19949,0.44645614663294764,24734,19949,7680599,2679520
Switzerland,2021-09-18,10360119,10360119,0,https://www.covid19.admin.ch/en/overview?ovTime=total,7659861,2700258,0,0,0.44645614663294764,0,0,7680599,2679520
Switzerland,2021-09-19,10360119,10360119,0,https://www.covid19.admin.ch/en/overview?ovTime=total,7659861,2700258,0,0,0.44645614663294764,0,0,7680599,2679520
Switzerland,2021-09-20,10360119,10360119,0,https://www.covid19.admin.ch/en/overview?ovTime=total,7659861,2700258,0,0,0.44645614663294764,0,0,7680599,2679520
Switzerland,2021-09-21,10360119,10360119,0,https://www.covid19.admin.ch/en/overview?ovTime=total,7659861,2700258,0,0,0.44645614663294764,0,0,7680599,2679520
Switzerland,2021-09-22,10500999,10500999,140880,https://www.covid19.admin.ch/en/overview?ovTime=total,7723814,2777185,63953,76927,0.5460462805224304,63953,76927,7744552,2756447
Switzerland,2021-09-23,10577644,10577644,76645,https://www.covid19.admin.ch/en/overview?ovTime=total,7659861,2700258,-63953,-76927,0.5460462805224304,34793,41852,7779345,2798299
Switzerland,2021-09-24,10616632,10616632,38988,https://www.covid19.admin.ch/en/overview?ovTime=total,7789240,2827392,129379,127134,0.49562400346181285,19665,19323,7799010,2817622
Switzerland,2021-09-25,10616632,10616632,0,https://www.covid19.admin.ch/en/overview?ovTime=total,7789240,2827392,0,0,0.49562400346181285,0,0,7799010,2817622
Switzerland,2021-09-26,10616632,10616632,0,https://www.covid19.admin.ch/en/overview?ovTime=total,7789240,2827392,0,0,0.49562400346181285,0,0,7799010,2817622
Switzerland,2021-09-27,10616632,10616632,0,https://www.covid19.admin.ch/en/overview?ovTime=total,7789240,2827392,0,0,0.49562400346181285,0,0,7799010,2817622
Switzerland,2021-09-28,10759554,10759554,142922,https://www.covid19.admin.ch/en/overview?ovTime=total,7851057,2908497,61817,81105,0.5674773652761647,61817,81105,7860827,2898727
Switzerland,2021-09-29,10796404,10796404,36850,https://www.covid19.admin.ch/en/overview?ovTime=total,7871349,2925055,20292,16558,0.4493351424694708,20292,16558,7881119,2915285
Switzerland,2021-09-30,10832621,10832621,36217,https://www.covid19.admin.ch/en/overview?ovTime=total,7891316,2941305,19967,16250,0.44868431951845816,19967,16250,7901086,2931535
Switzerland,2021-10-01,10876699,10876699,44078,https://www.covid19.admin.ch/en/overview?ovTime=total,7914423,2962276,23107,20971,0.4757702255093244,23107,20971,7924193,2952506
Switzerland,2021-10-02,10832621,10876699,0,https://www.covid19.admin.ch/en/overview?ovTime=total,7891316,2941305,-23107,-20971,0.4757702255093244,0,0,7924193,2952506
Switzerland,2021-10-03,10876699,10876699,0,https://www.covid19.admin.ch/en/overview?ovTime=total,7914423,2962276,23107,20971,0.4757702255093244,0,0,7924193,2952506
Switzerland,2021-10-04,10876699,10876699,0,https://www.covid19.admin.ch/en/overview?ovTime=total,7914423,2962276,0,0,0.4757702255093244,0,0,7924193,2952506
Switzerland,2021-10-05,11011222,11011222,134523,https://www.covid19.admin.ch/en/overview?ovTime=total,7972292,3038930,57869,76654,0.5698207741427117,57869,76654,7982062,3029160
Switzerland,2021-10-06,11043823,11043823,32601,https://www.covid19.admin.ch/en/overview?ovTime=total,7990518,3053305,18226,14375,0.4409373945584491,18226,14375,8000288,3043535
Switzerland,2021-10-07,11076492,11076492,32669,https://www.covid19.admin.ch/en/overview?ovTime=total,8008396,3068096,17878,14791,0.4527533747589458,17878,14791,8018166,3058326
Switzerland,2021-10-08,11112913,11112913,36421,https://www.covid19.admin.ch/en/overview?ovTime=total,8027585,3085328,19189,17232,0.47313363169599953,19189,17232,8037355,3075558
Switzerland,2021-10-09,11112913,11112913,0,https://www.covid19.admin.ch/en/overview?ovTime=total,8027585,3085328,0,0,0.47313363169599953,0,0,8037355,3075558
Switzerland,2021-10-10,11112913,11112913,0,https://www.covid19.admin.ch/en/overview?ovTime=total,8027585,3085328,0,0,0.47313363169599953,0,0,8037355,3075558
Switzerland,2021-10-11,11112913,11112913,0,https://www.covid19.admin.ch/en/overview?ovTime=total,8065305,3146858,37720,61530,0.6199496221662468,0,0,8037355,3075558
Switzerland,2021-10-12,11112913,11112913,0,https://www.covid19.admin.ch/en/overview?ovTime=total,8027585,3085328,-37720,-61530,0.6199496221662468,0,0,8037355,3075558
Switzerland,2021-10-13,11112913,11112913,0,https://www.covid19.admin.ch/en/overview?ovTime=total,8027585,3085328,0,0,0.6199496221662468,0,0,8037355,3075558
Switzerland,2021-10-14,11286658,11286658,173745,https://www.covid19.admin.ch/en/overview?ovTime=total,8112825,3173833,85240,88505,0.5093959538403983,85240,88505,8122595,3164063
Switzerland,2021-10-15,11286658,11286658,0,https://www.covid19.admin.ch/en/overview?ovTime=total,8112825,3173833,0,0,0.5093959538403983,0,0,8122595,3164063
Switzerland,2021-10-16,11286658,11286658,0,https://www.covid19.admin.ch/en/overview?ovTime=total,8112825,3173833,0,0,0.5093959538403983,0,0,8122595,3164063
Switzerland,2021-10-17,11286658,11286658,0,https://www.covid19.admin.ch/en/overview?ovTime=total,8112825,3173833,0,0,0.5093959538403983,0,0,8122595,3164063
Switzerland,2021-10-18,11377331,11377331,90673,https://www.covid19.admin.ch/en/overview?ovTime=total,8166940,3210391,54115,36558,0.4031850716310258,54115,36558,8176710,3200621
Switzerland,2021-10-19,11400594,11400594,23263,https://www.covid19.admin.ch/en/overview?ovTime=total,8181051,3219543,14111,9152,0.39341443493960365,14111,9152,8190821,3209773
Switzerland,2021-10-20,11400594,11400594,0,https://www.covid19.admin.ch/en/overview?ovTime=total,8181051,3219543,0,0,0.39341443493960365,0,0,8190821,3209773
Switzerland,2021-10-21,11452601,11452601,52007,https://www.covid19.admin.ch/en/overview?ovTime=total,8217719,3234882,36668,15339,0.29494106562578115,36668,15339,8227489,3225112
Switzerland,2021-10-22,11479392,11479392,26791,https://www.covid19.admin.ch/en/overview?ovTime=total,8235921,3243471,18202,8589,0.32059273636669033,18202,8589,8245691,3233701
Switzerland,2021-10-23,11479392,11479392,0,https://www.covid19.admin.ch/en/overview?ovTime=total,8235921,3243471,0,0,0.32059273636669033,0,0,8245691,3233701
Switzerland,2021-10-24,11479392,11479392,0,https://www.covid19.admin.ch/en/overview?ovTime=total,8235921,3243471,0,0,0.32059273636669033,0,0,8245691,3233701
Switzerland,2021-10-25,11479392,11479392,0,https://www.covid19.admin.ch/en/overview?ovTime=total,8235921,3243471,0,0,0.32059273636669033,0,0,8245691,3233701
Switzerland,2021-10-26,11566572,11566572,87180,https://www.covid19.admin.ch/en/overview?ovTime=total,8287966,3278606,52045,35135,0.403016746960312,52045,35135,8297736,3268836
Switzerland,2021-10-27,11594561,11594561,27989,https://www.covid19.admin.ch/en/overview?ovTime=total,8308703,3285858,20737,7252,0.25910178998892425,20737,7252,8318473,3276088
Switzerland,2021-10-28,11594561,11594561,0,https://www.covid19.admin.ch/en/overview?ovTime=total,8308703,3285858,0,0,0.25910178998892425,0,0,8318473,3276088
Switzerland,2021-10-29,11594561,11594561,0,https://www.covid19.admin.ch/en/overview?ovTime=total,8308703,3285858,0,0,0.25910178998892425,0,0,8318473,3276088
Switzerland,2021-10-30,11594561,11594561,0,https://www.covid19.admin.ch/en/overview?ovTime=total,8308703,3285858,0,0,0.25910178998892425,0,0,8318473,3276088
Switzerland,2021-10-31,11594561,11594561,0,https://www.covid19.admin.ch/en/overview?ovTime=total,8308703,3285858,0,0,0.25910178998892425,0,0,8318473,3276088
Switzerland,2021-11-01,11594561,11594561,0,https://www.covid19.admin.ch/en/overview?ovTime=total,8308703,3285858,0,0,0.25910178998892425,0,0,8318473,3276088
Switzerland,2021-11-02,11594561,11594561,0,https://www.covid19.admin.ch/en/overview?ovTime=total,8308703,3285858,0,0,0.25910178998892425,0,0,8318473,3276088
Switzerland,2021-11-03,11594561,11594561,0,https://www.covid19.admin.ch/en/overview?ovTime=total,8308703,3285858,0,0,0.25910178998892425,0,0,8318473,3276088
Switzerland,2021-11-04,11594561,11594561,0,https://www.covid19.admin.ch/en/overview?ovTime=total,8308703,3285858,0,0,0.25910178998892425,0,0,8318473,3276088
Switzerland,2021-11-05,11594561,11594561,0,https://www.covid19.admin.ch/en/overview?ovTime=total,8308703,3285858,0,0,0.25910178998892425,0,0,8318473,3276088
Switzerland,2021-11-06,11834947,11834947,240386,https://www.covid19.admin.ch/en/overview?ovTime=total,8474981,3359966,166278,74108,0.30828750426397544,166278,74108,8484751,3350196
Switzerland,2021-11-07,11834947,11834947,0,https://www.covid19.admin.ch/en/overview?ovTime=total,8308703,3285858,-166278,-74108,0.30828750426397544,0,0,8484751,3350196
Switzerland,2021-11-08,11834947,11834947,0,https://www.covid19.admin.ch/en/overview?ovTime=total,8308703,3285858,0,0,0.30828750426397544,0,0,8484751,3350196
Switzerland,2021-11-09,11834947,11834947,0,https://www.covid19.admin.ch/en/overview?ovTime=total,8308703,3285858,0,0,0.30828750426397544,0,0,8484751,3350196
Switzerland,2021-11-10,11944795,11944795,109848,https://www.covid19.admin.ch/en/overview?ovTime=total,8548640,3396155,239937,110297,0.31492373670174795,75254,34594,8560005,3384790
Switzerland,2021-11-11,12020753,12020753,75958,https://www.covid19.admin.ch/en/overview?ovTime=total,8609342,3411411,60702,15256,0.20084783696253192,60702,15256,8620707,3400046
Switzerland,2021-11-12,12020753,12020753,0,https://www.covid19.admin.ch/en/overview?ovTime=total,8609342,3411411,0,0,0.20084783696253192,0,0,8620707,3400046
Switzerland,2021-11-13,12020753,12020753,0,https://www.covid19.admin.ch/en/overview?ovTime=total,8609342,3411411,0,0,0.20084783696253192,0,0,8620707,3400046
Switzerland,2021-11-14,12020753,12020753,0,https://www.covid19.admin.ch/en/overview?ovTime=total,8609342,3411411,0,0,0.20084783696253192,0,0,8620707,3400046
Switzerland,2021-11-15,12165966,12165966,145213,https://www.covid19.admin.ch/en/overview?ovTime=total,8708069,3457897,98727,46486,0.32012285401444773,98727,46486,8719434,3446532
Switzerland,2021-11-16,12199175,12199175,33209,https://www.covid19.admin.ch/en/overview?ovTime=total,8731430,3467745,23361,9848,0.29654611701647143,23361,9848,8742795,3456380
Switzerland,2021-11-17,12199175,12199175,0,https://www.covid19.admin.ch/en/overview?ovTime=total,8731430,3467745,0,0,0.29654611701647143,0,0,8742795,3456380
Switzerland,2021-11-18,12290429,12290429,91254,https://www.covid19.admin.ch/en/overview?ovTime=total,8805011,3485418,73581,17673,0.1936682227628378,73581,17673,8816376,3474053
Switzerland,2021-11-19,12290429,12290429,0,https://www.covid19.admin.ch/en/overview?ovTime=total,8708069,3457897,-96942,-27521,0.22111792259547014,0,0,8816376,3474053
Switzerland,2021-11-20,12339927,12339927,49498,https://www.covid19.admin.ch/en/overview?ovTime=total,8844482,3495445,136413,37548,0.21584148171141807,38814,10684,8855190,3484737
Switzerland,2021-11-21,12339927,12339927,0,https://www.covid19.admin.ch/en/overview?ovTime=total,8844482,3495445,0,0,0.21584148171141807,0,0,8855190,3484737
Switzerland,2021-11-22,12452736,12452736,112809,https://www.covid19.admin.ch/en/overview?ovTime=total,8928449,3524287,83967,28842,0.2556710900726006,83967,28842,8939157,3513579
Switzerland,2021-11-23,12493575,12493575,40839,https://www.covid19.admin.ch/en/overview?ovTime=total,8957861,3535714,29412,11427,0.27980606772937633,29412,11427,8968569,3525006
Switzerland,2021-11-24,12549728,12549728,56153,https://www.covid19.admin.ch/en/overview?ovTime=total,9004089,3545639,46228,9925,0.1767492386871583,46228,9925,9014797,3534931
Switzerland,2021-11-25,12606080,12606080,56352,https://www.covid19.admin.ch/en/overview?ovTime=total,9050039,3556041,45950,10402,0.18458972174900626,45950,10402,9060747,3545333
Switzerland,2021-11-26,12606080,12606080,0,https://www.covid19.admin.ch/en/overview?ovTime=total,9050039,3556041,0,0,0.18458972174900626,0,0,9060747,3545333
Switzerland,2021-11-27,12606080,12606080,0,https://www.covid19.admin.ch/en/overview?ovTime=total,9050039,3556041,0,0,0.18458972174900626,0,0,9060747,3545333
Switzerland,2021-11-28,12664276,12664276,58196,https://www.covid19.admin.ch/en/overview?ovTime=total,9096985,3567291,46946,11250,0.19331225513781017,46946,11250,9107693,3556583
Switzerland,2021-11-29,12798899,12798899,134623,https://www.covid19.admin.ch/en/overview?ovTime=total,9200048,3598851,103063,31560,0.2344324521069951,103063,31560,9210756,3588143
Switzerland,2021-11-30,12798899,12798899,0,https://www.covid19.admin.ch/en/overview?ovTime=total,9200048,3598851,0,0,0.2344324521069951,0,0,9210756,3588143
Switzerland,2021-12-01,12917470,12917470,118571,https://www.covid19.admin.ch/en/overview?ovTime=total,9294796,3622674,94748,23823,0.20091759367804943,94748,23823,9305504,3611966
Switzerland,2021-12-02,12981167,12981167,63697,https://www.covid19.admin.ch/en/overview?ovTime=total,9347592,3633575,52796,10901,0.17113835816443473,52796,10901,9358300,3622867
Switzerland,2021-12-03,12981167,12981167,0,https://www.covid19.admin.ch/en/overview?ovTime=total,9347592,3633575,0,0,0.17113835816443473,0,0,9358300,3622867
Switzerland,2021-12-04,13046527,13046527,65360,https://www.covid19.admin.ch/en/overview?ovTime=total,9400965,3645562,53373,11987,0.18339963280293758,53373,11987,9411673,3634854
Switzerland,2021-12-05,13046527,13046527,0,https://www.covid19.admin.ch/en/overview?ovTime=total,9400965,3645562,0,0,0.18339963280293758,0,0,9411673,3634854
Switzerland,2021-12-06,13205749,13205749,159222,https://www.covid19.admin.ch/en/overview?ovTime=total,9527782,3677967,126817,32405,0.20352087023150067,126817,32405,9538490,3667259
Switzerland,2021-12-07,13265137,13265137,59388,https://www.covid19.admin.ch/en/overview?ovTime=total,9572859,3692278,45077,14311,0.24097460766484813,45077,14311,9583567,3681570
Switzerland,2021-12-08,13265137,13265137,0,https://www.covid19.admin.ch/en/overview?ovTime=total,9572859,3692278,0,0,0.24097460766484813,0,0,9583567,3681570
Switzerland,2021-12-09,13413422,13413422,148285,https://www.covid19.admin.ch/en/overview?ovTime=total,9696445,3716977,123586,24699,0.16656438614829552,123586,24699,9707153,3706269
Switzerland,2021-12-10,13482379,13482379,68957,https://www.covid19.admin.ch/en/overview?ovTime=total,9751381,3730998,54936,14021,0.20332961120698406,54936,14021,9762089,3720290
Switzerland,2021-12-11,13482379,13482379,0,https://www.covid19.admin.ch/en/overview?ovTime=total,9751381,3730998,0,0,0.20332961120698406,0,0,9762089,3720290
Switzerland,2021-12-12,13482379,13482379,0,https://www.covid19.admin.ch/en/overview?ovTime=total,9751381,3730998,0,0,0.20332961120698406,0,0,9762089,3720290
Switzerland,2021-12-13,13482379,13482379,0,https://www.covid19.admin.ch/en/overview?ovTime=total,9751381,3730998,0,0,0.20332961120698406,0,0,9762089,3720290
Switzerland,2021-12-14,13690087,13690087,207708,https://www.covid19.admin.ch/en/overview?ovTime=total,9910847,3779240,159466,48242,0.23225874785756928,159466,48242,9921555,3768532
Switzerland,2021-12-15,13482379,13690087,0,https://www.covid19.admin.ch/en/overview?ovTime=total,9751381,3730998,-159466,-48242,0.23225874785756928,0,0,9921555,3768532
Switzerland,2021-12-16,13843738,13843738,153651,https://www.covid19.admin.ch/en/overview?ovTime=total,10038650,3805088,287269,74090,0.20503156141122816,122148,31503,10043703,3800035
Switzerland,2021-12-17,13915729,13915729,71991,https://www.covid19.admin.ch/en/overview?ovTime=total,10096669,3819060,58019,13972,0.19407981553249712,58019,13972,10101722,3814007
Switzerland,2021-12-18,13915729,13915729,0,https://www.covid19.admin.ch/en/overview?ovTime=total,10096669,3819060,0,0,0.19407981553249712,0,0,10101722,3814007
Switzerland,2021-12-19,13915729,13915729,0,https://www.covid19.admin.ch/en/overview?ovTime=total,10096669,3819060,0,0,0.19407981553249712,0,0,10101722,3814007
Switzerland,2021-12-20,13915729,13915729,0,https://www.covid19.admin.ch/en/overview?ovTime=total,10096669,3819060,0,0,0.19407981553249712,0,0,10101722,3814007
Switzerland,2021-12-21,14123609,14123609,207880,https://www.covid19.admin.ch/en/overview?ovTime=total,10250569,3873040,153900,53980,0.2596690398306715,153900,53980,10255622,3867987
Switzerland,2021-12-22,14194602,14194602,70993,https://www.covid19.admin.ch/en/overview?ovTime=total,10308263,3886339,57694,13299,0.1873283281450284,57694,13299,10313316,3881286
Switzerland,2021-12-23,14267622,14267622,73020,https://www.covid19.admin.ch/en/overview?ovTime=total,10366640,3900982,58377,14643,0.2005341002465078,58377,14643,10371693,3895929
Switzerland,2021-12-24,14267622,14267622,0,https://www.covid19.admin.ch/en/overview?ovTime=total,10366640,3900982,0,0,0.2005341002465078,0,0,10371693,3895929
Switzerland,2021-12-25,14267622,14267622,0,https://www.covid19.admin.ch/en/overview?ovTime=total,10366640,3900982,0,0,0.2005341002465078,0,0,10371693,3895929
Switzerland,2021-12-26,14267622,14267622,0,https://www.covid19.admin.ch/en/overview?ovTime=total,10366640,3900982,0,0,0.2005341002465078,0,0,10371693,3895929
Switzerland,2021-12-27,14267622,14267622,0,https://www.covid19.admin.ch/en/overview?ovTime=total,10366640,3900982,0,0,0.2005341002465078,0,0,10371693,3895929
Switzerland,2021-12-28,14267622,14267622,0,https://www.covid19.admin.ch/en/overview?ovTime=total,10366640,3900982,0,0,0.2005341002465078,0,0,10371693,3895929
Switzerland,2021-12-29,14267622,14267622,0,https://www.covid19.admin.ch/en/overview?ovTime=total,10366640,3900982,0,0,0.2005341002465078,0,0,10371693,3895929
Switzerland,2021-12-30,14267622,14267622,0,https://www.covid19.admin.ch/en/overview?ovTime=total,10366640,3900982,0,0,0.2005341002465078,0,0,10371693,3895929
Switzerland,2021-12-31,14267622,14267622,0,https://www.covid19.admin.ch/en/overview?ovTime=total,10366640,3900982,0,0,0.2005341002465078,0,0,10371693,3895929
Switzerland,2022-01-01,14267622,14267622,0,https://www.covid19.admin.ch/en/overview?ovTime=total,10366640,3900982,0,0,0.2005341002465078,0,0,10371693,3895929
Switzerland,2022-01-02,14267622,14267622,0,https://www.covid19.admin.ch/en/overview?ovTime=total,10366640,3900982,0,0,0.2005341002465078,0,0,10371693,3895929
Switzerland,2022-01-03,14267622,14267622,0,https://www.covid19.admin.ch/en/overview?ovTime=total,10366640,3900982,0,0,0.2005341002465078,0,0,10371693,3895929
Switzerland,2022-01-04,14267622,14267622,0,https://www.covid19.admin.ch/en/overview?ovTime=total,10366640,3900982,0,0,0.2005341002465078,0,0,10371693,3895929
Switzerland,2022-01-05,14267622,14267622,0,https://www.covid19.admin.ch/en/overview?ovTime=total,10366640,3900982,0,0,0.2005341002465078,0,0,10371693,3895929
Switzerland,2022-01-06,15134537,15134537,866915,https://www.covid19.admin.ch/en/overview?ovTime=total,11032148,4102389,665508,201407,0.23232612193813695,665508,201407,11037201,4097336
Switzerland,2022-01-07,15134537,15134537,0,https://www.covid19.admin.ch/en/overview?ovTime=total,11032148,4102389,0,0,0.23232612193813695,0,0,11037201,4097336
Switzerland,2022-01-08,15229894,15229894,95357,https://www.covid19.admin.ch/en/overview?ovTime=total,11111776,4118118,79628,15729,0.16494856172069172,79628,15729,11116829,4113065
Switzerland,2022-01-09,15229894,15229894,0,https://www.covid19.admin.ch/en/overview?ovTime=total,11111776,4118118,0,0,0.16494856172069172,0,0,11116829,4113065
Switzerland,2022-01-10,15451583,15451583,221689,https://www.covid19.admin.ch/en/overview?ovTime=total,11291468,4160115,179692,41997,0.18944106383266648,179692,41997,11296521,4155062
Switzerland,2022-01-11,15451583,15451583,0,https://www.covid19.admin.ch/en/overview?ovTime=total,11291468,4160115,0,0,0.18944106383266648,0,0,11296521,4155062
Switzerland,2022-01-12,15451583,15451583,0,https://www.covid19.admin.ch/en/overview?ovTime=total,11291468,4160115,0,0,0.18944106383266648,0,0,11296521,4155062
Switzerland,2022-01-13,15451583,15451583,0,https://www.covid19.admin.ch/en/overview?ovTime=total,11291468,4160115,0,0,0.18944106383266648,0,0,11296521,4155062
Switzerland,2022-01-14,15832276,15832276,380693,https://www.covid19.admin.ch/en/overview?ovTime=total,11608223,4224053,316755,63938,0.16795160404840645,316755,63938,11613276,4219000
Switzerland,2022-01-15,15832276,15832276,0,https://www.covid19.admin.ch/en/overview?ovTime=total,11608223,4224053,0,0,0.16795160404840645,0,0,11613276,4219000
Switzerland,2022-01-16,15832276,15832276,0,https://www.covid19.admin.ch/en/overview?ovTime=total,11608223,4224053,0,0,0.16795160404840645,0,0,11613276,4219000
Switzerland,2022-01-17,16051466,16051466,219190,https://www.covid19.admin.ch/en/overview?ovTime=total,11787422,4264044,179199,39991,0.18244901683470963,179199,39991,11792475,4258991
Switzerland,2022-01-18,16051466,16051466,0,https://www.covid19.admin.ch/en/overview?ovTime=total,11787422,4264044,0,0,0.18244901683470963,0,0,11792475,4258991
Switzerland,2022-01-19,16051466,16051466,0,https://www.covid19.admin.ch/en/overview?ovTime=total,11787422,4264044,0,0,0.18244901683470963,0,0,11792475,4258991
Switzerland,2022-01-20,16341549,16341549,290083,https://www.covid19.admin.ch/en/overview?ovTime=total,12026854,4314695,239432,50651,0.17460864649083194,239432,50651,12031907,4309642
Switzerland,2022-01-21,16453469,16453469,111920,https://www.covid19.admin.ch/en/overview?ovTime=total,12123203,4330266,96349,15571,0.13912616154395996,96349,15571,12128256,4325213
Switzerland,2022-01-22,16453469,16453469,0,https://www.covid19.admin.ch/en/overview?ovTime=total,12123203,4330266,0,0,0.13912616154395996,0,0,12128256,4325213
Switzerland,2022-01-23,16453469,16453469,0,https://www.covid19.admin.ch/en/overview?ovTime=total,12123203,4330266,0,0,0.13912616154395996,0,0,12128256,4325213
Switzerland,2022-01-24,16453469,16453469,0,https://www.covid19.admin.ch/en/overview?ovTime=total,12123203,4330266,0,0,0.13912616154395996,0,0,12128256,4325213
Switzerland,2022-01-25,16766073,16766073,312604,https://www.covid19.admin.ch/en/overview?ovTime=total,12395000,4371073,271797,40807,0.1305389566352318,271797,40807,12400053,4366020
Switzerland,2022-01-26,16766073,16766073,0,https://www.covid19.admin.ch/en/overview?ovTime=total,12395000,4371073,0,0,0.1305389566352318,0,0,12400053,4366020
Switzerland,2022-01-27,17043543,17043543,277470,https://www.covid19.admin.ch/en/overview?ovTime=total,12614914,4428629,219914,57556,0.20743143402890402,219914,57556,12619967,4423576
Switzerland,2022-01-28,17157999,17157999,114456,https://www.covid19.admin.ch/en/overview?ovTime=total,12711567,4446432,96653,17803,0.1555444887118194,96653,17803,12716620,4441379
Switzerland,2022-01-29,17157999,17157999,0,https://www.covid19.admin.ch/en/overview?ovTime=total,12711567,4446432,0,0,0.1555444887118194,0,0,12716620,4441379
Switzerland,2022-01-30,17157999,17157999,0,https://www.covid19.admin.ch/en/overview?ovTime=total,12711567,4446432,0,0,0.1555444887118194,0,0,12716620,4441379
Switzerland,2022-01-31,17415322,17415322,257323,https://www.covid19.admin.ch/en/overview?ovTime=total,12920727,4494595,209160,48163,0.18716943296945862,209160,48163,12925780,4489542
Switzerland,2022-02-01,17504003,17504003,88681,https://www.covid19.admin.ch/en/overview?ovTime=total,12988970,4515033,68243,20438,0.2304665035351428,68243,20438,12994023,4509980
Switzerland,2022-02-02,17415322,17504003,0,https://www.covid19.admin.ch/en/overview?ovTime=total,12920727,4494595,-68243,-20438,0.2304665035351428,0,0,12994023,4509980
Switzerland,2022-02-03,17720648,17504003,0,https://www.covid19.admin.ch/en/overview?ovTime=total,13171809,4548839,251082,54244,0.1776592887602104,0,0,12994023,4509980
Switzerland,2022-02-04,17819425,17504003,0,https://www.covid19.admin.ch/en/overview?ovTime=total,13256207,4563218,84398,14379,0.14557032507567552,0,0,12994023,4509980
Switzerland,2022-02-05,17819425,17504003,0,https://www.covid19.admin.ch/en/overview?ovTime=total,13256207,4563218,0,0,0.14557032507567552,0,0,12994023,4509980
Switzerland,2022-02-06,17819425,17504003,0,https://www.covid19.admin.ch/en/overview?ovTime=total,13256207,4563218,0,0,0.14557032507567552,0,0,12994023,4509980
Switzerland,2022-02-07,18003879,17504003,0,https://www.covid19.admin.ch/en/overview?ovTime=total,13399520,4604359,143313,41141,0.22304205926680906,0,0,12994023,4509980
